timestamp docsize shelfsize copies lifem simlength seed lost docstotal docsokay docsrepairedmajority docsrepairedminority docslost auditcycles auditfrequency auditsegments auditrepairs auditmajority auditminority auditlost glitchfreq glitchimpact glitchdecay glitchmaxlife nglitches walltime cputime logfilename logfilesize instructionfilename todaysdatetime extractorversion mongoid
20150619_171959 5 1 1 30 100000 919028296 169 10000 9831 0 0 169 0 0 0 0 0 0 0 0 100 0 0 0 1.893 0.312 ../q3/./log/doc5cop1shlf1lif30_af0s1tTOTAL_gf0i100d0m0_seed919028296.log 91335 q3-extractinstructions.txt 20150619_172007 0.5 5582f88c776839292828b05d
20150619_172004 5 1 1 30 100000 103765041 163 10000 9837 0 0 163 0 0 0 0 0 0 0 0 100 0 0 0 1.879 0.265 ../q3/./log/doc5cop1shlf1lif30_af0s1tTOTAL_gf0i100d0m0_seed103765041.log 87249 q3-extractinstructions.txt 20150619_172012 0.5 5582f88c776839292828b05e
20150619_172009 5 1 1 30 100000 141246882 142 10000 9858 0 0 142 0 0 0 0 0 0 0 0 100 0 0 0 1.820 0.249 ../q3/./log/doc5cop1shlf1lif30_af0s1tTOTAL_gf0i100d0m0_seed141246882.log 77393 q3-extractinstructions.txt 20150619_172017 0.5 5582f88c776839292828b05f
20150619_172014 5 1 1 30 100000 681028781 154 10000 9846 0 0 154 0 0 0 0 0 0 0 0 100 0 0 0 1.858 0.296 ../q3/./log/doc5cop1shlf1lif30_af0s1tTOTAL_gf0i100d0m0_seed681028781.log 83594 q3-extractinstructions.txt 20150619_172022 0.5 5582f88c776839292828b060
20150619_172020 5 1 1 30 100000 117661523 158 10000 9842 0 0 158 0 0 0 0 0 0 0 0 100 0 0 0 1.869 0.312 ../q3/./log/doc5cop1shlf1lif30_af0s1tTOTAL_gf0i100d0m0_seed117661523.log 84820 q3-extractinstructions.txt 20150619_172027 0.5 5582f88c776839292828b061
20150619_172025 5 1 1 30 100000 105731136 160 10000 9840 0 0 160 0 0 0 0 0 0 0 0 100 0 0 0 1.861 0.312 ../q3/./log/doc5cop1shlf1lif30_af0s1tTOTAL_gf0i100d0m0_seed105731136.log 85788 q3-extractinstructions.txt 20150619_172032 0.5 5582f88c776839292828b062
20150619_172030 5 1 1 30 100000 967561224 169 10000 9831 0 0 169 0 0 0 0 0 0 0 0 100 0 0 0 1.917 0.359 ../q3/./log/doc5cop1shlf1lif30_af0s1tTOTAL_gf0i100d0m0_seed967561224.log 90186 q3-extractinstructions.txt 20150619_172037 0.5 5582f88c776839292828b063
20150619_172035 5 1 1 30 100000 420477893 167 10000 9833 0 0 167 0 0 0 0 0 0 0 0 100 0 0 0 1.919 0.218 ../q3/./log/doc5cop1shlf1lif30_af0s1tTOTAL_gf0i100d0m0_seed420477893.log 89993 q3-extractinstructions.txt 20150619_172042 0.5 5582f88c776839292828b064
20150619_172040 5 1 1 30 100000 263688301 148 10000 9852 0 0 148 0 0 0 0 0 0 0 0 100 0 0 0 1.871 0.296 ../q3/./log/doc5cop1shlf1lif30_af0s1tTOTAL_gf0i100d0m0_seed263688301.log 79929 q3-extractinstructions.txt 20150619_172048 0.5 5582f88c776839292828b065
20150619_172045 5 1 1 30 100000 50746969 163 10000 9837 0 0 163 0 0 0 0 0 0 0 0 100 0 0 0 1.932 0.344 ../q3/./log/doc5cop1shlf1lif30_af0s1tTOTAL_gf0i100d0m0_seed50746969.log 88602 q3-extractinstructions.txt 20150619_172053 0.5 5582f88c776839292828b066
20150619_172050 5 1 1 30 100000 533657980 179 10000 9821 0 0 179 0 0 0 0 0 0 0 0 100 0 0 0 2.158 0.359 ../q3/./log/doc5cop1shlf1lif30_af0s1tTOTAL_gf0i100d0m0_seed533657980.log 96037 q3-extractinstructions.txt 20150619_172058 0.5 5582f88c776839292828b067
20150619_172055 5 1 1 30 100000 711283608 159 10000 9841 0 0 159 0 0 0 0 0 0 0 0 100 0 0 0 1.917 0.25 ../q3/./log/doc5cop1shlf1lif30_af0s1tTOTAL_gf0i100d0m0_seed711283608.log 85679 q3-extractinstructions.txt 20150619_172103 0.5 5582f88c776839292828b068
20150619_172100 5 1 1 30 100000 597296547 167 10000 9833 0 0 167 0 0 0 0 0 0 0 0 100 0 0 0 1.897 0.28 ../q3/./log/doc5cop1shlf1lif30_af0s1tTOTAL_gf0i100d0m0_seed597296547.log 89199 q3-extractinstructions.txt 20150619_172108 0.5 5582f88c776839292828b069
20150619_172105 5 1 1 30 100000 664375964 170 10000 9830 0 0 170 0 0 0 0 0 0 0 0 100 0 0 0 1.900 0.281 ../q3/./log/doc5cop1shlf1lif30_af0s1tTOTAL_gf0i100d0m0_seed664375964.log 90858 q3-extractinstructions.txt 20150619_172113 0.5 5582f88c776839292828b06a
20150619_172111 5 1 1 30 100000 258760793 181 10000 9819 0 0 181 0 0 0 0 0 0 0 0 100 0 0 0 1.924 0.312 ../q3/./log/doc5cop1shlf1lif30_af0s1tTOTAL_gf0i100d0m0_seed258760793.log 95642 q3-extractinstructions.txt 20150619_172118 0.5 5582f88c776839292828b06b
20150619_172116 5 1 1 30 100000 666549275 178 10000 9822 0 0 178 0 0 0 0 0 0 0 0 100 0 0 0 1.939 0.312 ../q3/./log/doc5cop1shlf1lif30_af0s1tTOTAL_gf0i100d0m0_seed666549275.log 94779 q3-extractinstructions.txt 20150619_172123 0.5 5582f88c776839292828b06c
20150619_172121 5 1 1 30 100000 376517787 149 10000 9851 0 0 149 0 0 0 0 0 0 0 0 100 0 0 0 1.843 0.234 ../q3/./log/doc5cop1shlf1lif30_af0s1tTOTAL_gf0i100d0m0_seed376517787.log 80650 q3-extractinstructions.txt 20150619_172128 0.5 5582f88c776839292828b06d
20150619_172126 5 1 1 30 100000 817713633 150 10000 9850 0 0 150 0 0 0 0 0 0 0 0 100 0 0 0 1.868 0.312 ../q3/./log/doc5cop1shlf1lif30_af0s1tTOTAL_gf0i100d0m0_seed817713633.log 81689 q3-extractinstructions.txt 20150619_172134 0.5 5582f88c776839292828b06e
20150619_172131 5 1 1 30 100000 519606501 141 10000 9859 0 0 141 0 0 0 0 0 0 0 0 100 0 0 0 1.786 0.312 ../q3/./log/doc5cop1shlf1lif30_af0s1tTOTAL_gf0i100d0m0_seed519606501.log 76683 q3-extractinstructions.txt 20150619_172139 0.5 5582f88c776839292828b06f
20150619_172136 5 1 1 30 100000 715258232 154 10000 9846 0 0 154 0 0 0 0 0 0 0 0 100 0 0 0 1.859 0.234 ../q3/./log/doc5cop1shlf1lif30_af0s1tTOTAL_gf0i100d0m0_seed715258232.log 82922 q3-extractinstructions.txt 20150619_172144 0.5 5582f88c776839292828b070
20150619_172141 5 1 1 30 100000 792850679 170 10000 9830 0 0 170 0 0 0 0 0 0 0 0 100 0 0 0 1.933 0.234 ../q3/./log/doc5cop1shlf1lif30_af0s1tTOTAL_gf0i100d0m0_seed792850679.log 90869 q3-extractinstructions.txt 20150619_172149 0.5 5582f88c776839292828b071
20150619_172334 5 1 1 300 100000 919028296 16 10000 9984 0 0 16 0 0 0 0 0 0 0 0 100 0 0 0 1.351 0.032 ../q3/./log/doc5cop1shlf1lif300_af0s1tTOTAL_gf0i100d0m0_seed919028296.log 17410 q3-extractinstructions.txt 20150619_172340 0.5 5582f88c776839292828b255
20150619_172339 5 1 1 300 100000 103765041 22 10000 9978 0 0 22 0 0 0 0 0 0 0 0 100 0 0 0 1.373 0.032 ../q3/./log/doc5cop1shlf1lif300_af0s1tTOTAL_gf0i100d0m0_seed103765041.log 20339 q3-extractinstructions.txt 20150619_172345 0.5 5582f88c776839292828b256
20150619_172344 5 1 1 300 100000 141246882 9 10000 9991 0 0 9 0 0 0 0 0 0 0 0 100 0 0 0 1.350 0.015 ../q3/./log/doc5cop1shlf1lif300_af0s1tTOTAL_gf0i100d0m0_seed141246882.log 13991 q3-extractinstructions.txt 20150619_172351 0.5 5582f88c776839292828b257
20150619_172757 5 1 1 300 100000 681028781 17 10000 9983 0 0 17 0 0 0 0 0 0 0 0 100 0 0 0 1.421 0.031 ../q3/./log/doc5cop1shlf1lif300_af0s1tTOTAL_gf0i100d0m0_seed681028781.log 17889 q3-extractinstructions.txt 20150619_172804 0.5 5582f88c776839292828b258
20150619_172759 5 1 1 300 100000 117661523 27 10000 9973 0 0 27 0 0 0 0 0 0 0 0 100 0 0 0 1.434 0.031 ../q3/./log/doc5cop1shlf1lif300_af0s1tTOTAL_gf0i100d0m0_seed117661523.log 22581 q3-extractinstructions.txt 20150619_172806 0.5 5582f88c776839292828b259
20150619_172801 5 1 1 300 100000 105731136 18 10000 9982 0 0 18 0 0 0 0 0 0 0 0 100 0 0 0 1.391 0.047 ../q3/./log/doc5cop1shlf1lif300_af0s1tTOTAL_gf0i100d0m0_seed105731136.log 18393 q3-extractinstructions.txt 20150619_172808 0.5 5582f88c776839292828b25a
20150619_172803 5 1 1 300 100000 967561224 10 10000 9990 0 0 10 0 0 0 0 0 0 0 0 100 0 0 0 1.430 0.047 ../q3/./log/doc5cop1shlf1lif300_af0s1tTOTAL_gf0i100d0m0_seed967561224.log 14490 q3-extractinstructions.txt 20150619_172811 0.5 5582f88c776839292828b25b
20150619_172805 5 1 1 300 100000 420477893 16 10000 9984 0 0 16 0 0 0 0 0 0 0 0 100 0 0 0 1.447 0.031 ../q3/./log/doc5cop1shlf1lif300_af0s1tTOTAL_gf0i100d0m0_seed420477893.log 17216 q3-extractinstructions.txt 20150619_172812 0.5 5582f88c776839292828b25c
20150619_172807 5 1 1 300 100000 263688301 12 10000 9988 0 0 12 0 0 0 0 0 0 0 0 100 0 0 0 1.408 0.016 ../q3/./log/doc5cop1shlf1lif300_af0s1tTOTAL_gf0i100d0m0_seed263688301.log 15272 q3-extractinstructions.txt 20150619_172814 0.5 5582f88c776839292828b25d
20150619_172810 5 1 1 300 100000 50746969 12 10000 9988 0 0 12 0 0 0 0 0 0 0 0 100 0 0 0 1.454 0.031 ../q3/./log/doc5cop1shlf1lif300_af0s1tTOTAL_gf0i100d0m0_seed50746969.log 15462 q3-extractinstructions.txt 20150619_172817 0.5 5582f88c776839292828b25e
20150619_172812 5 1 1 300 100000 533657980 23 10000 9977 0 0 23 0 0 0 0 0 0 0 0 100 0 0 0 1.482 0.016 ../q3/./log/doc5cop1shlf1lif300_af0s1tTOTAL_gf0i100d0m0_seed533657980.log 20821 q3-extractinstructions.txt 20150619_172819 0.5 5582f88c776839292828b25f
20150619_172814 5 1 1 300 100000 711283608 11 10000 9989 0 0 11 0 0 0 0 0 0 0 0 100 0 0 0 1.407 0.031 ../q3/./log/doc5cop1shlf1lif300_af0s1tTOTAL_gf0i100d0m0_seed711283608.log 14784 q3-extractinstructions.txt 20150619_172821 0.5 5582f88c776839292828b260
20150619_172816 5 1 1 300 100000 597296547 11 10000 9989 0 0 11 0 0 0 0 0 0 0 0 100 0 0 0 1.448 0.032 ../q3/./log/doc5cop1shlf1lif300_af0s1tTOTAL_gf0i100d0m0_seed597296547.log 14974 q3-extractinstructions.txt 20150619_172823 0.5 5582f88c776839292828b261
20150619_172818 5 1 1 300 100000 664375964 20 10000 9980 0 0 20 0 0 0 0 0 0 0 0 100 0 0 0 1.441 0.015 ../q3/./log/doc5cop1shlf1lif300_af0s1tTOTAL_gf0i100d0m0_seed664375964.log 18782 q3-extractinstructions.txt 20150619_172825 0.5 5582f88c776839292828b262
20150619_172820 5 1 1 300 100000 258760793 24 10000 9976 0 0 24 0 0 0 0 0 0 0 0 100 0 0 0 1.449 0.047 ../q3/./log/doc5cop1shlf1lif300_af0s1tTOTAL_gf0i100d0m0_seed258760793.log 21105 q3-extractinstructions.txt 20150619_172827 0.5 5582f88c776839292828b263
20150619_172822 5 1 1 300 100000 666549275 16 10000 9984 0 0 16 0 0 0 0 0 0 0 0 100 0 0 0 1.456 0.03 ../q3/./log/doc5cop1shlf1lif300_af0s1tTOTAL_gf0i100d0m0_seed666549275.log 17415 q3-extractinstructions.txt 20150619_172829 0.5 5582f88c776839292828b264
20150619_172825 5 1 1 300 100000 376517787 10 10000 9990 0 0 10 0 0 0 0 0 0 0 0 100 0 0 0 1.397 0.016 ../q3/./log/doc5cop1shlf1lif300_af0s1tTOTAL_gf0i100d0m0_seed376517787.log 14486 q3-extractinstructions.txt 20150619_172832 0.5 5582f88c776839292828b265
20150619_172826 5 1 1 300 100000 817713633 13 10000 9987 0 0 13 0 0 0 0 0 0 0 0 100 0 0 0 1.571 0.032 ../q3/./log/doc5cop1shlf1lif300_af0s1tTOTAL_gf0i100d0m0_seed817713633.log 15658 q3-extractinstructions.txt 20150619_172834 0.5 5582f88c776839292828b266
20150619_172829 5 1 1 300 100000 519606501 13 10000 9987 0 0 13 0 0 0 0 0 0 0 0 100 0 0 0 1.416 0.0 ../q3/./log/doc5cop1shlf1lif300_af0s1tTOTAL_gf0i100d0m0_seed519606501.log 15849 q3-extractinstructions.txt 20150619_172836 0.5 5582f88c776839292828b267
20150619_172831 5 1 1 300 100000 715258232 17 10000 9983 0 0 17 0 0 0 0 0 0 0 0 100 0 0 0 1.422 0.031 ../q3/./log/doc5cop1shlf1lif300_af0s1tTOTAL_gf0i100d0m0_seed715258232.log 17590 q3-extractinstructions.txt 20150619_172838 0.5 5582f88c776839292828b268
20150619_172833 5 1 1 300 100000 792850679 12 10000 9988 0 0 12 0 0 0 0 0 0 0 0 100 0 0 0 1.380 0.031 ../q3/./log/doc5cop1shlf1lif300_af0s1tTOTAL_gf0i100d0m0_seed792850679.log 15275 q3-extractinstructions.txt 20150619_172840 0.5 5582f88c776839292828b269
20150619_173028 5 10 1 30 100000 919028296 165 10000 9835 0 0 165 0 0 0 0 0 0 0 0 100 0 0 0 5.012 2.418 ../q3/./log/doc5cop1shlf10lif30_af0s1tTOTAL_gf0i100d0m0_seed919028296.log 90176 q3-extractinstructions.txt 20150619_173039 0.5 5582f9ea776839292835fa5d
20150619_173030 5 10 1 30 100000 103765041 162 10000 9838 0 0 162 0 0 0 0 0 0 0 0 100 0 0 0 4.448 2.168 ../q3/./log/doc5cop1shlf10lif30_af0s1tTOTAL_gf0i100d0m0_seed103765041.log 88947 q3-extractinstructions.txt 20150619_173040 0.5 5582f9ea776839292835fa5e
20150619_173040 5 10 1 30 100000 141246882 150 10000 9850 0 0 150 0 0 0 0 0 0 0 0 100 0 0 0 3.949 1.934 ../q3/./log/doc5cop1shlf10lif30_af0s1tTOTAL_gf0i100d0m0_seed141246882.log 83052 q3-extractinstructions.txt 20150619_173050 0.5 5582f9ea776839292835fa5f
20150619_173042 5 10 1 30 100000 681028781 186 10000 9814 0 0 186 0 0 0 0 0 0 0 0 100 0 0 0 4.355 2.231 ../q3/./log/doc5cop1shlf10lif30_af0s1tTOTAL_gf0i100d0m0_seed681028781.log 100305 q3-extractinstructions.txt 20150619_173053 0.5 5582f9ea776839292835fa60
20150619_173044 5 10 1 30 100000 117661523 145 10000 9855 0 0 145 0 0 0 0 0 0 0 0 100 0 0 0 4.119 2.138 ../q3/./log/doc5cop1shlf10lif30_af0s1tTOTAL_gf0i100d0m0_seed117661523.log 80443 q3-extractinstructions.txt 20150619_173055 0.5 5582f9ea776839292835fa61
20150619_173047 5 10 1 30 100000 105731136 156 10000 9844 0 0 156 0 0 0 0 0 0 0 0 100 0 0 0 4.174 2.074 ../q3/./log/doc5cop1shlf10lif30_af0s1tTOTAL_gf0i100d0m0_seed105731136.log 85809 q3-extractinstructions.txt 20150619_173057 0.5 5582f9ea776839292835fa62
20150619_173049 5 10 1 30 100000 967561224 162 10000 9838 0 0 162 0 0 0 0 0 0 0 0 100 0 0 0 4.169 2.105 ../q3/./log/doc5cop1shlf10lif30_af0s1tTOTAL_gf0i100d0m0_seed967561224.log 88714 q3-extractinstructions.txt 20150619_173059 0.5 5582f9ea776839292835fa63
20150619_173051 5 10 1 30 100000 420477893 162 10000 9838 0 0 162 0 0 0 0 0 0 0 0 100 0 0 0 4.202 2.121 ../q3/./log/doc5cop1shlf10lif30_af0s1tTOTAL_gf0i100d0m0_seed420477893.log 88759 q3-extractinstructions.txt 20150619_173101 0.5 5582f9ea776839292835fa64
20150619_173053 5 10 1 30 100000 263688301 154 10000 9846 0 0 154 0 0 0 0 0 0 0 0 100 0 0 0 4.070 2.107 ../q3/./log/doc5cop1shlf10lif30_af0s1tTOTAL_gf0i100d0m0_seed263688301.log 85012 q3-extractinstructions.txt 20150619_173103 0.5 5582f9ea776839292835fa65
20150619_173055 5 10 1 30 100000 50746969 194 10000 9806 0 0 194 0 0 0 0 0 0 0 0 100 0 0 0 4.355 2.231 ../q3/./log/doc5cop1shlf10lif30_af0s1tTOTAL_gf0i100d0m0_seed50746969.log 104387 q3-extractinstructions.txt 20150619_173106 0.5 5582f9ea776839292835fa66
20150619_173057 5 10 1 30 100000 533657980 154 10000 9846 0 0 154 0 0 0 0 0 0 0 0 100 0 0 0 4.285 2.231 ../q3/./log/doc5cop1shlf10lif30_af0s1tTOTAL_gf0i100d0m0_seed533657980.log 84820 q3-extractinstructions.txt 20150619_173108 0.5 5582f9ea776839292835fa67
20150619_173100 5 10 1 30 100000 711283608 174 10000 9826 0 0 174 0 0 0 0 0 0 0 0 100 0 0 0 4.343 2.122 ../q3/./log/doc5cop1shlf10lif30_af0s1tTOTAL_gf0i100d0m0_seed711283608.log 94784 q3-extractinstructions.txt 20150619_173110 0.5 5582f9ea776839292835fa68
20150619_173102 5 10 1 30 100000 597296547 178 10000 9822 0 0 178 0 0 0 0 0 0 0 0 100 0 0 0 4.298 2.122 ../q3/./log/doc5cop1shlf10lif30_af0s1tTOTAL_gf0i100d0m0_seed597296547.log 96381 q3-extractinstructions.txt 20150619_173112 0.5 5582f9ea776839292835fa69
20150619_173104 5 10 1 30 100000 664375964 170 10000 9830 0 0 170 0 0 0 0 0 0 0 0 100 0 0 0 4.342 2.293 ../q3/./log/doc5cop1shlf10lif30_af0s1tTOTAL_gf0i100d0m0_seed664375964.log 92651 q3-extractinstructions.txt 20150619_173115 0.5 5582f9ea776839292835fa6a
20150619_173106 5 10 1 30 100000 258760793 169 10000 9831 0 0 169 0 0 0 0 0 0 0 0 100 0 0 0 4.262 2.184 ../q3/./log/doc5cop1shlf10lif30_af0s1tTOTAL_gf0i100d0m0_seed258760793.log 92347 q3-extractinstructions.txt 20150619_173117 0.5 5582f9ea776839292835fa6b
20150619_173108 5 10 1 30 100000 666549275 149 10000 9851 0 0 149 0 0 0 0 0 0 0 0 100 0 0 0 4.300 2.231 ../q3/./log/doc5cop1shlf10lif30_af0s1tTOTAL_gf0i100d0m0_seed666549275.log 82599 q3-extractinstructions.txt 20150619_173119 0.5 5582f9ea776839292835fa6c
20150619_173110 5 10 1 30 100000 376517787 145 10000 9855 0 0 145 0 0 0 0 0 0 0 0 100 0 0 0 4.264 2.152 ../q3/./log/doc5cop1shlf10lif30_af0s1tTOTAL_gf0i100d0m0_seed376517787.log 80581 q3-extractinstructions.txt 20150619_173121 0.5 5582f9ea776839292835fa6d
20150619_173113 5 10 1 30 100000 817713633 152 10000 9848 0 0 152 0 0 0 0 0 0 0 0 100 0 0 0 4.450 2.325 ../q3/./log/doc5cop1shlf10lif30_af0s1tTOTAL_gf0i100d0m0_seed817713633.log 83473 q3-extractinstructions.txt 20150619_173123 0.5 5582f9ea776839292835fa6e
20150619_173115 5 10 1 30 100000 519606501 160 10000 9840 0 0 160 0 0 0 0 0 0 0 0 100 0 0 0 4.432 2.278 ../q3/./log/doc5cop1shlf10lif30_af0s1tTOTAL_gf0i100d0m0_seed519606501.log 87933 q3-extractinstructions.txt 20150619_173125 0.5 5582f9ea776839292835fa6f
20150619_173117 5 10 1 30 100000 715258232 189 10000 9811 0 0 189 0 0 0 0 0 0 0 0 100 0 0 0 4.526 2.309 ../q3/./log/doc5cop1shlf10lif30_af0s1tTOTAL_gf0i100d0m0_seed715258232.log 101917 q3-extractinstructions.txt 20150619_173128 0.5 5582f9ea776839292835fa70
20150619_173119 5 10 1 30 100000 792850679 153 10000 9847 0 0 153 0 0 0 0 0 0 0 0 100 0 0 0 4.400 2.074 ../q3/./log/doc5cop1shlf10lif30_af0s1tTOTAL_gf0i100d0m0_seed792850679.log 84513 q3-extractinstructions.txt 20150619_173130 0.5 5582f9ea776839292835fa71
20150619_173206 5 10 1 300 100000 919028296 21 10000 9979 0 0 21 0 0 0 0 0 0 0 0 100 0 0 0 1.760 0.203 ../q3/./log/doc5cop1shlf10lif300_af0s1tTOTAL_gf0i100d0m0_seed919028296.log 19951 q3-extractinstructions.txt 20150619_173213 0.5 5582f9ea776839292835fc55
20150619_173208 5 10 1 300 100000 103765041 15 10000 9985 0 0 15 0 0 0 0 0 0 0 0 100 0 0 0 1.643 0.203 ../q3/./log/doc5cop1shlf10lif300_af0s1tTOTAL_gf0i100d0m0_seed103765041.log 17004 q3-extractinstructions.txt 20150619_173215 0.5 5582f9ea776839292835fc56
20150619_173210 5 10 1 300 100000 141246882 14 10000 9986 0 0 14 0 0 0 0 0 0 0 0 100 0 0 0 1.615 0.218 ../q3/./log/doc5cop1shlf10lif300_af0s1tTOTAL_gf0i100d0m0_seed141246882.log 16520 q3-extractinstructions.txt 20150619_173217 0.5 5582f9ea776839292835fc57
20150619_173212 5 10 1 300 100000 681028781 24 10000 9976 0 0 24 0 0 0 0 0 0 0 0 100 0 0 0 1.701 0.234 ../q3/./log/doc5cop1shlf10lif300_af0s1tTOTAL_gf0i100d0m0_seed681028781.log 21413 q3-extractinstructions.txt 20150619_173219 0.5 5582f9ea776839292835fc58
20150619_173214 5 10 1 300 100000 117661523 13 10000 9987 0 0 13 0 0 0 0 0 0 0 0 100 0 0 0 1.673 0.188 ../q3/./log/doc5cop1shlf10lif300_af0s1tTOTAL_gf0i100d0m0_seed117661523.log 16034 q3-extractinstructions.txt 20150619_173221 0.5 5582f9ea776839292835fc59
20150619_173216 5 10 1 300 100000 105731136 16 10000 9984 0 0 16 0 0 0 0 0 0 0 0 100 0 0 0 1.680 0.203 ../q3/./log/doc5cop1shlf10lif300_af0s1tTOTAL_gf0i100d0m0_seed105731136.log 17498 q3-extractinstructions.txt 20150619_173224 0.5 5582f9ea776839292835fc5a
20150619_173218 5 10 1 300 100000 967561224 13 10000 9987 0 0 13 0 0 0 0 0 0 0 0 100 0 0 0 1.656 0.187 ../q3/./log/doc5cop1shlf10lif300_af0s1tTOTAL_gf0i100d0m0_seed967561224.log 15831 q3-extractinstructions.txt 20150619_173226 0.5 5582f9ea776839292835fc5b
20150619_173220 5 10 1 300 100000 420477893 13 10000 9987 0 0 13 0 0 0 0 0 0 0 0 100 0 0 0 1.622 0.187 ../q3/./log/doc5cop1shlf10lif300_af0s1tTOTAL_gf0i100d0m0_seed420477893.log 16034 q3-extractinstructions.txt 20150619_173228 0.5 5582f9ea776839292835fc5c
20150619_173223 5 10 1 300 100000 263688301 15 10000 9985 0 0 15 0 0 0 0 0 0 0 0 100 0 0 0 1.608 0.203 ../q3/./log/doc5cop1shlf10lif300_af0s1tTOTAL_gf0i100d0m0_seed263688301.log 17005 q3-extractinstructions.txt 20150619_173230 0.5 5582f9ea776839292835fc5d
20150619_173225 5 10 1 300 100000 50746969 18 10000 9982 0 0 18 0 0 0 0 0 0 0 0 100 0 0 0 1.647 0.187 ../q3/./log/doc5cop1shlf10lif300_af0s1tTOTAL_gf0i100d0m0_seed50746969.log 18481 q3-extractinstructions.txt 20150619_173232 0.5 5582f9eb776839292835fc5e
20150619_173227 5 10 1 300 100000 533657980 16 10000 9984 0 0 16 0 0 0 0 0 0 0 0 100 0 0 0 1.617 0.187 ../q3/./log/doc5cop1shlf10lif300_af0s1tTOTAL_gf0i100d0m0_seed533657980.log 17508 q3-extractinstructions.txt 20150619_173234 0.5 5582f9eb776839292835fc5f
20150619_173229 5 10 1 300 100000 711283608 16 10000 9984 0 0 16 0 0 0 0 0 0 0 0 100 0 0 0 1.591 0.203 ../q3/./log/doc5cop1shlf10lif300_af0s1tTOTAL_gf0i100d0m0_seed711283608.log 17493 q3-extractinstructions.txt 20150619_173236 0.5 5582f9eb776839292835fc60
20150619_173231 5 10 1 300 100000 597296547 19 10000 9981 0 0 19 0 0 0 0 0 0 0 0 100 0 0 0 1.589 0.188 ../q3/./log/doc5cop1shlf10lif300_af0s1tTOTAL_gf0i100d0m0_seed597296547.log 18773 q3-extractinstructions.txt 20150619_173238 0.5 5582f9eb776839292835fc61
20150619_173233 5 10 1 300 100000 664375964 19 10000 9981 0 0 19 0 0 0 0 0 0 0 0 100 0 0 0 1.580 0.203 ../q3/./log/doc5cop1shlf10lif300_af0s1tTOTAL_gf0i100d0m0_seed664375964.log 18971 q3-extractinstructions.txt 20150619_173240 0.5 5582f9eb776839292835fc62
20150619_173235 5 10 1 300 100000 258760793 22 10000 9978 0 0 22 0 0 0 0 0 0 0 0 100 0 0 0 1.640 0.203 ../q3/./log/doc5cop1shlf10lif300_af0s1tTOTAL_gf0i100d0m0_seed258760793.log 20431 q3-extractinstructions.txt 20150619_173243 0.5 5582f9eb776839292835fc63
20150619_173238 5 10 1 300 100000 666549275 16 10000 9984 0 0 16 0 0 0 0 0 0 0 0 100 0 0 0 1.614 0.187 ../q3/./log/doc5cop1shlf10lif300_af0s1tTOTAL_gf0i100d0m0_seed666549275.log 17507 q3-extractinstructions.txt 20150619_173245 0.5 5582f9eb776839292835fc64
20150619_173240 5 10 1 300 100000 376517787 8 10000 9992 0 0 8 0 0 0 0 0 0 0 0 100 0 0 0 1.603 0.187 ../q3/./log/doc5cop1shlf10lif300_af0s1tTOTAL_gf0i100d0m0_seed376517787.log 13588 q3-extractinstructions.txt 20150619_173247 0.5 5582f9eb776839292835fc65
20150619_173242 5 10 1 300 100000 817713633 13 10000 9987 0 0 13 0 0 0 0 0 0 0 0 100 0 0 0 1.638 0.219 ../q3/./log/doc5cop1shlf10lif300_af0s1tTOTAL_gf0i100d0m0_seed817713633.log 16032 q3-extractinstructions.txt 20150619_173249 0.5 5582f9eb776839292835fc66
20150619_173244 5 10 1 300 100000 519606501 17 10000 9983 0 0 17 0 0 0 0 0 0 0 0 100 0 0 0 1.627 0.218 ../q3/./log/doc5cop1shlf10lif300_af0s1tTOTAL_gf0i100d0m0_seed519606501.log 17973 q3-extractinstructions.txt 20150619_173251 0.5 5582f9eb776839292835fc67
20150619_173246 5 10 1 300 100000 715258232 23 10000 9977 0 0 23 0 0 0 0 0 0 0 0 100 0 0 0 1.603 0.202 ../q3/./log/doc5cop1shlf10lif300_af0s1tTOTAL_gf0i100d0m0_seed715258232.log 20818 q3-extractinstructions.txt 20150619_173253 0.5 5582f9eb776839292835fc68
20150619_173248 5 10 1 300 100000 792850679 17 10000 9983 0 0 17 0 0 0 0 0 0 0 0 100 0 0 0 1.589 0.187 ../q3/./log/doc5cop1shlf10lif300_af0s1tTOTAL_gf0i100d0m0_seed792850679.log 17998 q3-extractinstructions.txt 20150619_173256 0.5 5582f9eb776839292835fc69
20150619_173501 50 1 1 30 100000 919028296 1567 10000 8433 0 0 1567 0 0 0 0 0 0 0 0 100 0 0 0 9.078 1.249 ../q3/./log/doc50cop1shlf1lif30_af0s1tTOTAL_gf0i100d0m0_seed919028296.log 636009 q3-extractinstructions.txt 20150619_173519 0.5 5582fb4b776839292843445d
20150619_173503 50 1 1 30 100000 103765041 1533 10000 8467 0 0 1533 0 0 0 0 0 0 0 0 100 0 0 0 8.407 1.092 ../q3/./log/doc50cop1shlf1lif30_af0s1tTOTAL_gf0i100d0m0_seed103765041.log 621063 q3-extractinstructions.txt 20150619_173521 0.5 5582fb4b776839292843445e
20150619_173515 50 1 1 30 100000 141246882 1515 10000 8485 0 0 1515 0 0 0 0 0 0 0 0 100 0 0 0 7.925 1.061 ../q3/./log/doc50cop1shlf1lif30_af0s1tTOTAL_gf0i100d0m0_seed141246882.log 616710 q3-extractinstructions.txt 20150619_173531 0.5 5582fb4b776839292843445f
20150619_173518 50 1 1 30 100000 681028781 1574 10000 8426 0 0 1574 0 0 0 0 0 0 0 0 100 0 0 0 8.452 1.076 ../q3/./log/doc50cop1shlf1lif30_af0s1tTOTAL_gf0i100d0m0_seed681028781.log 640090 q3-extractinstructions.txt 20150619_173535 0.5 5582fb4b7768392928434460
20150619_173529 50 1 1 30 100000 117661523 1513 10000 8487 0 0 1513 0 0 0 0 0 0 0 0 100 0 0 0 6.306 1.076 ../q3/./log/doc50cop1shlf1lif30_af0s1tTOTAL_gf0i100d0m0_seed117661523.log 611336 q3-extractinstructions.txt 20150619_173545 0.5 5582fb4b7768392928434461
20150619_173532 50 1 1 30 100000 105731136 1474 10000 8526 0 0 1474 0 0 0 0 0 0 0 0 100 0 0 0 6.272 1.123 ../q3/./log/doc50cop1shlf1lif30_af0s1tTOTAL_gf0i100d0m0_seed105731136.log 600127 q3-extractinstructions.txt 20150619_173547 0.5 5582fb4b7768392928434462
20150619_173534 50 1 1 30 100000 967561224 1518 10000 8482 0 0 1518 0 0 0 0 0 0 0 0 100 0 0 0 6.101 0.936 ../q3/./log/doc50cop1shlf1lif30_af0s1tTOTAL_gf0i100d0m0_seed967561224.log 617133 q3-extractinstructions.txt 20150619_173549 0.5 5582fb4b7768392928434463
20150619_173536 50 1 1 30 100000 420477893 1533 10000 8467 0 0 1533 0 0 0 0 0 0 0 0 100 0 0 0 6.162 1.108 ../q3/./log/doc50cop1shlf1lif30_af0s1tTOTAL_gf0i100d0m0_seed420477893.log 628794 q3-extractinstructions.txt 20150619_173551 0.5 5582fb4b7768392928434464
20150619_173538 50 1 1 30 100000 263688301 1502 10000 8498 0 0 1502 0 0 0 0 0 0 0 0 100 0 0 0 7.303 1.201 ../q3/./log/doc50cop1shlf1lif30_af0s1tTOTAL_gf0i100d0m0_seed263688301.log 611766 q3-extractinstructions.txt 20150619_173555 0.5 5582fb4b7768392928434465
20150619_173540 50 1 1 30 100000 50746969 1541 10000 8459 0 0 1541 0 0 0 0 0 0 0 0 100 0 0 0 8.191 1.013 ../q3/./log/doc50cop1shlf1lif30_af0s1tTOTAL_gf0i100d0m0_seed50746969.log 620721 q3-extractinstructions.txt 20150619_173557 0.5 5582fb4b7768392928434466
20150619_173542 50 1 1 30 100000 533657980 1565 10000 8435 0 0 1565 0 0 0 0 0 0 0 0 100 0 0 0 8.626 1.342 ../q3/./log/doc50cop1shlf1lif30_af0s1tTOTAL_gf0i100d0m0_seed533657980.log 638971 q3-extractinstructions.txt 20150619_173559 0.5 5582fb4b7768392928434467
20150619_173545 50 1 1 30 100000 711283608 1507 10000 8493 0 0 1507 0 0 0 0 0 0 0 0 100 0 0 0 8.221 0.999 ../q3/./log/doc50cop1shlf1lif30_af0s1tTOTAL_gf0i100d0m0_seed711283608.log 618051 q3-extractinstructions.txt 20150619_173602 0.5 5582fb4b7768392928434468
20150619_173547 50 1 1 30 100000 597296547 1498 10000 8502 0 0 1498 0 0 0 0 0 0 0 0 100 0 0 0 7.744 1.107 ../q3/./log/doc50cop1shlf1lif30_af0s1tTOTAL_gf0i100d0m0_seed597296547.log 607907 q3-extractinstructions.txt 20150619_173604 0.5 5582fb4b7768392928434469
20150619_173550 50 1 1 30 100000 664375964 1533 10000 8467 0 0 1533 0 0 0 0 0 0 0 0 100 0 0 0 7.326 0.968 ../q3/./log/doc50cop1shlf1lif30_af0s1tTOTAL_gf0i100d0m0_seed664375964.log 622609 q3-extractinstructions.txt 20150619_173606 0.5 5582fb4b776839292843446a
20150619_173552 50 1 1 30 100000 258760793 1567 10000 8433 0 0 1567 0 0 0 0 0 0 0 0 100 0 0 0 6.961 1.265 ../q3/./log/doc50cop1shlf1lif30_af0s1tTOTAL_gf0i100d0m0_seed258760793.log 634527 q3-extractinstructions.txt 20150619_173607 0.5 5582fb4b776839292843446b
20150619_173603 50 1 1 30 100000 666549275 1584 10000 8416 0 0 1584 0 0 0 0 0 0 0 0 100 0 0 0 7.160 1.249 ../q3/./log/doc50cop1shlf1lif30_af0s1tTOTAL_gf0i100d0m0_seed666549275.log 638148 q3-extractinstructions.txt 20150619_173619 0.5 5582fb4b776839292843446c
20150619_173606 50 1 1 30 100000 376517787 1525 10000 8475 0 0 1525 0 0 0 0 0 0 0 0 100 0 0 0 6.140 1.31 ../q3/./log/doc50cop1shlf1lif30_af0s1tTOTAL_gf0i100d0m0_seed376517787.log 615518 q3-extractinstructions.txt 20150619_173621 0.5 5582fb4b776839292843446d
20150619_173608 50 1 1 30 100000 817713633 1526 10000 8474 0 0 1526 0 0 0 0 0 0 0 0 100 0 0 0 6.016 1.171 ../q3/./log/doc50cop1shlf1lif30_af0s1tTOTAL_gf0i100d0m0_seed817713633.log 622070 q3-extractinstructions.txt 20150619_173623 0.5 5582fb4b776839292843446e
20150619_173610 50 1 1 30 100000 519606501 1566 10000 8434 0 0 1566 0 0 0 0 0 0 0 0 100 0 0 0 5.985 1.31 ../q3/./log/doc50cop1shlf1lif30_af0s1tTOTAL_gf0i100d0m0_seed519606501.log 630895 q3-extractinstructions.txt 20150619_173625 0.5 5582fb4b776839292843446f
20150619_173612 50 1 1 30 100000 715258232 1543 10000 8457 0 0 1543 0 0 0 0 0 0 0 0 100 0 0 0 6.675 0.983 ../q3/./log/doc50cop1shlf1lif30_af0s1tTOTAL_gf0i100d0m0_seed715258232.log 624646 q3-extractinstructions.txt 20150619_173627 0.5 5582fb4b7768392928434470
20150619_173614 50 1 1 30 100000 792850679 1554 10000 8446 0 0 1554 0 0 0 0 0 0 0 0 100 0 0 0 7.704 0.982 ../q3/./log/doc50cop1shlf1lif30_af0s1tTOTAL_gf0i100d0m0_seed792850679.log 627176 q3-extractinstructions.txt 20150619_173630 0.5 5582fb4b7768392928434471
20150619_173711 50 1 1 300 100000 919028296 166 10000 9834 0 0 166 0 0 0 0 0 0 0 0 100 0 0 0 1.980 0.079 ../q3/./log/doc50cop1shlf1lif300_af0s1tTOTAL_gf0i100d0m0_seed919028296.log 73922 q3-extractinstructions.txt 20150619_173719 0.5 5582fb4b7768392928434655
20150619_173713 50 1 1 300 100000 103765041 176 10000 9824 0 0 176 0 0 0 0 0 0 0 0 100 0 0 0 1.997 0.124 ../q3/./log/doc50cop1shlf1lif300_af0s1tTOTAL_gf0i100d0m0_seed103765041.log 78209 q3-extractinstructions.txt 20150619_173721 0.5 5582fb4b7768392928434656
20150619_173715 50 1 1 300 100000 141246882 171 10000 9829 0 0 171 0 0 0 0 0 0 0 0 100 0 0 0 1.930 0.109 ../q3/./log/doc50cop1shlf1lif300_af0s1tTOTAL_gf0i100d0m0_seed141246882.log 75048 q3-extractinstructions.txt 20150619_173723 0.5 5582fb4b7768392928434657
20150619_173718 50 1 1 300 100000 681028781 162 10000 9838 0 0 162 0 0 0 0 0 0 0 0 100 0 0 0 1.953 0.093 ../q3/./log/doc50cop1shlf1lif300_af0s1tTOTAL_gf0i100d0m0_seed681028781.log 73691 q3-extractinstructions.txt 20150619_173726 0.5 5582fb4b7768392928434658
20150619_173720 50 1 1 300 100000 117661523 158 10000 9842 0 0 158 0 0 0 0 0 0 0 0 100 0 0 0 1.902 0.125 ../q3/./log/doc50cop1shlf1lif300_af0s1tTOTAL_gf0i100d0m0_seed117661523.log 73437 q3-extractinstructions.txt 20150619_173728 0.5 5582fb4b7768392928434659
20150619_173722 50 1 1 300 100000 105731136 172 10000 9828 0 0 172 0 0 0 0 0 0 0 0 100 0 0 0 1.938 0.155 ../q3/./log/doc50cop1shlf1lif300_af0s1tTOTAL_gf0i100d0m0_seed105731136.log 75984 q3-extractinstructions.txt 20150619_173730 0.5 5582fb4b776839292843465a
20150619_173724 50 1 1 300 100000 967561224 189 10000 9811 0 0 189 0 0 0 0 0 0 0 0 100 0 0 0 1.997 0.172 ../q3/./log/doc50cop1shlf1lif300_af0s1tTOTAL_gf0i100d0m0_seed967561224.log 82596 q3-extractinstructions.txt 20150619_173732 0.5 5582fb4b776839292843465b
20150619_173726 50 1 1 300 100000 420477893 166 10000 9834 0 0 166 0 0 0 0 0 0 0 0 100 0 0 0 1.962 0.109 ../q3/./log/doc50cop1shlf1lif300_af0s1tTOTAL_gf0i100d0m0_seed420477893.log 75374 q3-extractinstructions.txt 20150619_173734 0.5 5582fb4b776839292843465c
20150619_173728 50 1 1 300 100000 263688301 162 10000 9838 0 0 162 0 0 0 0 0 0 0 0 100 0 0 0 1.889 0.125 ../q3/./log/doc50cop1shlf1lif300_af0s1tTOTAL_gf0i100d0m0_seed263688301.log 73243 q3-extractinstructions.txt 20150619_173736 0.5 5582fb4b776839292843465d
20150619_173730 50 1 1 300 100000 50746969 158 10000 9842 0 0 158 0 0 0 0 0 0 0 0 100 0 0 0 1.855 0.094 ../q3/./log/doc50cop1shlf1lif300_af0s1tTOTAL_gf0i100d0m0_seed50746969.log 71383 q3-extractinstructions.txt 20150619_173738 0.5 5582fb4b776839292843465e
20150619_173733 50 1 1 300 100000 533657980 174 10000 9826 0 0 174 0 0 0 0 0 0 0 0 100 0 0 0 1.929 0.078 ../q3/./log/doc50cop1shlf1lif300_af0s1tTOTAL_gf0i100d0m0_seed533657980.log 79539 q3-extractinstructions.txt 20150619_173741 0.5 5582fb4b776839292843465f
20150619_173735 50 1 1 300 100000 711283608 151 10000 9849 0 0 151 0 0 0 0 0 0 0 0 100 0 0 0 1.846 0.125 ../q3/./log/doc50cop1shlf1lif300_af0s1tTOTAL_gf0i100d0m0_seed711283608.log 69124 q3-extractinstructions.txt 20150619_173743 0.5 5582fb4b7768392928434660
20150619_173737 50 1 1 300 100000 597296547 169 10000 9831 0 0 169 0 0 0 0 0 0 0 0 100 0 0 0 1.852 0.078 ../q3/./log/doc50cop1shlf1lif300_af0s1tTOTAL_gf0i100d0m0_seed597296547.log 75031 q3-extractinstructions.txt 20150619_173745 0.5 5582fb4b7768392928434661
20150619_173739 50 1 1 300 100000 664375964 165 10000 9835 0 0 165 0 0 0 0 0 0 0 0 100 0 0 0 1.916 0.156 ../q3/./log/doc50cop1shlf1lif300_af0s1tTOTAL_gf0i100d0m0_seed664375964.log 74286 q3-extractinstructions.txt 20150619_173747 0.5 5582fb4b7768392928434662
20150619_173741 50 1 1 300 100000 258760793 174 10000 9826 0 0 174 0 0 0 0 0 0 0 0 100 0 0 0 1.904 0.109 ../q3/./log/doc50cop1shlf1lif300_af0s1tTOTAL_gf0i100d0m0_seed258760793.log 77879 q3-extractinstructions.txt 20150619_173749 0.5 5582fb4b7768392928434663
20150619_173743 50 1 1 300 100000 666549275 166 10000 9834 0 0 166 0 0 0 0 0 0 0 0 100 0 0 0 1.853 0.077 ../q3/./log/doc50cop1shlf1lif300_af0s1tTOTAL_gf0i100d0m0_seed666549275.log 75181 q3-extractinstructions.txt 20150619_173751 0.5 5582fb4b7768392928434664
20150619_173746 50 1 1 300 100000 376517787 142 10000 9858 0 0 142 0 0 0 0 0 0 0 0 100 0 0 0 1.825 0.062 ../q3/./log/doc50cop1shlf1lif300_af0s1tTOTAL_gf0i100d0m0_seed376517787.log 65592 q3-extractinstructions.txt 20150619_173753 0.5 5582fb4b7768392928434665
20150619_173748 50 1 1 300 100000 817713633 145 10000 9855 0 0 145 0 0 0 0 0 0 0 0 100 0 0 0 1.871 0.078 ../q3/./log/doc50cop1shlf1lif300_af0s1tTOTAL_gf0i100d0m0_seed817713633.log 69942 q3-extractinstructions.txt 20150619_173756 0.5 5582fb4b7768392928434666
20150619_173750 50 1 1 300 100000 519606501 164 10000 9836 0 0 164 0 0 0 0 0 0 0 0 100 0 0 0 1.860 0.109 ../q3/./log/doc50cop1shlf1lif300_af0s1tTOTAL_gf0i100d0m0_seed519606501.log 73833 q3-extractinstructions.txt 20150619_173758 0.5 5582fb4b7768392928434667
20150619_173752 50 1 1 300 100000 715258232 144 10000 9856 0 0 144 0 0 0 0 0 0 0 0 100 0 0 0 1.827 0.108 ../q3/./log/doc50cop1shlf1lif300_af0s1tTOTAL_gf0i100d0m0_seed715258232.log 67680 q3-extractinstructions.txt 20150619_173800 0.5 5582fb4b7768392928434668
20150619_173754 50 1 1 300 100000 792850679 172 10000 9828 0 0 172 0 0 0 0 0 0 0 0 100 0 0 0 1.882 0.14 ../q3/./log/doc50cop1shlf1lif300_af0s1tTOTAL_gf0i100d0m0_seed792850679.log 76497 q3-extractinstructions.txt 20150619_173802 0.5 5582fb4b7768392928434669
20150619_174048 50 10 1 30 100000 919028296 1513 10000 8487 0 0 1513 0 0 0 0 0 0 0 0 100 0 0 0 14.590 4.072 ../q3/./log/doc50cop1shlf10lif30_af0s1tTOTAL_gf0i100d0m0_seed919028296.log 738613 q3-extractinstructions.txt 20150619_174112 0.5 5582fcab7768392928508e5d
20150619_174050 50 10 1 30 100000 103765041 1552 10000 8448 0 0 1552 0 0 0 0 0 0 0 0 100 0 0 0 14.733 4.118 ../q3/./log/doc50cop1shlf10lif30_af0s1tTOTAL_gf0i100d0m0_seed103765041.log 753480 q3-extractinstructions.txt 20150619_174114 0.5 5582fcab7768392928508e5e
20150619_174052 50 10 1 30 100000 141246882 1524 10000 8476 0 0 1524 0 0 0 0 0 0 0 0 100 0 0 0 14.155 4.086 ../q3/./log/doc50cop1shlf10lif30_af0s1tTOTAL_gf0i100d0m0_seed141246882.log 742925 q3-extractinstructions.txt 20150619_174116 0.5 5582fcab7768392928508e5f
20150619_174055 50 10 1 30 100000 681028781 1546 10000 8454 0 0 1546 0 0 0 0 0 0 0 0 100 0 0 0 12.733 3.978 ../q3/./log/doc50cop1shlf10lif30_af0s1tTOTAL_gf0i100d0m0_seed681028781.log 753423 q3-extractinstructions.txt 20150619_174117 0.5 5582fcab7768392928508e60
20150619_174106 50 10 1 30 100000 117661523 1542 10000 8458 0 0 1542 0 0 0 0 0 0 0 0 100 0 0 0 10.710 3.932 ../q3/./log/doc50cop1shlf10lif30_af0s1tTOTAL_gf0i100d0m0_seed117661523.log 748734 q3-extractinstructions.txt 20150619_174128 0.5 5582fcab7768392928508e61
20150619_174108 50 10 1 30 100000 105731136 1535 10000 8465 0 0 1535 0 0 0 0 0 0 0 0 100 0 0 0 9.933 3.681 ../q3/./log/doc50cop1shlf10lif30_af0s1tTOTAL_gf0i100d0m0_seed105731136.log 746766 q3-extractinstructions.txt 20150619_174129 0.5 5582fcab7768392928508e62
20150619_174120 50 10 1 30 100000 967561224 1489 10000 8511 0 0 1489 0 0 0 0 0 0 0 0 100 0 0 0 11.896 3.542 ../q3/./log/doc50cop1shlf10lif30_af0s1tTOTAL_gf0i100d0m0_seed967561224.log 723019 q3-extractinstructions.txt 20150619_174141 0.5 5582fcab7768392928508e63
20150619_174124 50 10 1 30 100000 420477893 1552 10000 8448 0 0 1552 0 0 0 0 0 0 0 0 100 0 0 0 10.873 3.307 ../q3/./log/doc50cop1shlf10lif30_af0s1tTOTAL_gf0i100d0m0_seed420477893.log 757036 q3-extractinstructions.txt 20150619_174145 0.5 5582fcab7768392928508e64
20150619_174126 50 10 1 30 100000 263688301 1550 10000 8450 0 0 1550 0 0 0 0 0 0 0 0 100 0 0 0 9.510 3.478 ../q3/./log/doc50cop1shlf10lif30_af0s1tTOTAL_gf0i100d0m0_seed263688301.log 750793 q3-extractinstructions.txt 20150619_174146 0.5 5582fcab7768392928508e65
20150619_174128 50 10 1 30 100000 50746969 1526 10000 8474 0 0 1526 0 0 0 0 0 0 0 0 100 0 0 0 8.792 3.276 ../q3/./log/doc50cop1shlf10lif30_af0s1tTOTAL_gf0i100d0m0_seed50746969.log 746106 q3-extractinstructions.txt 20150619_174147 0.5 5582fcab7768392928508e66
20150619_174139 50 10 1 30 100000 533657980 1562 10000 8438 0 0 1562 0 0 0 0 0 0 0 0 100 0 0 0 12.693 3.479 ../q3/./log/doc50cop1shlf10lif30_af0s1tTOTAL_gf0i100d0m0_seed533657980.log 758806 q3-extractinstructions.txt 20150619_174201 0.5 5582fcab7768392928508e67
20150619_174142 50 10 1 30 100000 711283608 1592 10000 8408 0 0 1592 0 0 0 0 0 0 0 0 100 0 0 0 12.092 3.386 ../q3/./log/doc50cop1shlf10lif30_af0s1tTOTAL_gf0i100d0m0_seed711283608.log 772827 q3-extractinstructions.txt 20150619_174203 0.5 5582fcab7768392928508e68
20150619_174145 50 10 1 30 100000 597296547 1537 10000 8463 0 0 1537 0 0 0 0 0 0 0 0 100 0 0 0 10.101 3.308 ../q3/./log/doc50cop1shlf10lif30_af0s1tTOTAL_gf0i100d0m0_seed597296547.log 748649 q3-extractinstructions.txt 20150619_174204 0.5 5582fcab7768392928508e69
20150619_174147 50 10 1 30 100000 664375964 1559 10000 8441 0 0 1559 0 0 0 0 0 0 0 0 100 0 0 0 9.850 3.542 ../q3/./log/doc50cop1shlf10lif30_af0s1tTOTAL_gf0i100d0m0_seed664375964.log 761138 q3-extractinstructions.txt 20150619_174206 0.5 5582fcab7768392928508e6a
20150619_174149 50 10 1 30 100000 258760793 1558 10000 8442 0 0 1558 0 0 0 0 0 0 0 0 100 0 0 0 9.307 3.385 ../q3/./log/doc50cop1shlf10lif30_af0s1tTOTAL_gf0i100d0m0_seed258760793.log 753539 q3-extractinstructions.txt 20150619_174208 0.5 5582fcab7768392928508e6b
20150619_174150 50 10 1 30 100000 666549275 1572 10000 8428 0 0 1572 0 0 0 0 0 0 0 0 100 0 0 0 8.996 3.199 ../q3/./log/doc50cop1shlf10lif30_af0s1tTOTAL_gf0i100d0m0_seed666549275.log 766619 q3-extractinstructions.txt 20150619_174209 0.5 5582fcab7768392928508e6c
20150619_174203 50 10 1 30 100000 376517787 1493 10000 8507 0 0 1493 0 0 0 0 0 0 0 0 100 0 0 0 12.175 3.51 ../q3/./log/doc50cop1shlf10lif30_af0s1tTOTAL_gf0i100d0m0_seed376517787.log 726417 q3-extractinstructions.txt 20150619_174224 0.5 5582fcab7768392928508e6d
20150619_174205 50 10 1 30 100000 817713633 1478 10000 8522 0 0 1478 0 0 0 0 0 0 0 0 100 0 0 0 11.550 3.323 ../q3/./log/doc50cop1shlf10lif30_af0s1tTOTAL_gf0i100d0m0_seed817713633.log 719171 q3-extractinstructions.txt 20150619_174226 0.5 5582fcab7768392928508e6e
20150619_174208 50 10 1 30 100000 519606501 1562 10000 8438 0 0 1562 0 0 0 0 0 0 0 0 100 0 0 0 11.126 3.322 ../q3/./log/doc50cop1shlf10lif30_af0s1tTOTAL_gf0i100d0m0_seed519606501.log 758204 q3-extractinstructions.txt 20150619_174229 0.5 5582fcab7768392928508e6f
20150619_174210 50 10 1 30 100000 715258232 1543 10000 8457 0 0 1543 0 0 0 0 0 0 0 0 100 0 0 0 10.699 3.432 ../q3/./log/doc50cop1shlf10lif30_af0s1tTOTAL_gf0i100d0m0_seed715258232.log 749553 q3-extractinstructions.txt 20150619_174230 0.5 5582fcab7768392928508e70
20150619_174212 50 10 1 30 100000 792850679 1511 10000 8489 0 0 1511 0 0 0 0 0 0 0 0 100 0 0 0 10.827 3.572 ../q3/./log/doc50cop1shlf10lif30_af0s1tTOTAL_gf0i100d0m0_seed792850679.log 735792 q3-extractinstructions.txt 20150619_174232 0.5 5582fcab7768392928508e71
20150619_174309 50 10 1 300 100000 919028296 169 10000 9831 0 0 169 0 0 0 0 0 0 0 0 100 0 0 0 2.450 0.327 ../q3/./log/doc50cop1shlf10lif300_af0s1tTOTAL_gf0i100d0m0_seed919028296.log 91577 q3-extractinstructions.txt 20150619_174318 0.5 5582fcab7768392928509055
20150619_174311 50 10 1 300 100000 103765041 163 10000 9837 0 0 163 0 0 0 0 0 0 0 0 100 0 0 0 2.303 0.327 ../q3/./log/doc50cop1shlf10lif300_af0s1tTOTAL_gf0i100d0m0_seed103765041.log 87485 q3-extractinstructions.txt 20150619_174319 0.5 5582fcab7768392928509056
20150619_174313 50 10 1 300 100000 141246882 143 10000 9857 0 0 143 0 0 0 0 0 0 0 0 100 0 0 0 2.702 0.312 ../q3/./log/doc50cop1shlf10lif300_af0s1tTOTAL_gf0i100d0m0_seed141246882.log 78098 q3-extractinstructions.txt 20150619_174322 0.5 5582fcab7768392928509057
20150619_174316 50 10 1 300 100000 681028781 154 10000 9846 0 0 154 0 0 0 0 0 0 0 0 100 0 0 0 2.452 0.422 ../q3/./log/doc50cop1shlf10lif300_af0s1tTOTAL_gf0i100d0m0_seed681028781.log 83821 q3-extractinstructions.txt 20150619_174324 0.5 5582fcab7768392928509058
20150619_174318 50 10 1 300 100000 117661523 158 10000 9842 0 0 158 0 0 0 0 0 0 0 0 100 0 0 0 2.242 0.203 ../q3/./log/doc50cop1shlf10lif300_af0s1tTOTAL_gf0i100d0m0_seed117661523.log 85051 q3-extractinstructions.txt 20150619_174326 0.5 5582fcab7768392928509059
20150619_174319 50 10 1 300 100000 105731136 161 10000 9839 0 0 161 0 0 0 0 0 0 0 0 100 0 0 0 2.595 0.358 ../q3/./log/doc50cop1shlf10lif300_af0s1tTOTAL_gf0i100d0m0_seed105731136.log 86511 q3-extractinstructions.txt 20150619_174328 0.5 5582fcab776839292850905a
20150619_174322 50 10 1 300 100000 967561224 169 10000 9831 0 0 169 0 0 0 0 0 0 0 0 100 0 0 0 2.534 0.328 ../q3/./log/doc50cop1shlf10lif300_af0s1tTOTAL_gf0i100d0m0_seed967561224.log 90428 q3-extractinstructions.txt 20150619_174331 0.5 5582fcab776839292850905b
20150619_174324 50 10 1 300 100000 420477893 167 10000 9833 0 0 167 0 0 0 0 0 0 0 0 100 0 0 0 2.483 0.359 ../q3/./log/doc50cop1shlf10lif300_af0s1tTOTAL_gf0i100d0m0_seed420477893.log 90233 q3-extractinstructions.txt 20150619_174333 0.5 5582fcab776839292850905c
20150619_174326 50 10 1 300 100000 263688301 148 10000 9852 0 0 148 0 0 0 0 0 0 0 0 100 0 0 0 2.212 0.329 ../q3/./log/doc50cop1shlf10lif300_af0s1tTOTAL_gf0i100d0m0_seed263688301.log 80150 q3-extractinstructions.txt 20150619_174334 0.5 5582fcab776839292850905d
20150619_174328 50 10 1 300 100000 50746969 163 10000 9837 0 0 163 0 0 0 0 0 0 0 0 100 0 0 0 2.217 0.28 ../q3/./log/doc50cop1shlf10lif300_af0s1tTOTAL_gf0i100d0m0_seed50746969.log 88836 q3-extractinstructions.txt 20150619_174337 0.5 5582fcab776839292850905e
20150619_174330 50 10 1 300 100000 533657980 179 10000 9821 0 0 179 0 0 0 0 0 0 0 0 100 0 0 0 2.279 0.297 ../q3/./log/doc50cop1shlf10lif300_af0s1tTOTAL_gf0i100d0m0_seed533657980.log 96289 q3-extractinstructions.txt 20150619_174338 0.5 5582fcab776839292850905f
20150619_174333 50 10 1 300 100000 711283608 159 10000 9841 0 0 159 0 0 0 0 0 0 0 0 100 0 0 0 2.178 0.265 ../q3/./log/doc50cop1shlf10lif300_af0s1tTOTAL_gf0i100d0m0_seed711283608.log 85913 q3-extractinstructions.txt 20150619_174341 0.5 5582fcab7768392928509060
20150619_174335 50 10 1 300 100000 597296547 167 10000 9833 0 0 167 0 0 0 0 0 0 0 0 100 0 0 0 2.144 0.312 ../q3/./log/doc50cop1shlf10lif300_af0s1tTOTAL_gf0i100d0m0_seed597296547.log 89441 q3-extractinstructions.txt 20150619_174343 0.5 5582fcab7768392928509061
20150619_174337 50 10 1 300 100000 664375964 170 10000 9830 0 0 170 0 0 0 0 0 0 0 0 100 0 0 0 2.248 0.358 ../q3/./log/doc50cop1shlf10lif300_af0s1tTOTAL_gf0i100d0m0_seed664375964.log 91101 q3-extractinstructions.txt 20150619_174345 0.5 5582fcab7768392928509062
20150619_174339 50 10 1 300 100000 258760793 181 10000 9819 0 0 181 0 0 0 0 0 0 0 0 100 0 0 0 2.230 0.327 ../q3/./log/doc50cop1shlf10lif300_af0s1tTOTAL_gf0i100d0m0_seed258760793.log 95896 q3-extractinstructions.txt 20150619_174347 0.5 5582fcab7768392928509063
20150619_174341 50 10 1 300 100000 666549275 179 10000 9821 0 0 179 0 0 0 0 0 0 0 0 100 0 0 0 2.229 0.312 ../q3/./log/doc50cop1shlf10lif300_af0s1tTOTAL_gf0i100d0m0_seed666549275.log 95519 q3-extractinstructions.txt 20150619_174349 0.5 5582fcab7768392928509064
20150619_174343 50 10 1 300 100000 376517787 149 10000 9851 0 0 149 0 0 0 0 0 0 0 0 100 0 0 0 2.160 0.25 ../q3/./log/doc50cop1shlf10lif300_af0s1tTOTAL_gf0i100d0m0_seed376517787.log 80870 q3-extractinstructions.txt 20150619_174351 0.5 5582fcab7768392928509065
20150619_174345 50 10 1 300 100000 817713633 151 10000 9849 0 0 151 0 0 0 0 0 0 0 0 100 0 0 0 2.127 0.343 ../q3/./log/doc50cop1shlf10lif300_af0s1tTOTAL_gf0i100d0m0_seed817713633.log 82401 q3-extractinstructions.txt 20150619_174353 0.5 5582fcab7768392928509066
20150619_174347 50 10 1 300 100000 519606501 140 10000 9860 0 0 140 0 0 0 0 0 0 0 0 100 0 0 0 2.011 0.296 ../q3/./log/doc50cop1shlf10lif300_af0s1tTOTAL_gf0i100d0m0_seed519606501.log 76408 q3-extractinstructions.txt 20150619_174355 0.5 5582fcab7768392928509067
20150619_174349 50 10 1 300 100000 715258232 153 10000 9847 0 0 153 0 0 0 0 0 0 0 0 100 0 0 0 2.187 0.281 ../q3/./log/doc50cop1shlf10lif300_af0s1tTOTAL_gf0i100d0m0_seed715258232.log 82853 q3-extractinstructions.txt 20150619_174358 0.5 5582fcab7768392928509068
20150619_174351 50 10 1 300 100000 792850679 170 10000 9830 0 0 170 0 0 0 0 0 0 0 0 100 0 0 0 2.216 0.312 ../q3/./log/doc50cop1shlf10lif300_af0s1tTOTAL_gf0i100d0m0_seed792850679.log 91112 q3-extractinstructions.txt 20150619_174400 0.5 5582fcab7768392928509069
20150619_174735 500 1 1 30 100000 919028296 8108 10000 1892 0 0 8108 0 0 0 0 0 0 0 0 100 0 0 0 32.581 3.791 ../q3/./log/doc500cop1shlf1lif30_af0s1tTOTAL_gf0i100d0m0_seed919028296.log 3056177 q3-extractinstructions.txt 20150619_174831 0.5 5582fe2077683929285dd85d
20150619_174738 500 1 1 30 100000 103765041 8136 10000 1864 0 0 8136 0 0 0 0 0 0 0 0 100 0 0 0 32.311 3.572 ../q3/./log/doc500cop1shlf1lif30_af0s1tTOTAL_gf0i100d0m0_seed103765041.log 3062854 q3-extractinstructions.txt 20150619_174833 0.5 5582fe2077683929285dd85e
20150619_174740 500 1 1 30 100000 141246882 8122 10000 1878 0 0 8122 0 0 0 0 0 0 0 0 100 0 0 0 31.643 3.807 ../q3/./log/doc500cop1shlf1lif30_af0s1tTOTAL_gf0i100d0m0_seed141246882.log 3051282 q3-extractinstructions.txt 20150619_174835 0.5 5582fe2077683929285dd85f
20150619_174743 500 1 1 30 100000 681028781 8196 10000 1804 0 0 8196 0 0 0 0 0 0 0 0 100 0 0 0 31.301 3.556 ../q3/./log/doc500cop1shlf1lif30_af0s1tTOTAL_gf0i100d0m0_seed681028781.log 3080250 q3-extractinstructions.txt 20150619_174837 0.5 5582fe2077683929285dd860
20150619_174804 500 1 1 30 100000 117661523 8115 10000 1885 0 0 8115 0 0 0 0 0 0 0 0 100 0 0 0 35.274 4.445 ../q3/./log/doc500cop1shlf1lif30_af0s1tTOTAL_gf0i100d0m0_seed117661523.log 3056176 q3-extractinstructions.txt 20150619_174900 0.5 5582fe2077683929285dd861
20150619_174806 500 1 1 30 100000 105731136 8143 10000 1857 0 0 8143 0 0 0 0 0 0 0 0 100 0 0 0 35.391 4.133 ../q3/./log/doc500cop1shlf1lif30_af0s1tTOTAL_gf0i100d0m0_seed105731136.log 3058278 q3-extractinstructions.txt 20150619_174902 0.5 5582fe2077683929285dd862
20150619_174809 500 1 1 30 100000 967561224 8112 10000 1888 0 0 8112 0 0 0 0 0 0 0 0 100 0 0 0 34.414 3.775 ../q3/./log/doc500cop1shlf1lif30_af0s1tTOTAL_gf0i100d0m0_seed967561224.log 3047726 q3-extractinstructions.txt 20150619_174904 0.5 5582fe2077683929285dd863
20150619_174841 500 1 1 30 100000 420477893 8110 10000 1890 0 0 8110 0 0 0 0 0 0 0 0 100 0 0 0 31.604 3.526 ../q3/./log/doc500cop1shlf1lif30_af0s1tTOTAL_gf0i100d0m0_seed420477893.log 3064376 q3-extractinstructions.txt 20150619_174935 0.5 5582fe2077683929285dd864
20150619_174843 500 1 1 30 100000 263688301 8104 10000 1896 0 0 8104 0 0 0 0 0 0 0 0 100 0 0 0 31.261 3.245 ../q3/./log/doc500cop1shlf1lif30_af0s1tTOTAL_gf0i100d0m0_seed263688301.log 3048107 q3-extractinstructions.txt 20150619_174937 0.5 5582fe2077683929285dd865
20150619_174845 500 1 1 30 100000 50746969 8081 10000 1919 0 0 8081 0 0 0 0 0 0 0 0 100 0 0 0 31.864 3.416 ../q3/./log/doc500cop1shlf1lif30_af0s1tTOTAL_gf0i100d0m0_seed50746969.log 3050415 q3-extractinstructions.txt 20150619_174940 0.5 5582fe2077683929285dd866
20150619_174847 500 1 1 30 100000 533657980 8158 10000 1842 0 0 8158 0 0 0 0 0 0 0 0 100 0 0 0 32.054 3.276 ../q3/./log/doc500cop1shlf1lif30_af0s1tTOTAL_gf0i100d0m0_seed533657980.log 3064944 q3-extractinstructions.txt 20150619_174943 0.5 5582fe2077683929285dd867
20150619_174850 500 1 1 30 100000 711283608 8113 10000 1887 0 0 8113 0 0 0 0 0 0 0 0 100 0 0 0 30.279 3.572 ../q3/./log/doc500cop1shlf1lif30_af0s1tTOTAL_gf0i100d0m0_seed711283608.log 3050642 q3-extractinstructions.txt 20150619_174944 0.5 5582fe2077683929285dd868
20150619_174903 500 1 1 30 100000 597296547 8093 10000 1907 0 0 8093 0 0 0 0 0 0 0 0 100 0 0 0 24.462 4.211 ../q3/./log/doc500cop1shlf1lif30_af0s1tTOTAL_gf0i100d0m0_seed597296547.log 3053559 q3-extractinstructions.txt 20150619_174948 0.5 5582fe2077683929285dd869
20150619_174914 500 1 1 30 100000 664375964 8147 10000 1853 0 0 8147 0 0 0 0 0 0 0 0 100 0 0 0 27.655 4.93 ../q3/./log/doc500cop1shlf1lif30_af0s1tTOTAL_gf0i100d0m0_seed664375964.log 3075988 q3-extractinstructions.txt 20150619_175003 0.5 5582fe2077683929285dd86a
20150619_174916 500 1 1 30 100000 258760793 8182 10000 1818 0 0 8182 0 0 0 0 0 0 0 0 100 0 0 0 27.708 4.96 ../q3/./log/doc500cop1shlf1lif30_af0s1tTOTAL_gf0i100d0m0_seed258760793.log 3077569 q3-extractinstructions.txt 20150619_175005 0.5 5582fe2077683929285dd86b
20150619_174918 500 1 1 30 100000 666549275 8118 10000 1882 0 0 8118 0 0 0 0 0 0 0 0 100 0 0 0 26.920 5.086 ../q3/./log/doc500cop1shlf1lif30_af0s1tTOTAL_gf0i100d0m0_seed666549275.log 3054023 q3-extractinstructions.txt 20150619_175007 0.5 5582fe2077683929285dd86c
20150619_174951 500 1 1 30 100000 376517787 8168 10000 1832 0 0 8168 0 0 0 0 0 0 0 0 100 0 0 0 29.233 4.18 ../q3/./log/doc500cop1shlf1lif30_af0s1tTOTAL_gf0i100d0m0_seed376517787.log 3072737 q3-extractinstructions.txt 20150619_175044 0.5 5582fe2077683929285dd86d
20150619_174954 500 1 1 30 100000 817713633 8062 10000 1938 0 0 8062 0 0 0 0 0 0 0 0 100 0 0 0 27.907 3.853 ../q3/./log/doc500cop1shlf1lif30_af0s1tTOTAL_gf0i100d0m0_seed817713633.log 3028882 q3-extractinstructions.txt 20150619_175046 0.5 5582fe2077683929285dd86e
20150619_174956 500 1 1 30 100000 519606501 8084 10000 1916 0 0 8084 0 0 0 0 0 0 0 0 100 0 0 0 26.976 3.993 ../q3/./log/doc500cop1shlf1lif30_af0s1tTOTAL_gf0i100d0m0_seed519606501.log 3040897 q3-extractinstructions.txt 20150619_175048 0.5 5582fe2077683929285dd86f
20150619_174958 500 1 1 30 100000 715258232 8134 10000 1866 0 0 8134 0 0 0 0 0 0 0 0 100 0 0 0 26.076 4.243 ../q3/./log/doc500cop1shlf1lif30_af0s1tTOTAL_gf0i100d0m0_seed715258232.log 3054798 q3-extractinstructions.txt 20150619_175049 0.5 5582fe2077683929285dd870
20150619_175000 500 1 1 30 100000 792850679 8145 10000 1855 0 0 8145 0 0 0 0 0 0 0 0 100 0 0 0 25.041 4.274 ../q3/./log/doc500cop1shlf1lif30_af0s1tTOTAL_gf0i100d0m0_seed792850679.log 3064207 q3-extractinstructions.txt 20150619_175050 0.5 5582fe2077683929285dd871
20150619_175159 500 1 1 300 100000 919028296 1543 10000 8457 0 0 1543 0 0 0 0 0 0 0 0 100 0 0 0 5.993 0.686 ../q3/./log/doc500cop1shlf1lif300_af0s1tTOTAL_gf0i100d0m0_seed919028296.log 492774 q3-extractinstructions.txt 20150619_175212 0.5 5582fe2077683929285dda55
20150619_175200 500 1 1 300 100000 103765041 1593 10000 8407 0 0 1593 0 0 0 0 0 0 0 0 100 0 0 0 5.309 0.734 ../q3/./log/doc500cop1shlf1lif300_af0s1tTOTAL_gf0i100d0m0_seed103765041.log 509529 q3-extractinstructions.txt 20150619_175214 0.5 5582fe2077683929285dda56
20150619_175212 500 1 1 300 100000 141246882 1516 10000 8484 0 0 1516 0 0 0 0 0 0 0 0 100 0 0 0 6.492 0.593 ../q3/./log/doc500cop1shlf1lif300_af0s1tTOTAL_gf0i100d0m0_seed141246882.log 489000 q3-extractinstructions.txt 20150619_175227 0.5 5582fe2077683929285dda57
20150619_175214 500 1 1 300 100000 681028781 1516 10000 8484 0 0 1516 0 0 0 0 0 0 0 0 100 0 0 0 6.053 0.483 ../q3/./log/doc500cop1shlf1lif300_af0s1tTOTAL_gf0i100d0m0_seed681028781.log 482918 q3-extractinstructions.txt 20150619_175229 0.5 5582fe2077683929285dda58
20150619_175216 500 1 1 300 100000 117661523 1555 10000 8445 0 0 1555 0 0 0 0 0 0 0 0 100 0 0 0 5.634 0.624 ../q3/./log/doc500cop1shlf1lif300_af0s1tTOTAL_gf0i100d0m0_seed117661523.log 494537 q3-extractinstructions.txt 20150619_175230 0.5 5582fe2077683929285dda59
20150619_175219 500 1 1 300 100000 105731136 1504 10000 8496 0 0 1504 0 0 0 0 0 0 0 0 100 0 0 0 5.026 0.483 ../q3/./log/doc500cop1shlf1lif300_af0s1tTOTAL_gf0i100d0m0_seed105731136.log 481195 q3-extractinstructions.txt 20150619_175232 0.5 5582fe2077683929285dda5a
20150619_175221 500 1 1 300 100000 967561224 1514 10000 8486 0 0 1514 0 0 0 0 0 0 0 0 100 0 0 0 5.008 0.545 ../q3/./log/doc500cop1shlf1lif300_af0s1tTOTAL_gf0i100d0m0_seed967561224.log 484965 q3-extractinstructions.txt 20150619_175234 0.5 5582fe2077683929285dda5b
20150619_175222 500 1 1 300 100000 420477893 1576 10000 8424 0 0 1576 0 0 0 0 0 0 0 0 100 0 0 0 5.645 0.624 ../q3/./log/doc500cop1shlf1lif300_af0s1tTOTAL_gf0i100d0m0_seed420477893.log 505289 q3-extractinstructions.txt 20150619_175236 0.5 5582fe2077683929285dda5c
20150619_175225 500 1 1 300 100000 263688301 1550 10000 8450 0 0 1550 0 0 0 0 0 0 0 0 100 0 0 0 6.298 0.703 ../q3/./log/doc500cop1shlf1lif300_af0s1tTOTAL_gf0i100d0m0_seed263688301.log 497306 q3-extractinstructions.txt 20150619_175239 0.5 5582fe2077683929285dda5d
20150619_175227 500 1 1 300 100000 50746969 1576 10000 8424 0 0 1576 0 0 0 0 0 0 0 0 100 0 0 0 6.782 0.623 ../q3/./log/doc500cop1shlf1lif300_af0s1tTOTAL_gf0i100d0m0_seed50746969.log 503566 q3-extractinstructions.txt 20150619_175242 0.5 5582fe2077683929285dda5e
20150619_175229 500 1 1 300 100000 533657980 1611 10000 8389 0 0 1611 0 0 0 0 0 0 0 0 100 0 0 0 6.802 0.655 ../q3/./log/doc500cop1shlf1lif300_af0s1tTOTAL_gf0i100d0m0_seed533657980.log 510264 q3-extractinstructions.txt 20150619_175244 0.5 5582fe2077683929285dda5f
20150619_175232 500 1 1 300 100000 711283608 1510 10000 8490 0 0 1510 0 0 0 0 0 0 0 0 100 0 0 0 5.807 0.749 ../q3/./log/doc500cop1shlf1lif300_af0s1tTOTAL_gf0i100d0m0_seed711283608.log 485377 q3-extractinstructions.txt 20150619_175245 0.5 5582fe2077683929285dda60
20150619_175234 500 1 1 300 100000 597296547 1572 10000 8428 0 0 1572 0 0 0 0 0 0 0 0 100 0 0 0 4.849 0.531 ../q3/./log/doc500cop1shlf1lif300_af0s1tTOTAL_gf0i100d0m0_seed597296547.log 501572 q3-extractinstructions.txt 20150619_175247 0.5 5582fe2077683929285dda61
20150619_175246 500 1 1 300 100000 664375964 1540 10000 8460 0 0 1540 0 0 0 0 0 0 0 0 100 0 0 0 4.982 0.484 ../q3/./log/doc500cop1shlf1lif300_af0s1tTOTAL_gf0i100d0m0_seed664375964.log 492703 q3-extractinstructions.txt 20150619_175258 0.5 5582fe2077683929285dda62
20150619_175248 500 1 1 300 100000 258760793 1595 10000 8405 0 0 1595 0 0 0 0 0 0 0 0 100 0 0 0 4.985 0.561 ../q3/./log/doc500cop1shlf1lif300_af0s1tTOTAL_gf0i100d0m0_seed258760793.log 506602 q3-extractinstructions.txt 20150619_175301 0.5 5582fe2077683929285dda63
20150619_175250 500 1 1 300 100000 666549275 1513 10000 8487 0 0 1513 0 0 0 0 0 0 0 0 100 0 0 0 4.559 0.624 ../q3/./log/doc500cop1shlf1lif300_af0s1tTOTAL_gf0i100d0m0_seed666549275.log 485006 q3-extractinstructions.txt 20150619_175302 0.5 5582fe2077683929285dda64
20150619_175252 500 1 1 300 100000 376517787 1495 10000 8505 0 0 1495 0 0 0 0 0 0 0 0 100 0 0 0 4.478 0.578 ../q3/./log/doc500cop1shlf1lif300_af0s1tTOTAL_gf0i100d0m0_seed376517787.log 477617 q3-extractinstructions.txt 20150619_175305 0.5 5582fe2077683929285dda65
20150619_175254 500 1 1 300 100000 817713633 1522 10000 8478 0 0 1522 0 0 0 0 0 0 0 0 100 0 0 0 5.133 0.515 ../q3/./log/doc500cop1shlf1lif300_af0s1tTOTAL_gf0i100d0m0_seed817713633.log 484626 q3-extractinstructions.txt 20150619_175308 0.5 5582fe2077683929285dda66
20150619_175256 500 1 1 300 100000 519606501 1513 10000 8487 0 0 1513 0 0 0 0 0 0 0 0 100 0 0 0 6.306 0.671 ../q3/./log/doc500cop1shlf1lif300_af0s1tTOTAL_gf0i100d0m0_seed519606501.log 482750 q3-extractinstructions.txt 20150619_175310 0.5 5582fe2077683929285dda67
20150619_175259 500 1 1 300 100000 715258232 1526 10000 8474 0 0 1526 0 0 0 0 0 0 0 0 100 0 0 0 7.066 0.578 ../q3/./log/doc500cop1shlf1lif300_af0s1tTOTAL_gf0i100d0m0_seed715258232.log 488449 q3-extractinstructions.txt 20150619_175313 0.5 5582fe2077683929285dda68
20150619_175301 500 1 1 300 100000 792850679 1537 10000 8463 0 0 1537 0 0 0 0 0 0 0 0 100 0 0 0 6.457 0.609 ../q3/./log/doc500cop1shlf1lif300_af0s1tTOTAL_gf0i100d0m0_seed792850679.log 490908 q3-extractinstructions.txt 20150619_175315 0.5 5582fe2077683929285dda69
20150619_175724 500 10 1 30 100000 919028296 8102 10000 1898 0 0 8102 0 0 0 0 0 0 0 0 100 0 0 0 32.123 7.441 ../q3/./log/doc500cop1shlf10lif30_af0s1tTOTAL_gf0i100d0m0_seed919028296.log 3519524 q3-extractinstructions.txt 20150619_175822 0.5 5582ff7a77683929286b225d
20150619_175727 500 10 1 30 100000 103765041 8117 10000 1883 0 0 8117 0 0 0 0 0 0 0 0 100 0 0 0 32.669 7.893 ../q3/./log/doc500cop1shlf10lif30_af0s1tTOTAL_gf0i100d0m0_seed103765041.log 3509639 q3-extractinstructions.txt 20150619_175825 0.5 5582ff7a77683929286b225e
20150619_175728 500 10 1 30 100000 141246882 8079 10000 1921 0 0 8079 0 0 0 0 0 0 0 0 100 0 0 0 34.203 7.801 ../q3/./log/doc500cop1shlf10lif30_af0s1tTOTAL_gf0i100d0m0_seed141246882.log 3511083 q3-extractinstructions.txt 20150619_175830 0.5 5582ff7a77683929286b225f
20150619_175802 500 10 1 30 100000 681028781 8149 10000 1851 0 0 8149 0 0 0 0 0 0 0 0 100 0 0 0 46.125 6.678 ../q3/./log/doc500cop1shlf10lif30_af0s1tTOTAL_gf0i100d0m0_seed681028781.log 3531959 q3-extractinstructions.txt 20150619_175913 0.5 5582ff7a77683929286b2260
20150619_175815 500 10 1 30 100000 117661523 8110 10000 1890 0 0 8110 0 0 0 0 0 0 0 0 100 0 0 0 40.855 6.708 ../q3/./log/doc500cop1shlf10lif30_af0s1tTOTAL_gf0i100d0m0_seed117661523.log 3523315 q3-extractinstructions.txt 20150619_175921 0.5 5582ff7a77683929286b2261
20150619_175818 500 10 1 30 100000 105731136 8134 10000 1866 0 0 8134 0 0 0 0 0 0 0 0 100 0 0 0 39.926 6.426 ../q3/./log/doc500cop1shlf10lif30_af0s1tTOTAL_gf0i100d0m0_seed105731136.log 3531520 q3-extractinstructions.txt 20150619_175923 0.5 5582ff7a77683929286b2262
20150619_175829 500 10 1 30 100000 967561224 8083 10000 1917 0 0 8083 0 0 0 0 0 0 0 0 100 0 0 0 33.979 6.942 ../q3/./log/doc500cop1shlf10lif30_af0s1tTOTAL_gf0i100d0m0_seed967561224.log 3513285 q3-extractinstructions.txt 20150619_175929 0.5 5582ff7a77683929286b2263
20150619_175840 500 10 1 30 100000 420477893 8163 10000 1837 0 0 8163 0 0 0 0 0 0 0 0 100 0 0 0 31.468 7.363 ../q3/./log/doc500cop1shlf10lif30_af0s1tTOTAL_gf0i100d0m0_seed420477893.log 3544350 q3-extractinstructions.txt 20150619_175937 0.5 5582ff7a77683929286b2264
20150619_175842 500 10 1 30 100000 263688301 8047 10000 1953 0 0 8047 0 0 0 0 0 0 0 0 100 0 0 0 31.445 7.206 ../q3/./log/doc500cop1shlf10lif30_af0s1tTOTAL_gf0i100d0m0_seed263688301.log 3498075 q3-extractinstructions.txt 20150619_175938 0.5 5582ff7a77683929286b2265
20150619_175844 500 10 1 30 100000 50746969 8131 10000 1869 0 0 8131 0 0 0 0 0 0 0 0 100 0 0 0 31.703 7.847 ../q3/./log/doc500cop1shlf10lif30_af0s1tTOTAL_gf0i100d0m0_seed50746969.log 3512689 q3-extractinstructions.txt 20150619_175940 0.5 5582ff7a77683929286b2266
20150619_175857 500 10 1 30 100000 533657980 8132 10000 1868 0 0 8132 0 0 0 0 0 0 0 0 100 0 0 0 35.795 7.863 ../q3/./log/doc500cop1shlf10lif30_af0s1tTOTAL_gf0i100d0m0_seed533657980.log 3534568 q3-extractinstructions.txt 20150619_175956 0.5 5582ff7a77683929286b2267
20150619_175859 500 10 1 30 100000 711283608 8103 10000 1897 0 0 8103 0 0 0 0 0 0 0 0 100 0 0 0 37.235 7.332 ../q3/./log/doc500cop1shlf10lif30_af0s1tTOTAL_gf0i100d0m0_seed711283608.log 3520267 q3-extractinstructions.txt 20150619_180001 0.5 5582ff7a77683929286b2268
20150619_175931 500 10 1 30 100000 597296547 8090 10000 1910 0 0 8090 0 0 0 0 0 0 0 0 100 0 0 0 37.206 6.911 ../q3/./log/doc500cop1shlf10lif30_af0s1tTOTAL_gf0i100d0m0_seed597296547.log 3494800 q3-extractinstructions.txt 20150619_180034 0.5 5582ff7a77683929286b2269
20150619_175934 500 10 1 30 100000 664375964 8124 10000 1876 0 0 8124 0 0 0 0 0 0 0 0 100 0 0 0 36.609 7.004 ../q3/./log/doc500cop1shlf10lif30_af0s1tTOTAL_gf0i100d0m0_seed664375964.log 3520421 q3-extractinstructions.txt 20150619_180036 0.5 5582ff7a77683929286b226a
20150619_175937 500 10 1 30 100000 258760793 8117 10000 1883 0 0 8117 0 0 0 0 0 0 0 0 100 0 0 0 35.450 7.442 ../q3/./log/doc500cop1shlf10lif30_af0s1tTOTAL_gf0i100d0m0_seed258760793.log 3516643 q3-extractinstructions.txt 20150619_180038 0.5 5582ff7a77683929286b226b
20150619_175948 500 10 1 30 100000 666549275 8084 10000 1916 0 0 8084 0 0 0 0 0 0 0 0 100 0 0 0 32.263 8.034 ../q3/./log/doc500cop1shlf10lif30_af0s1tTOTAL_gf0i100d0m0_seed666549275.log 3499402 q3-extractinstructions.txt 20150619_180046 0.5 5582ff7a77683929286b226c
20150619_175951 500 10 1 30 100000 376517787 8065 10000 1935 0 0 8065 0 0 0 0 0 0 0 0 100 0 0 0 31.898 7.628 ../q3/./log/doc500cop1shlf10lif30_af0s1tTOTAL_gf0i100d0m0_seed376517787.log 3493356 q3-extractinstructions.txt 20150619_180049 0.5 5582ff7a77683929286b226d
20150619_175953 500 10 1 30 100000 817713633 8107 10000 1893 0 0 8107 0 0 0 0 0 0 0 0 100 0 0 0 31.256 8.111 ../q3/./log/doc500cop1shlf10lif30_af0s1tTOTAL_gf0i100d0m0_seed817713633.log 3517169 q3-extractinstructions.txt 20150619_180051 0.5 5582ff7a77683929286b226e
20150619_180004 500 10 1 30 100000 519606501 8089 10000 1911 0 0 8089 0 0 0 0 0 0 0 0 100 0 0 0 33.091 7.004 ../q3/./log/doc500cop1shlf10lif30_af0s1tTOTAL_gf0i100d0m0_seed519606501.log 3501933 q3-extractinstructions.txt 20150619_180106 0.5 5582ff7a77683929286b226f
20150619_180007 500 10 1 30 100000 715258232 8115 10000 1885 0 0 8115 0 0 0 0 0 0 0 0 100 0 0 0 33.752 7.473 ../q3/./log/doc500cop1shlf10lif30_af0s1tTOTAL_gf0i100d0m0_seed715258232.log 3522269 q3-extractinstructions.txt 20150619_180109 0.5 5582ff7a77683929286b2270
20150619_180019 500 10 1 30 100000 792850679 8129 10000 1871 0 0 8129 0 0 0 0 0 0 0 0 100 0 0 0 35.673 8.298 ../q3/./log/doc500cop1shlf10lif30_af0s1tTOTAL_gf0i100d0m0_seed792850679.log 3514894 q3-extractinstructions.txt 20150619_180121 0.5 5582ff7a77683929286b2271
20150619_180227 500 10 1 300 100000 919028296 1568 10000 8432 0 0 1568 0 0 0 0 0 0 0 0 100 0 0 0 7.149 1.124 ../q3/./log/doc500cop1shlf10lif300_af0s1tTOTAL_gf0i100d0m0_seed919028296.log 637946 q3-extractinstructions.txt 20150619_180244 0.5 5582ff7a77683929286b2455
20150619_180239 500 10 1 300 100000 103765041 1531 10000 8469 0 0 1531 0 0 0 0 0 0 0 0 100 0 0 0 6.914 1.185 ../q3/./log/doc500cop1shlf10lif300_af0s1tTOTAL_gf0i100d0m0_seed103765041.log 622075 q3-extractinstructions.txt 20150619_180256 0.5 5582ff7a77683929286b2456
20150619_180242 500 10 1 300 100000 141246882 1512 10000 8488 0 0 1512 0 0 0 0 0 0 0 0 100 0 0 0 6.455 1.045 ../q3/./log/doc500cop1shlf10lif300_af0s1tTOTAL_gf0i100d0m0_seed141246882.log 617407 q3-extractinstructions.txt 20150619_180257 0.5 5582ff7a77683929286b2457
20150619_180244 500 10 1 300 100000 681028781 1572 10000 8428 0 0 1572 0 0 0 0 0 0 0 0 100 0 0 0 6.521 1.388 ../q3/./log/doc500cop1shlf10lif300_af0s1tTOTAL_gf0i100d0m0_seed681028781.log 640757 q3-extractinstructions.txt 20150619_180259 0.5 5582ff7a77683929286b2458
20150619_180246 500 10 1 300 100000 117661523 1511 10000 8489 0 0 1511 0 0 0 0 0 0 0 0 100 0 0 0 6.626 1.248 ../q3/./log/doc500cop1shlf10lif300_af0s1tTOTAL_gf0i100d0m0_seed117661523.log 612332 q3-extractinstructions.txt 20150619_180301 0.5 5582ff7a77683929286b2459
20150619_180248 500 10 1 300 100000 105731136 1475 10000 8525 0 0 1475 0 0 0 0 0 0 0 0 100 0 0 0 7.109 1.482 ../q3/./log/doc500cop1shlf10lif300_af0s1tTOTAL_gf0i100d0m0_seed105731136.log 601778 q3-extractinstructions.txt 20150619_180303 0.5 5582ff7a77683929286b245a
20150619_180250 500 10 1 300 100000 967561224 1516 10000 8484 0 0 1516 0 0 0 0 0 0 0 0 100 0 0 0 7.155 1.373 ../q3/./log/doc500cop1shlf10lif300_af0s1tTOTAL_gf0i100d0m0_seed967561224.log 617937 q3-extractinstructions.txt 20150619_180306 0.5 5582ff7a77683929286b245b
20150619_180252 500 10 1 300 100000 420477893 1534 10000 8466 0 0 1534 0 0 0 0 0 0 0 0 100 0 0 0 6.889 1.311 ../q3/./log/doc500cop1shlf10lif300_af0s1tTOTAL_gf0i100d0m0_seed420477893.log 630890 q3-extractinstructions.txt 20150619_180308 0.5 5582ff7a77683929286b245c
20150619_180254 500 10 1 300 100000 263688301 1503 10000 8497 0 0 1503 0 0 0 0 0 0 0 0 100 0 0 0 6.213 1.169 ../q3/./log/doc500cop1shlf10lif300_af0s1tTOTAL_gf0i100d0m0_seed263688301.log 613638 q3-extractinstructions.txt 20150619_180309 0.5 5582ff7a77683929286b245d
20150619_180306 500 10 1 300 100000 50746969 1542 10000 8458 0 0 1542 0 0 0 0 0 0 0 0 100 0 0 0 5.920 1.185 ../q3/./log/doc500cop1shlf10lif300_af0s1tTOTAL_gf0i100d0m0_seed50746969.log 623022 q3-extractinstructions.txt 20150619_180321 0.5 5582ff7a77683929286b245e
20150619_180308 500 10 1 300 100000 533657980 1564 10000 8436 0 0 1564 0 0 0 0 0 0 0 0 100 0 0 0 5.743 1.232 ../q3/./log/doc500cop1shlf10lif300_af0s1tTOTAL_gf0i100d0m0_seed533657980.log 640121 q3-extractinstructions.txt 20150619_180324 0.5 5582ff7a77683929286b245f
20150619_180310 500 10 1 300 100000 711283608 1503 10000 8497 0 0 1503 0 0 0 0 0 0 0 0 100 0 0 0 5.551 1.138 ../q3/./log/doc500cop1shlf10lif300_af0s1tTOTAL_gf0i100d0m0_seed711283608.log 618250 q3-extractinstructions.txt 20150619_180325 0.5 5582ff7a77683929286b2460
20150619_180313 500 10 1 300 100000 597296547 1500 10000 8500 0 0 1500 0 0 0 0 0 0 0 0 100 0 0 0 5.470 1.14 ../q3/./log/doc500cop1shlf10lif300_af0s1tTOTAL_gf0i100d0m0_seed597296547.log 610263 q3-extractinstructions.txt 20150619_180327 0.5 5582ff7a77683929286b2461
20150619_180315 500 10 1 300 100000 664375964 1535 10000 8465 0 0 1535 0 0 0 0 0 0 0 0 100 0 0 0 5.731 1.108 ../q3/./log/doc500cop1shlf10lif300_af0s1tTOTAL_gf0i100d0m0_seed664375964.log 624809 q3-extractinstructions.txt 20150619_180330 0.5 5582ff7a77683929286b2462
20150619_180317 500 10 1 300 100000 258760793 1568 10000 8432 0 0 1568 0 0 0 0 0 0 0 0 100 0 0 0 6.526 1.45 ../q3/./log/doc500cop1shlf10lif300_af0s1tTOTAL_gf0i100d0m0_seed258760793.log 636462 q3-extractinstructions.txt 20150619_180333 0.5 5582ff7a77683929286b2463
20150619_180319 500 10 1 300 100000 666549275 1582 10000 8418 0 0 1582 0 0 0 0 0 0 0 0 100 0 0 0 6.992 1.342 ../q3/./log/doc500cop1shlf10lif300_af0s1tTOTAL_gf0i100d0m0_seed666549275.log 639404 q3-extractinstructions.txt 20150619_180335 0.5 5582ff7a77683929286b2464
20150619_180321 500 10 1 300 100000 376517787 1528 10000 8472 0 0 1528 0 0 0 0 0 0 0 0 100 0 0 0 6.905 1.201 ../q3/./log/doc500cop1shlf10lif300_af0s1tTOTAL_gf0i100d0m0_seed376517787.log 618202 q3-extractinstructions.txt 20150619_180336 0.5 5582ff7a77683929286b2465
20150619_180323 500 10 1 300 100000 817713633 1524 10000 8476 0 0 1524 0 0 0 0 0 0 0 0 100 0 0 0 6.774 1.311 ../q3/./log/doc500cop1shlf10lif300_af0s1tTOTAL_gf0i100d0m0_seed817713633.log 622689 q3-extractinstructions.txt 20150619_180338 0.5 5582ff7a77683929286b2466
20150619_180326 500 10 1 300 100000 519606501 1564 10000 8436 0 0 1564 0 0 0 0 0 0 0 0 100 0 0 0 6.535 1.451 ../q3/./log/doc500cop1shlf10lif300_af0s1tTOTAL_gf0i100d0m0_seed519606501.log 631942 q3-extractinstructions.txt 20150619_180341 0.5 5582ff7a77683929286b2467
20150619_180328 500 10 1 300 100000 715258232 1545 10000 8455 0 0 1545 0 0 0 0 0 0 0 0 100 0 0 0 6.159 1.264 ../q3/./log/doc500cop1shlf10lif300_af0s1tTOTAL_gf0i100d0m0_seed715258232.log 627241 q3-extractinstructions.txt 20150619_180343 0.5 5582ff7a77683929286b2468
20150619_180340 500 10 1 300 100000 792850679 1555 10000 8445 0 0 1555 0 0 0 0 0 0 0 0 100 0 0 0 5.968 1.185 ../q3/./log/doc500cop1shlf10lif300_af0s1tTOTAL_gf0i100d0m0_seed792850679.log 629293 q3-extractinstructions.txt 20150619_180355 0.5 5582ff7a77683929286b2469
