timestamp docsize shelfsize copies lifem simlength seed lost docstotal docsokay docsrepairedmajority docsrepairedminority docslost auditcycles auditfrequency auditsegments auditrepairs auditmajority auditminority auditlost glitchfreq glitchimpact glitchdecay glitchmaxlife nglitches serverdefaultlife shockfreq shockimpact shockmaxlife shockspan shocktype nshocks deadserversactive deadserversall walltime cputime logfilename logfilesize instructionfilename todaysdatetime extractorversion cpuinfo mongoid
20170731_183230 50 1 1 1000 100000 103765041 10000 10000 0 0 0 10000 9 10000 1 0 0 0 10000 0 0 0 0 0 100000 0 0 0 0 2 0 1 22 3.701 1.922 ../shockspan1/noshocks/log/doc50cop1shlf1lif1000_af10000s1tTOTAL_gf0i0d0m0_sh0i0s0m0_sdl100000_seed103765041.log 12997 hl-extractinstructions.txt 20170731_183241 0.6_20170522 GenuineIntel_fam6mod69step1cor2spd2394.000 ca271fd341a2ea6cfeb1247a902e4a045fcfef13_2
20170731_183234 50 1 1 1000 100000 681028781 10000 10000 0 0 0 10000 9 10000 1 0 0 0 10000 0 0 0 0 0 100000 0 0 0 0 2 0 1 25 2.981 1.609 ../shockspan1/noshocks/log/doc50cop1shlf1lif1000_af10000s1tTOTAL_gf0i0d0m0_sh0i0s0m0_sdl100000_seed681028781.log 13011 hl-extractinstructions.txt 20170731_183245 0.6_20170522 GenuineIntel_fam6mod69step1cor2spd2394.000 ca271fd341a2ea6cfeb1247a902e4a045fcfef13_4
20170731_183231 50 1 1 1000 100000 141246882 10000 10000 0 0 0 10000 9 10000 1 0 0 0 10000 0 0 0 0 0 100000 0 0 0 0 2 0 1 22 4.424 2.36 ../shockspan1/noshocks/log/doc50cop1shlf1lif1000_af10000s1tTOTAL_gf0i0d0m0_sh0i0s0m0_sdl100000_seed141246882.log 12992 hl-extractinstructions.txt 20170731_183244 0.6_20170522 GenuineIntel_fam6mod69step1cor2spd2394.000 ca271fd341a2ea6cfeb1247a902e4a045fcfef13_3
20170731_183246 50 1 1 1000 100000 117661523 41 10000 9959 0 0 41 9 10000 1 0 0 0 36 0 0 0 0 0 100000 0 0 0 0 2 0 0 16 3.875 2.0 ../shockspan1/noshocks/log/doc50cop1shlf1lif1000_af10000s1tTOTAL_gf0i0d0m0_sh0i0s0m0_sdl100000_seed117661523.log 12943 hl-extractinstructions.txt 20170731_183257 0.6_20170522 GenuineIntel_fam6mod69step1cor2spd2394.000 ca271fd341a2ea6cfeb1247a902e4a045fcfef13_5
20170731_183248 50 1 1 1000 100000 105731136 10000 10000 0 0 0 10000 9 10000 1 0 0 0 10000 0 0 0 0 0 100000 0 0 0 0 2 0 1 21 2.708 1.141 ../shockspan1/noshocks/log/doc50cop1shlf1lif1000_af10000s1tTOTAL_gf0i0d0m0_sh0i0s0m0_sdl100000_seed105731136.log 12988 hl-extractinstructions.txt 20170731_183259 0.6_20170522 GenuineIntel_fam6mod69step1cor2spd2394.000 ca271fd341a2ea6cfeb1247a902e4a045fcfef13_6
20170731_183311 50 1 1 1000 100000 967561224 10000 10000 0 0 0 10000 9 10000 1 0 0 0 10000 0 0 0 0 0 100000 0 0 0 0 2 0 1 21 3.811 2.328 ../shockspan1/noshocks/log/doc50cop1shlf1lif1000_af10000s1tTOTAL_gf0i0d0m0_sh0i0s0m0_sdl100000_seed967561224.log 12993 hl-extractinstructions.txt 20170731_183322 0.6_20170522 GenuineIntel_fam6mod69step1cor2spd2394.000 ca271fd341a2ea6cfeb1247a902e4a045fcfef13_7
20170731_183312 50 1 1 1000 100000 420477893 10000 10000 0 0 0 10000 9 10000 1 0 0 0 10000 0 0 0 0 0 100000 0 0 0 0 2 0 1 21 2.969 1.547 ../shockspan1/noshocks/log/doc50cop1shlf1lif1000_af10000s1tTOTAL_gf0i0d0m0_sh0i0s0m0_sdl100000_seed420477893.log 12991 hl-extractinstructions.txt 20170731_183323 0.6_20170522 GenuineIntel_fam6mod69step1cor2spd2394.000 ca271fd341a2ea6cfeb1247a902e4a045fcfef13_8
20170731_183324 50 1 1 1000 100000 263688301 30 10000 9970 0 0 30 9 10000 1 0 0 0 26 0 0 0 0 0 100000 0 0 0 0 2 0 0 19 3.033 1.828 ../shockspan1/noshocks/log/doc50cop1shlf1lif1000_af10000s1tTOTAL_gf0i0d0m0_sh0i0s0m0_sdl100000_seed263688301.log 12964 hl-extractinstructions.txt 20170731_183335 0.6_20170522 GenuineIntel_fam6mod69step1cor2spd2394.000 ca271fd341a2ea6cfeb1247a902e4a045fcfef13_9
20170731_183326 50 1 1 1000 100000 50746969 10000 10000 0 0 0 10000 9 10000 1 0 0 0 10000 0 0 0 0 0 100000 0 0 0 0 2 0 1 26 2.372 1.172 ../shockspan1/noshocks/log/doc50cop1shlf1lif1000_af10000s1tTOTAL_gf0i0d0m0_sh0i0s0m0_sdl100000_seed50746969.log 13015 hl-extractinstructions.txt 20170731_183336 0.6_20170522 GenuineIntel_fam6mod69step1cor2spd2394.000 ca271fd341a2ea6cfeb1247a902e4a045fcfef13_10
20170731_183338 50 1 1 1000 100000 533657980 10000 10000 0 0 0 10000 9 10000 1 0 0 0 10000 0 0 0 0 0 100000 0 0 0 0 2 0 1 27 2.533 1.266 ../shockspan1/noshocks/log/doc50cop1shlf1lif1000_af10000s1tTOTAL_gf0i0d0m0_sh0i0s0m0_sdl100000_seed533657980.log 13008 hl-extractinstructions.txt 20170731_183348 0.6_20170522 GenuineIntel_fam6mod69step1cor2spd2394.000 ca271fd341a2ea6cfeb1247a902e4a045fcfef13_11
20170731_183339 50 1 1 1000 100000 711283608 10000 10000 0 0 0 10000 9 10000 1 0 0 0 10000 0 0 0 0 0 100000 0 0 0 0 2 0 1 17 2.302 1.0 ../shockspan1/noshocks/log/doc50cop1shlf1lif1000_af10000s1tTOTAL_gf0i0d0m0_sh0i0s0m0_sdl100000_seed711283608.log 12953 hl-extractinstructions.txt 20170731_183349 0.6_20170522 GenuineIntel_fam6mod69step1cor2spd2394.000 ca271fd341a2ea6cfeb1247a902e4a045fcfef13_12
20170731_183351 50 1 1 1000 100000 597296547 10000 10000 0 0 0 10000 9 10000 1 0 0 0 10000 0 0 0 0 0 100000 0 0 0 0 2 0 1 26 3.413 1.985 ../shockspan1/noshocks/log/doc50cop1shlf1lif1000_af10000s1tTOTAL_gf0i0d0m0_sh0i0s0m0_sdl100000_seed597296547.log 13022 hl-extractinstructions.txt 20170731_183402 0.6_20170522 GenuineIntel_fam6mod69step1cor2spd2394.000 ca271fd341a2ea6cfeb1247a902e4a045fcfef13_13
20170731_183352 50 1 1 1000 100000 664375964 42 10000 9958 0 0 42 9 10000 1 0 0 0 36 0 0 0 0 0 100000 0 0 0 0 2 0 0 14 3.121 1.718 ../shockspan1/noshocks/log/doc50cop1shlf1lif1000_af10000s1tTOTAL_gf0i0d0m0_sh0i0s0m0_sdl100000_seed664375964.log 12940 hl-extractinstructions.txt 20170731_183403 0.6_20170522 GenuineIntel_fam6mod69step1cor2spd2394.000 ca271fd341a2ea6cfeb1247a902e4a045fcfef13_14
20170731_183404 50 1 1 1000 100000 258760793 10000 10000 0 0 0 10000 9 10000 1 0 0 0 10000 0 0 0 0 0 100000 0 0 0 0 2 0 1 22 2.991 1.47 ../shockspan1/noshocks/log/doc50cop1shlf1lif1000_af10000s1tTOTAL_gf0i0d0m0_sh0i0s0m0_sdl100000_seed258760793.log 12991 hl-extractinstructions.txt 20170731_183415 0.6_20170522 GenuineIntel_fam6mod69step1cor2spd2394.000 ca271fd341a2ea6cfeb1247a902e4a045fcfef13_15
20170731_183406 50 1 1 1000 100000 666549275 10000 10000 0 0 0 10000 9 10000 1 0 0 0 10000 0 0 0 0 0 100000 0 0 0 0 2 0 1 24 3.040 1.781 ../shockspan1/noshocks/log/doc50cop1shlf1lif1000_af10000s1tTOTAL_gf0i0d0m0_sh0i0s0m0_sdl100000_seed666549275.log 13012 hl-extractinstructions.txt 20170731_183417 0.6_20170522 GenuineIntel_fam6mod69step1cor2spd2394.000 ca271fd341a2ea6cfeb1247a902e4a045fcfef13_16
20170731_183418 50 1 1 1000 100000 376517787 34 10000 9966 0 0 34 9 10000 1 0 0 0 31 0 0 0 0 0 100000 0 0 0 0 2 0 0 22 3.314 1.844 ../shockspan1/noshocks/log/doc50cop1shlf1lif1000_af10000s1tTOTAL_gf0i0d0m0_sh0i0s0m0_sdl100000_seed376517787.log 12984 hl-extractinstructions.txt 20170731_183429 0.6_20170522 GenuineIntel_fam6mod69step1cor2spd2394.000 ca271fd341a2ea6cfeb1247a902e4a045fcfef13_17
20170731_183419 50 1 1 1000 100000 817713633 37 10000 9963 0 0 37 9 10000 1 0 0 0 36 0 0 0 0 0 100000 0 0 0 0 2 0 0 18 2.866 1.656 ../shockspan1/noshocks/log/doc50cop1shlf1lif1000_af10000s1tTOTAL_gf0i0d0m0_sh0i0s0m0_sdl100000_seed817713633.log 12965 hl-extractinstructions.txt 20170731_183430 0.6_20170522 GenuineIntel_fam6mod69step1cor2spd2394.000 ca271fd341a2ea6cfeb1247a902e4a045fcfef13_18
20170731_183433 50 1 1 1000 100000 715258232 10000 10000 0 0 0 10000 9 10000 1 0 0 0 10000 0 0 0 0 0 100000 0 0 0 0 2 0 1 21 5.187 2.438 ../shockspan1/noshocks/log/doc50cop1shlf1lif1000_af10000s1tTOTAL_gf0i0d0m0_sh0i0s0m0_sdl100000_seed715258232.log 12991 hl-extractinstructions.txt 20170731_183447 0.6_20170522 GenuineIntel_fam6mod69step1cor2spd2394.000 ca271fd341a2ea6cfeb1247a902e4a045fcfef13_20
20170731_183432 50 1 1 1000 100000 519606501 10000 10000 0 0 0 10000 9 10000 1 0 0 0 10000 0 0 0 0 0 100000 0 0 0 0 2 0 1 18 4.809 2.953 ../shockspan1/noshocks/log/doc50cop1shlf1lif1000_af10000s1tTOTAL_gf0i0d0m0_sh0i0s0m0_sdl100000_seed519606501.log 12973 hl-extractinstructions.txt 20170731_183448 0.6_20170522 GenuineIntel_fam6mod69step1cor2spd2394.000 ca271fd341a2ea6cfeb1247a902e4a045fcfef13_19
20170731_183445 50 1 1 1000 100000 792850679 10000 10000 0 0 0 10000 9 10000 1 0 0 0 10000 0 0 0 0 0 100000 0 0 0 0 2 0 1 23 4.411 2.437 ../shockspan1/noshocks/log/doc50cop1shlf1lif1000_af10000s1tTOTAL_gf0i0d0m0_sh0i0s0m0_sdl100000_seed792850679.log 12999 hl-extractinstructions.txt 20170731_183457 0.6_20170522 GenuineIntel_fam6mod69step1cor2spd2394.000 ca271fd341a2ea6cfeb1247a902e4a045fcfef13_21
20170731_183447 50 1 1 1000 100000 969331491 10000 10000 0 0 0 10000 9 10000 1 0 0 0 10000 0 0 0 0 0 100000 0 0 0 0 2 0 1 17 2.769 1.14 ../shockspan1/noshocks/log/doc50cop1shlf1lif1000_af10000s1tTOTAL_gf0i0d0m0_sh0i0s0m0_sdl100000_seed969331491.log 12963 hl-extractinstructions.txt 20170731_183458 0.6_20170522 GenuineIntel_fam6mod69step1cor2spd2394.000 ca271fd341a2ea6cfeb1247a902e4a045fcfef13_22
20170731_183459 50 1 1 1000 100000 656627946 10000 10000 0 0 0 10000 9 10000 1 0 0 0 10000 0 0 0 0 0 100000 0 0 0 0 2 0 1 23 4.635 1.828 ../shockspan1/noshocks/log/doc50cop1shlf1lif1000_af10000s1tTOTAL_gf0i0d0m0_sh0i0s0m0_sdl100000_seed656627946.log 13002 hl-extractinstructions.txt 20170731_183512 0.6_20170522 GenuineIntel_fam6mod69step1cor2spd2394.000 ca271fd341a2ea6cfeb1247a902e4a045fcfef13_23
20170731_183511 50 1 1 1000 100000 985655050 10000 10000 0 0 0 10000 9 10000 1 0 0 0 10000 0 0 0 0 0 100000 0 0 0 0 2 0 1 22 2.765 1.172 ../shockspan1/noshocks/log/doc50cop1shlf1lif1000_af10000s1tTOTAL_gf0i0d0m0_sh0i0s0m0_sdl100000_seed985655050.log 12986 hl-extractinstructions.txt 20170731_183522 0.6_20170522 GenuineIntel_fam6mod69step1cor2spd2394.000 ca271fd341a2ea6cfeb1247a902e4a045fcfef13_24
20170731_183524 50 1 1 1000 100000 488153710 10000 10000 0 0 0 10000 9 10000 1 0 0 0 10000 0 0 0 0 0 100000 0 0 0 0 2 0 1 28 2.536 1.109 ../shockspan1/noshocks/log/doc50cop1shlf1lif1000_af10000s1tTOTAL_gf0i0d0m0_sh0i0s0m0_sdl100000_seed488153710.log 13019 hl-extractinstructions.txt 20170731_183535 0.6_20170522 GenuineIntel_fam6mod69step1cor2spd2394.000 ca271fd341a2ea6cfeb1247a902e4a045fcfef13_26
20170731_183523 50 1 1 1000 100000 771297240 10000 10000 0 0 0 10000 9 10000 1 0 0 0 10000 0 0 0 0 0 100000 0 0 0 0 2 0 1 24 4.032 2.406 ../shockspan1/noshocks/log/doc50cop1shlf1lif1000_af10000s1tTOTAL_gf0i0d0m0_sh0i0s0m0_sdl100000_seed771297240.log 13010 hl-extractinstructions.txt 20170731_183535 0.6_20170522 GenuineIntel_fam6mod69step1cor2spd2394.000 ca271fd341a2ea6cfeb1247a902e4a045fcfef13_25
20170731_183536 50 1 1 1000 100000 51492881 10000 10000 0 0 0 10000 9 10000 1 0 0 0 10000 0 0 0 0 0 100000 0 0 0 0 2 0 1 24 2.984 1.688 ../shockspan1/noshocks/log/doc50cop1shlf1lif1000_af10000s1tTOTAL_gf0i0d0m0_sh0i0s0m0_sdl100000_seed51492881.log 13007 hl-extractinstructions.txt 20170731_183547 0.6_20170522 GenuineIntel_fam6mod69step1cor2spd2394.000 ca271fd341a2ea6cfeb1247a902e4a045fcfef13_27
20170731_183538 50 1 1 1000 100000 932031761 36 10000 9964 0 0 36 9 10000 1 0 0 0 30 0 0 0 0 0 100000 0 0 0 0 2 0 0 20 2.690 1.5 ../shockspan1/noshocks/log/doc50cop1shlf1lif1000_af10000s1tTOTAL_gf0i0d0m0_sh0i0s0m0_sdl100000_seed932031761.log 12969 hl-extractinstructions.txt 20170731_183548 0.6_20170522 GenuineIntel_fam6mod69step1cor2spd2394.000 ca271fd341a2ea6cfeb1247a902e4a045fcfef13_28
20170731_183600 50 1 1 1000 100000 229298583 23 10000 9977 0 0 23 9 10000 1 0 0 0 18 0 0 0 0 0 100000 0 0 0 0 2 0 0 21 4.296 2.25 ../shockspan1/noshocks/log/doc50cop1shlf1lif1000_af10000s1tTOTAL_gf0i0d0m0_sh0i0s0m0_sdl100000_seed229298583.log 12973 hl-extractinstructions.txt 20170731_183613 0.6_20170522 GenuineIntel_fam6mod69step1cor2spd2394.000 ca271fd341a2ea6cfeb1247a902e4a045fcfef13_29
20170731_183602 50 1 1 1000 100000 49497595 28 10000 9972 0 0 28 9 10000 1 0 0 0 26 0 0 0 0 0 100000 0 0 0 0 2 0 0 18 4.352 2.454 ../shockspan1/noshocks/log/doc50cop1shlf1lif1000_af10000s1tTOTAL_gf0i0d0m0_sh0i0s0m0_sdl100000_seed49497595.log 12962 hl-extractinstructions.txt 20170731_183615 0.6_20170522 GenuineIntel_fam6mod69step1cor2spd2394.000 ca271fd341a2ea6cfeb1247a902e4a045fcfef13_30
20170731_183605 50 1 1 1000 100000 981995409 10000 10000 0 0 0 10000 9 10000 1 0 0 0 10000 0 0 0 0 0 100000 0 0 0 0 2 0 1 20 4.227 1.953 ../shockspan1/noshocks/log/doc50cop1shlf1lif1000_af10000s1tTOTAL_gf0i0d0m0_sh0i0s0m0_sdl100000_seed981995409.log 12986 hl-extractinstructions.txt 20170731_183617 0.6_20170522 GenuineIntel_fam6mod69step1cor2spd2394.000 ca271fd341a2ea6cfeb1247a902e4a045fcfef13_31
20170731_183607 50 1 1 1000 100000 731421358 39 10000 9961 0 0 39 9 10000 1 0 0 0 35 0 0 0 0 0 100000 0 0 0 0 2 0 0 16 4.356 2.359 ../shockspan1/noshocks/log/doc50cop1shlf1lif1000_af10000s1tTOTAL_gf0i0d0m0_sh0i0s0m0_sdl100000_seed731421358.log 12950 hl-extractinstructions.txt 20170731_183619 0.6_20170522 GenuineIntel_fam6mod69step1cor2spd2394.000 ca271fd341a2ea6cfeb1247a902e4a045fcfef13_32
20170731_183620 50 1 1 1000 100000 487615299 10000 10000 0 0 0 10000 9 10000 1 0 0 0 10000 0 0 0 0 0 100000 0 0 0 0 2 0 1 16 2.370 1.031 ../shockspan1/noshocks/log/doc50cop1shlf1lif1000_af10000s1tTOTAL_gf0i0d0m0_sh0i0s0m0_sdl100000_seed487615299.log 12951 hl-extractinstructions.txt 20170731_183631 0.6_20170522 GenuineIntel_fam6mod69step1cor2spd2394.000 ca271fd341a2ea6cfeb1247a902e4a045fcfef13_33
20170731_183632 50 1 1 1000 100000 974358641 36 10000 9964 0 0 36 9 10000 1 0 0 0 36 0 0 0 0 0 100000 0 0 0 0 2 0 0 22 4.748 2.344 ../shockspan1/noshocks/log/doc50cop1shlf1lif1000_af10000s1tTOTAL_gf0i0d0m0_sh0i0s0m0_sdl100000_seed974358641.log 12983 hl-extractinstructions.txt 20170731_183645 0.6_20170522 GenuineIntel_fam6mod69step1cor2spd2394.000 ca271fd341a2ea6cfeb1247a902e4a045fcfef13_34
20170731_183634 50 1 1 1000 100000 619181484 10000 10000 0 0 0 10000 9 10000 1 0 0 0 10000 0 0 0 0 0 100000 0 0 0 0 2 0 1 19 4.514 2.25 ../shockspan1/noshocks/log/doc50cop1shlf1lif1000_af10000s1tTOTAL_gf0i0d0m0_sh0i0s0m0_sdl100000_seed619181484.log 12978 hl-extractinstructions.txt 20170731_183646 0.6_20170522 GenuineIntel_fam6mod69step1cor2spd2394.000 ca271fd341a2ea6cfeb1247a902e4a045fcfef13_35
20170731_183636 50 1 1 1000 100000 869373100 50 10000 9950 0 0 50 9 10000 1 0 0 0 45 0 0 0 0 0 100000 0 0 0 0 2 0 0 18 4.097 2.0 ../shockspan1/noshocks/log/doc50cop1shlf1lif1000_af10000s1tTOTAL_gf0i0d0m0_sh0i0s0m0_sdl100000_seed869373100.log 12959 hl-extractinstructions.txt 20170731_183649 0.6_20170522 GenuineIntel_fam6mod69step1cor2spd2394.000 ca271fd341a2ea6cfeb1247a902e4a045fcfef13_36
20170731_183650 50 1 1 1000 100000 580369466 10000 10000 0 0 0 10000 9 10000 1 0 0 0 10000 0 0 0 0 0 100000 0 0 0 0 2 0 1 24 3.146 1.453 ../shockspan1/noshocks/log/doc50cop1shlf1lif1000_af10000s1tTOTAL_gf0i0d0m0_sh0i0s0m0_sdl100000_seed580369466.log 12999 hl-extractinstructions.txt 20170731_183700 0.6_20170522 GenuineIntel_fam6mod69step1cor2spd2394.000 ca271fd341a2ea6cfeb1247a902e4a045fcfef13_37
20170731_183651 50 1 1 1000 100000 981597449 10000 10000 0 0 0 10000 9 10000 1 0 0 0 10000 0 0 0 0 0 100000 0 0 0 0 2 0 1 21 3.083 1.64 ../shockspan1/noshocks/log/doc50cop1shlf1lif1000_af10000s1tTOTAL_gf0i0d0m0_sh0i0s0m0_sdl100000_seed981597449.log 12984 hl-extractinstructions.txt 20170731_183702 0.6_20170522 GenuineIntel_fam6mod69step1cor2spd2394.000 ca271fd341a2ea6cfeb1247a902e4a045fcfef13_38
20170731_183703 50 1 1 1000 100000 691574937 39 10000 9961 0 0 39 9 10000 1 0 0 0 36 0 0 0 0 0 100000 0 0 0 0 2 0 0 19 3.524 1.968 ../shockspan1/noshocks/log/doc50cop1shlf1lif1000_af10000s1tTOTAL_gf0i0d0m0_sh0i0s0m0_sdl100000_seed691574937.log 12965 hl-extractinstructions.txt 20170731_183715 0.6_20170522 GenuineIntel_fam6mod69step1cor2spd2394.000 ca271fd341a2ea6cfeb1247a902e4a045fcfef13_39
20170731_183705 50 1 1 1000 100000 696282793 10000 10000 0 0 0 10000 9 10000 1 0 0 0 10000 0 0 0 0 0 100000 0 0 0 0 2 0 1 16 4.077 1.703 ../shockspan1/noshocks/log/doc50cop1shlf1lif1000_af10000s1tTOTAL_gf0i0d0m0_sh0i0s0m0_sdl100000_seed696282793.log 12962 hl-extractinstructions.txt 20170731_183717 0.6_20170522 GenuineIntel_fam6mod69step1cor2spd2394.000 ca271fd341a2ea6cfeb1247a902e4a045fcfef13_40
20170731_183717 50 1 1 1000 100000 364245801 34 10000 9966 0 0 34 9 10000 1 0 0 0 30 0 0 0 0 0 100000 0 0 0 0 2 0 0 18 3.298 1.86 ../shockspan1/noshocks/log/doc50cop1shlf1lif1000_af10000s1tTOTAL_gf0i0d0m0_sh0i0s0m0_sdl100000_seed364245801.log 12958 hl-extractinstructions.txt 20170731_183728 0.6_20170522 GenuineIntel_fam6mod69step1cor2spd2394.000 ca271fd341a2ea6cfeb1247a902e4a045fcfef13_41
20170731_183718 50 1 1 1000 100000 603593284 30 10000 9970 0 0 30 9 10000 1 0 0 0 26 0 0 0 0 0 100000 0 0 0 0 2 0 0 24 2.812 1.672 ../shockspan1/noshocks/log/doc50cop1shlf1lif1000_af10000s1tTOTAL_gf0i0d0m0_sh0i0s0m0_sdl100000_seed603593284.log 12996 hl-extractinstructions.txt 20170731_183729 0.6_20170522 GenuineIntel_fam6mod69step1cor2spd2394.000 ca271fd341a2ea6cfeb1247a902e4a045fcfef13_42
20170731_183730 50 1 1 1000 100000 70757215 10000 10000 0 0 0 10000 9 10000 1 0 0 0 10000 0 0 0 0 0 100000 0 0 0 0 2 0 1 13 2.335 1.328 ../shockspan1/noshocks/log/doc50cop1shlf1lif1000_af10000s1tTOTAL_gf0i0d0m0_sh0i0s0m0_sdl100000_seed70757215.log 12944 hl-extractinstructions.txt 20170731_183740 0.6_20170522 GenuineIntel_fam6mod69step1cor2spd2394.000 ca271fd341a2ea6cfeb1247a902e4a045fcfef13_43
20170731_183743 50 1 1 1000 100000 764644760 34 10000 9966 0 0 34 9 10000 1 0 0 0 27 0 0 0 0 0 100000 0 0 0 0 2 0 0 19 4.800 2.359 ../shockspan1/noshocks/log/doc50cop1shlf1lif1000_af10000s1tTOTAL_gf0i0d0m0_sh0i0s0m0_sdl100000_seed764644760.log 12969 hl-extractinstructions.txt 20170731_183755 0.6_20170522 GenuineIntel_fam6mod69step1cor2spd2394.000 ca271fd341a2ea6cfeb1247a902e4a045fcfef13_44
20170731_183744 50 1 1 1000 100000 71232281 10000 10000 0 0 0 10000 9 10000 1 0 0 0 10000 0 0 0 0 0 100000 0 0 0 0 2 0 1 22 3.998 1.61 ../shockspan1/noshocks/log/doc50cop1shlf1lif1000_af10000s1tTOTAL_gf0i0d0m0_sh0i0s0m0_sdl100000_seed71232281.log 12986 hl-extractinstructions.txt 20170731_183756 0.6_20170522 GenuineIntel_fam6mod69step1cor2spd2394.000 ca271fd341a2ea6cfeb1247a902e4a045fcfef13_45
20170731_183746 50 1 1 1000 100000 855242110 38 10000 9962 0 0 38 9 10000 1 0 0 0 38 0 0 0 0 0 100000 0 0 0 0 2 0 0 23 3.486 1.734 ../shockspan1/noshocks/log/doc50cop1shlf1lif1000_af10000s1tTOTAL_gf0i0d0m0_sh0i0s0m0_sdl100000_seed855242110.log 12992 hl-extractinstructions.txt 20170731_183757 0.6_20170522 GenuineIntel_fam6mod69step1cor2spd2394.000 ca271fd341a2ea6cfeb1247a902e4a045fcfef13_46
20170731_183758 50 1 1 1000 100000 835080798 39 10000 9961 0 0 39 9 10000 1 0 0 0 32 0 0 0 0 0 100000 0 0 0 0 2 0 0 22 3.167 1.719 ../shockspan1/noshocks/log/doc50cop1shlf1lif1000_af10000s1tTOTAL_gf0i0d0m0_sh0i0s0m0_sdl100000_seed835080798.log 12984 hl-extractinstructions.txt 20170731_183810 0.6_20170522 GenuineIntel_fam6mod69step1cor2spd2394.000 ca271fd341a2ea6cfeb1247a902e4a045fcfef13_47
20170731_183800 50 1 1 1000 100000 937674136 23 10000 9977 0 0 23 9 10000 1 0 0 0 21 0 0 0 0 0 100000 0 0 0 0 2 0 0 21 3.575 1.875 ../shockspan1/noshocks/log/doc50cop1shlf1lif1000_af10000s1tTOTAL_gf0i0d0m0_sh0i0s0m0_sdl100000_seed937674136.log 12979 hl-extractinstructions.txt 20170731_183811 0.6_20170522 GenuineIntel_fam6mod69step1cor2spd2394.000 ca271fd341a2ea6cfeb1247a902e4a045fcfef13_48
20170731_183812 50 1 1 1000 100000 60400782 36 10000 9964 0 0 36 9 10000 1 0 0 0 36 0 0 0 0 0 100000 0 0 0 0 2 0 0 25 3.737 2.015 ../shockspan1/noshocks/log/doc50cop1shlf1lif1000_af10000s1tTOTAL_gf0i0d0m0_sh0i0s0m0_sdl100000_seed60400782.log 13001 hl-extractinstructions.txt 20170731_183824 0.6_20170522 GenuineIntel_fam6mod69step1cor2spd2394.000 ca271fd341a2ea6cfeb1247a902e4a045fcfef13_49
20170731_183824 50 1 1 1000 100000 65398367 33 10000 9967 0 0 33 9 10000 1 0 0 0 31 0 0 0 0 0 100000 0 0 0 0 2 0 0 22 2.722 1.313 ../shockspan1/noshocks/log/doc50cop1shlf1lif1000_af10000s1tTOTAL_gf0i0d0m0_sh0i0s0m0_sdl100000_seed65398367.log 12982 hl-extractinstructions.txt 20170731_183834 0.6_20170522 GenuineIntel_fam6mod69step1cor2spd2394.000 ca271fd341a2ea6cfeb1247a902e4a045fcfef13_50
20170731_183837 50 1 1 1000 100000 748542218 28 10000 9972 0 0 28 9 10000 1 0 0 0 22 0 0 0 0 0 100000 0 0 0 0 2 0 0 18 4.425 2.234 ../shockspan1/noshocks/log/doc50cop1shlf1lif1000_af10000s1tTOTAL_gf0i0d0m0_sh0i0s0m0_sdl100000_seed748542218.log 12960 hl-extractinstructions.txt 20170731_183850 0.6_20170522 GenuineIntel_fam6mod69step1cor2spd2394.000 ca271fd341a2ea6cfeb1247a902e4a045fcfef13_52
20170731_183836 50 1 1 1000 100000 336520112 37 10000 9963 0 0 37 9 10000 1 0 0 0 35 0 0 0 0 0 100000 0 0 0 0 2 0 0 24 4.123 2.297 ../shockspan1/noshocks/log/doc50cop1shlf1lif1000_af10000s1tTOTAL_gf0i0d0m0_sh0i0s0m0_sdl100000_seed336520112.log 12999 hl-extractinstructions.txt 20170731_183850 0.6_20170522 GenuineIntel_fam6mod69step1cor2spd2394.000 ca271fd341a2ea6cfeb1247a902e4a045fcfef13_51
20170731_183849 50 1 1 1000 100000 821083276 36 10000 9964 0 0 36 9 10000 1 0 0 0 34 0 0 0 0 0 100000 0 0 0 0 2 0 0 23 4.065 2.328 ../shockspan1/noshocks/log/doc50cop1shlf1lif1000_af10000s1tTOTAL_gf0i0d0m0_sh0i0s0m0_sdl100000_seed821083276.log 12990 hl-extractinstructions.txt 20170731_183901 0.6_20170522 GenuineIntel_fam6mod69step1cor2spd2394.000 ca271fd341a2ea6cfeb1247a902e4a045fcfef13_53
20170731_183851 50 1 1 1000 100000 792274735 10000 10000 0 0 0 10000 9 10000 1 0 0 0 10000 0 0 0 0 0 100000 0 0 0 0 2 0 1 20 2.573 1.156 ../shockspan1/noshocks/log/doc50cop1shlf1lif1000_af10000s1tTOTAL_gf0i0d0m0_sh0i0s0m0_sdl100000_seed792274735.log 12974 hl-extractinstructions.txt 20170731_183901 0.6_20170522 GenuineIntel_fam6mod69step1cor2spd2394.000 ca271fd341a2ea6cfeb1247a902e4a045fcfef13_54
20170731_183903 50 1 1 1000 100000 678794337 34 10000 9966 0 0 34 9 10000 1 0 0 0 27 0 0 0 0 0 100000 0 0 0 0 2 0 0 16 2.537 1.313 ../shockspan1/noshocks/log/doc50cop1shlf1lif1000_af10000s1tTOTAL_gf0i0d0m0_sh0i0s0m0_sdl100000_seed678794337.log 12949 hl-extractinstructions.txt 20170731_183913 0.6_20170522 GenuineIntel_fam6mod69step1cor2spd2394.000 ca271fd341a2ea6cfeb1247a902e4a045fcfef13_55
20170731_183915 50 1 1 1000 100000 97735260 48 10000 9952 0 0 48 9 10000 1 0 0 0 40 0 0 0 0 0 100000 0 0 0 0 2 0 0 16 4.410 2.453 ../shockspan1/noshocks/log/doc50cop1shlf1lif1000_af10000s1tTOTAL_gf0i0d0m0_sh0i0s0m0_sdl100000_seed97735260.log 12950 hl-extractinstructions.txt 20170731_183927 0.6_20170522 GenuineIntel_fam6mod69step1cor2spd2394.000 ca271fd341a2ea6cfeb1247a902e4a045fcfef13_56
20170731_183917 50 1 1 1000 100000 847753645 29 10000 9971 0 0 29 9 10000 1 0 0 0 28 0 0 0 0 0 100000 0 0 0 0 2 0 0 22 4.133 2.172 ../shockspan1/noshocks/log/doc50cop1shlf1lif1000_af10000s1tTOTAL_gf0i0d0m0_sh0i0s0m0_sdl100000_seed847753645.log 12986 hl-extractinstructions.txt 20170731_183928 0.6_20170522 GenuineIntel_fam6mod69step1cor2spd2394.000 ca271fd341a2ea6cfeb1247a902e4a045fcfef13_57
20170731_183919 50 1 1 1000 100000 713686983 10000 10000 0 0 0 10000 9 10000 1 0 0 0 10000 0 0 0 0 0 100000 0 0 0 0 2 0 1 23 3.799 2.015 ../shockspan1/noshocks/log/doc50cop1shlf1lif1000_af10000s1tTOTAL_gf0i0d0m0_sh0i0s0m0_sdl100000_seed713686983.log 13007 hl-extractinstructions.txt 20170731_183930 0.6_20170522 GenuineIntel_fam6mod69step1cor2spd2394.000 ca271fd341a2ea6cfeb1247a902e4a045fcfef13_58
20170731_183931 50 1 1 1000 100000 9255885 31 10000 9969 0 0 31 9 10000 1 0 0 0 30 0 0 0 0 0 100000 0 0 0 0 2 0 0 19 3.948 2.234 ../shockspan1/noshocks/log/doc50cop1shlf1lif1000_af10000s1tTOTAL_gf0i0d0m0_sh0i0s0m0_sdl100000_seed9255885.log 12963 hl-extractinstructions.txt 20170731_183943 0.6_20170522 GenuineIntel_fam6mod69step1cor2spd2394.000 ca271fd341a2ea6cfeb1247a902e4a045fcfef13_59
20170731_183932 50 1 1 1000 100000 684587419 10000 10000 0 0 0 10000 9 10000 1 0 0 0 10000 0 0 0 0 0 100000 0 0 0 0 2 0 1 21 4.299 2.094 ../shockspan1/noshocks/log/doc50cop1shlf1lif1000_af10000s1tTOTAL_gf0i0d0m0_sh0i0s0m0_sdl100000_seed684587419.log 12989 hl-extractinstructions.txt 20170731_183944 0.6_20170522 GenuineIntel_fam6mod69step1cor2spd2394.000 ca271fd341a2ea6cfeb1247a902e4a045fcfef13_60
20170731_184726 50 1 1 1000 100000 960426761 10000 10000 0 0 0 10000 9 10000 1 0 0 0 10000 0 0 0 0 0 100000 0 0 0 0 2 0 1 17 3.530 1.531 ../shockspan1/noshocks/log/doc50cop1shlf1lif1000_af10000s1tTOTAL_gf0i0d0m0_sh0i0s0m0_sdl100000_seed960426761.log 12959 hl-extractinstructions.txt 20170731_184737 0.6_20170522 GenuineIntel_fam6mod69step1cor2spd2394.000 ca271fd341a2ea6cfeb1247a902e4a045fcfef13_61
20170731_184727 50 1 1 1000 100000 193031530 10000 10000 0 0 0 10000 9 10000 1 0 0 0 10000 0 0 0 0 0 100000 0 0 0 0 2 0 1 19 3.773 1.657 ../shockspan1/noshocks/log/doc50cop1shlf1lif1000_af10000s1tTOTAL_gf0i0d0m0_sh0i0s0m0_sdl100000_seed193031530.log 12979 hl-extractinstructions.txt 20170731_184739 0.6_20170522 GenuineIntel_fam6mod69step1cor2spd2394.000 ca271fd341a2ea6cfeb1247a902e4a045fcfef13_62
20170731_184729 50 1 1 1000 100000 458957777 31 10000 9969 0 0 31 9 10000 1 0 0 0 26 0 0 0 0 0 100000 0 0 0 0 2 0 0 17 4.180 2.343 ../shockspan1/noshocks/log/doc50cop1shlf1lif1000_af10000s1tTOTAL_gf0i0d0m0_sh0i0s0m0_sdl100000_seed458957777.log 12957 hl-extractinstructions.txt 20170731_184741 0.6_20170522 GenuineIntel_fam6mod69step1cor2spd2394.000 ca271fd341a2ea6cfeb1247a902e4a045fcfef13_63
20170731_184732 50 1 1 1000 100000 288867276 10000 10000 0 0 0 10000 9 10000 1 0 0 0 10000 0 0 0 0 0 100000 0 0 0 0 2 0 1 24 3.304 1.844 ../shockspan1/noshocks/log/doc50cop1shlf1lif1000_af10000s1tTOTAL_gf0i0d0m0_sh0i0s0m0_sdl100000_seed288867276.log 13008 hl-extractinstructions.txt 20170731_184743 0.6_20170522 GenuineIntel_fam6mod69step1cor2spd2394.000 ca271fd341a2ea6cfeb1247a902e4a045fcfef13_64
20170731_184744 50 1 1 1000 100000 476293280 10000 10000 0 0 0 10000 9 10000 1 0 0 0 10000 0 0 0 0 0 100000 0 0 0 0 2 0 1 18 4.242 2.562 ../shockspan1/noshocks/log/doc50cop1shlf1lif1000_af10000s1tTOTAL_gf0i0d0m0_sh0i0s0m0_sdl100000_seed476293280.log 12972 hl-extractinstructions.txt 20170731_184756 0.6_20170522 GenuineIntel_fam6mod69step1cor2spd2394.000 ca271fd341a2ea6cfeb1247a902e4a045fcfef13_65
20170731_184756 50 1 1 1000 100000 862671664 10000 10000 0 0 0 10000 9 10000 1 0 0 0 10000 0 0 0 0 0 100000 0 0 0 0 2 0 1 20 3.468 1.438 ../shockspan1/noshocks/log/doc50cop1shlf1lif1000_af10000s1tTOTAL_gf0i0d0m0_sh0i0s0m0_sdl100000_seed862671664.log 12972 hl-extractinstructions.txt 20170731_184807 0.6_20170522 GenuineIntel_fam6mod69step1cor2spd2394.000 ca271fd341a2ea6cfeb1247a902e4a045fcfef13_66
20170731_184757 50 1 1 1000 100000 15591650 39 10000 9961 0 0 39 9 10000 1 0 0 0 38 0 0 0 0 0 100000 0 0 0 0 2 0 0 17 3.254 1.687 ../shockspan1/noshocks/log/doc50cop1shlf1lif1000_af10000s1tTOTAL_gf0i0d0m0_sh0i0s0m0_sdl100000_seed15591650.log 12955 hl-extractinstructions.txt 20170731_184809 0.6_20170522 GenuineIntel_fam6mod69step1cor2spd2394.000 ca271fd341a2ea6cfeb1247a902e4a045fcfef13_67
20170731_184810 50 1 1 1000 100000 31802340 41 10000 9959 0 0 41 9 10000 1 0 0 0 37 0 0 0 0 0 100000 0 0 0 0 2 0 0 19 3.828 2.188 ../shockspan1/noshocks/log/doc50cop1shlf1lif1000_af10000s1tTOTAL_gf0i0d0m0_sh0i0s0m0_sdl100000_seed31802340.log 12966 hl-extractinstructions.txt 20170731_184821 0.6_20170522 GenuineIntel_fam6mod69step1cor2spd2394.000 ca271fd341a2ea6cfeb1247a902e4a045fcfef13_68
20170731_184811 50 1 1 1000 100000 987909730 25 10000 9975 0 0 25 9 10000 1 0 0 0 24 0 0 0 0 0 100000 0 0 0 0 2 0 0 19 2.992 1.703 ../shockspan1/noshocks/log/doc50cop1shlf1lif1000_af10000s1tTOTAL_gf0i0d0m0_sh0i0s0m0_sdl100000_seed987909730.log 12964 hl-extractinstructions.txt 20170731_184822 0.6_20170522 GenuineIntel_fam6mod69step1cor2spd2394.000 ca271fd341a2ea6cfeb1247a902e4a045fcfef13_69
20170731_184823 50 1 1 1000 100000 830503386 34 10000 9966 0 0 34 9 10000 1 0 0 0 29 0 0 0 0 0 100000 0 0 0 0 2 0 0 19 3.759 2.141 ../shockspan1/noshocks/log/doc50cop1shlf1lif1000_af10000s1tTOTAL_gf0i0d0m0_sh0i0s0m0_sdl100000_seed830503386.log 12969 hl-extractinstructions.txt 20170731_184834 0.6_20170522 GenuineIntel_fam6mod69step1cor2spd2394.000 ca271fd341a2ea6cfeb1247a902e4a045fcfef13_70
20170731_184825 50 1 1 1000 100000 534532649 10000 10000 0 0 0 10000 9 10000 1 0 0 0 10000 0 0 0 0 0 100000 0 0 0 0 2 0 1 20 2.900 1.64 ../shockspan1/noshocks/log/doc50cop1shlf1lif1000_af10000s1tTOTAL_gf0i0d0m0_sh0i0s0m0_sdl100000_seed534532649.log 12983 hl-extractinstructions.txt 20170731_184835 0.6_20170522 GenuineIntel_fam6mod69step1cor2spd2394.000 ca271fd341a2ea6cfeb1247a902e4a045fcfef13_71
20170731_184837 50 1 1 1000 100000 679844657 10000 10000 0 0 0 10000 9 10000 1 0 0 0 10000 0 0 0 0 0 100000 0 0 0 0 2 0 1 25 4.820 2.61 ../shockspan1/noshocks/log/doc50cop1shlf1lif1000_af10000s1tTOTAL_gf0i0d0m0_sh0i0s0m0_sdl100000_seed679844657.log 13014 hl-extractinstructions.txt 20170731_184850 0.6_20170522 GenuineIntel_fam6mod69step1cor2spd2394.000 ca271fd341a2ea6cfeb1247a902e4a045fcfef13_72
20170731_184839 50 1 1 1000 100000 257965973 10000 10000 0 0 0 10000 9 10000 1 0 0 0 10000 0 0 0 0 0 100000 0 0 0 0 2 0 1 19 5.435 2.844 ../shockspan1/noshocks/log/doc50cop1shlf1lif1000_af10000s1tTOTAL_gf0i0d0m0_sh0i0s0m0_sdl100000_seed257965973.log 12979 hl-extractinstructions.txt 20170731_184852 0.6_20170522 GenuineIntel_fam6mod69step1cor2spd2394.000 ca271fd341a2ea6cfeb1247a902e4a045fcfef13_73
20170731_184851 50 1 1 1000 100000 844916563 34 10000 9966 0 0 34 9 10000 1 0 0 0 29 0 0 0 0 0 100000 0 0 0 0 2 0 0 22 3.915 2.234 ../shockspan1/noshocks/log/doc50cop1shlf1lif1000_af10000s1tTOTAL_gf0i0d0m0_sh0i0s0m0_sdl100000_seed844916563.log 12982 hl-extractinstructions.txt 20170731_184902 0.6_20170522 GenuineIntel_fam6mod69step1cor2spd2394.000 ca271fd341a2ea6cfeb1247a902e4a045fcfef13_74
20170731_184852 50 1 1 1000 100000 176818827 10000 10000 0 0 0 10000 9 10000 1 0 0 0 10000 0 0 0 0 0 100000 0 0 0 0 2 0 1 21 3.366 1.891 ../shockspan1/noshocks/log/doc50cop1shlf1lif1000_af10000s1tTOTAL_gf0i0d0m0_sh0i0s0m0_sdl100000_seed176818827.log 12993 hl-extractinstructions.txt 20170731_184903 0.6_20170522 GenuineIntel_fam6mod69step1cor2spd2394.000 ca271fd341a2ea6cfeb1247a902e4a045fcfef13_75
20170731_184904 50 1 1 1000 100000 729004945 33 10000 9967 0 0 33 9 10000 1 0 0 0 33 0 0 0 0 0 100000 0 0 0 0 2 0 0 16 2.765 1.657 ../shockspan1/noshocks/log/doc50cop1shlf1lif1000_af10000s1tTOTAL_gf0i0d0m0_sh0i0s0m0_sdl100000_seed729004945.log 12951 hl-extractinstructions.txt 20170731_184915 0.6_20170522 GenuineIntel_fam6mod69step1cor2spd2394.000 ca271fd341a2ea6cfeb1247a902e4a045fcfef13_76
20170731_184916 50 1 1 1000 100000 273539877 10000 10000 0 0 0 10000 9 10000 1 0 0 0 10000 0 0 0 0 0 100000 0 0 0 0 2 0 1 21 2.487 1.141 ../shockspan1/noshocks/log/doc50cop1shlf1lif1000_af10000s1tTOTAL_gf0i0d0m0_sh0i0s0m0_sdl100000_seed273539877.log 12991 hl-extractinstructions.txt 20170731_184927 0.6_20170522 GenuineIntel_fam6mod69step1cor2spd2394.000 ca271fd341a2ea6cfeb1247a902e4a045fcfef13_77
20170731_184930 50 1 1 1000 100000 419739236 10000 10000 0 0 0 10000 9 10000 1 0 0 0 10000 0 0 0 0 0 100000 0 0 0 0 2 0 1 19 4.294 2.063 ../shockspan1/noshocks/log/doc50cop1shlf1lif1000_af10000s1tTOTAL_gf0i0d0m0_sh0i0s0m0_sdl100000_seed419739236.log 12982 hl-extractinstructions.txt 20170731_184943 0.6_20170522 GenuineIntel_fam6mod69step1cor2spd2394.000 ca271fd341a2ea6cfeb1247a902e4a045fcfef13_79
20170731_184929 50 1 1 1000 100000 720726081 44 10000 9956 0 0 44 9 10000 1 0 0 0 36 0 0 0 0 0 100000 0 0 0 0 2 0 0 23 4.643 2.437 ../shockspan1/noshocks/log/doc50cop1shlf1lif1000_af10000s1tTOTAL_gf0i0d0m0_sh0i0s0m0_sdl100000_seed720726081.log 12992 hl-extractinstructions.txt 20170731_184947 0.6_20170522 GenuineIntel_fam6mod69step1cor2spd2394.000 ca271fd341a2ea6cfeb1247a902e4a045fcfef13_78
20170731_184933 50 1 1 1000 100000 512496119 10000 10000 0 0 0 10000 9 10000 1 0 0 0 10000 0 0 0 0 0 100000 0 0 0 0 2 0 1 22 5.667 2.859 ../shockspan1/noshocks/log/doc50cop1shlf1lif1000_af10000s1tTOTAL_gf0i0d0m0_sh0i0s0m0_sdl100000_seed512496119.log 12995 hl-extractinstructions.txt 20170731_184946 0.6_20170522 GenuineIntel_fam6mod69step1cor2spd2394.000 ca271fd341a2ea6cfeb1247a902e4a045fcfef13_80
20170731_184945 50 1 1 1000 100000 779623269 10000 10000 0 0 0 10000 9 10000 1 0 0 0 10000 0 0 0 0 0 100000 0 0 0 0 2 0 1 21 3.998 1.938 ../shockspan1/noshocks/log/doc50cop1shlf1lif1000_af10000s1tTOTAL_gf0i0d0m0_sh0i0s0m0_sdl100000_seed779623269.log 12989 hl-extractinstructions.txt 20170731_184956 0.6_20170522 GenuineIntel_fam6mod69step1cor2spd2394.000 ca271fd341a2ea6cfeb1247a902e4a045fcfef13_81
20170731_184946 50 1 1 1000 100000 133966184 26 10000 9974 0 0 26 9 10000 1 0 0 0 24 0 0 0 0 0 100000 0 0 0 0 2 0 0 20 3.707 1.969 ../shockspan1/noshocks/log/doc50cop1shlf1lif1000_af10000s1tTOTAL_gf0i0d0m0_sh0i0s0m0_sdl100000_seed133966184.log 12975 hl-extractinstructions.txt 20170731_184957 0.6_20170522 GenuineIntel_fam6mod69step1cor2spd2394.000 ca271fd341a2ea6cfeb1247a902e4a045fcfef13_82
20170731_184959 50 1 1 1000 100000 219481355 36 10000 9964 0 0 36 9 10000 1 0 0 0 30 0 0 0 0 0 100000 0 0 0 0 2 0 0 24 2.871 1.75 ../shockspan1/noshocks/log/doc50cop1shlf1lif1000_af10000s1tTOTAL_gf0i0d0m0_sh0i0s0m0_sdl100000_seed219481355.log 12994 hl-extractinstructions.txt 20170731_185010 0.6_20170522 GenuineIntel_fam6mod69step1cor2spd2394.000 ca271fd341a2ea6cfeb1247a902e4a045fcfef13_83
20170731_185012 50 1 1 1000 100000 273745496 31 10000 9969 0 0 31 9 10000 1 0 0 0 27 0 0 0 0 0 100000 0 0 0 0 2 0 0 20 2.510 1.547 ../shockspan1/noshocks/log/doc50cop1shlf1lif1000_af10000s1tTOTAL_gf0i0d0m0_sh0i0s0m0_sdl100000_seed273745496.log 12972 hl-extractinstructions.txt 20170731_185022 0.6_20170522 GenuineIntel_fam6mod69step1cor2spd2394.000 ca271fd341a2ea6cfeb1247a902e4a045fcfef13_84
20170731_185023 50 1 1 1000 100000 422259284 42 10000 9958 0 0 42 9 10000 1 0 0 0 39 0 0 0 0 0 100000 0 0 0 0 2 0 0 12 4.406 2.36 ../shockspan1/noshocks/log/doc50cop1shlf1lif1000_af10000s1tTOTAL_gf0i0d0m0_sh0i0s0m0_sdl100000_seed422259284.log 12928 hl-extractinstructions.txt 20170731_185036 0.6_20170522 GenuineIntel_fam6mod69step1cor2spd2394.000 ca271fd341a2ea6cfeb1247a902e4a045fcfef13_85
20170731_185025 50 1 1 1000 100000 955201089 34 10000 9966 0 0 34 9 10000 1 0 0 0 32 0 0 0 0 0 100000 0 0 0 0 2 0 0 21 4.045 2.265 ../shockspan1/noshocks/log/doc50cop1shlf1lif1000_af10000s1tTOTAL_gf0i0d0m0_sh0i0s0m0_sdl100000_seed955201089.log 12978 hl-extractinstructions.txt 20170731_185036 0.6_20170522 GenuineIntel_fam6mod69step1cor2spd2394.000 ca271fd341a2ea6cfeb1247a902e4a045fcfef13_86
20170731_185027 50 1 1 1000 100000 634367214 10000 10000 0 0 0 10000 9 10000 1 0 0 0 10000 0 0 0 0 0 100000 0 0 0 0 2 0 1 18 4.766 2.797 ../shockspan1/noshocks/log/doc50cop1shlf1lif1000_af10000s1tTOTAL_gf0i0d0m0_sh0i0s0m0_sdl100000_seed634367214.log 12976 hl-extractinstructions.txt 20170731_185039 0.6_20170522 GenuineIntel_fam6mod69step1cor2spd2394.000 ca271fd341a2ea6cfeb1247a902e4a045fcfef13_87
20170731_185031 50 1 1 1000 100000 166280481 10000 10000 0 0 0 10000 9 10000 1 0 0 0 10000 0 0 0 0 0 100000 0 0 0 0 2 0 1 27 4.334 2.234 ../shockspan1/noshocks/log/doc50cop1shlf1lif1000_af10000s1tTOTAL_gf0i0d0m0_sh0i0s0m0_sdl100000_seed166280481.log 13022 hl-extractinstructions.txt 20170731_185043 0.6_20170522 GenuineIntel_fam6mod69step1cor2spd2394.000 ca271fd341a2ea6cfeb1247a902e4a045fcfef13_88
20170731_185044 50 1 1 1000 100000 950542138 39 10000 9961 0 0 39 9 10000 1 0 0 0 29 0 0 0 0 0 100000 0 0 0 0 2 0 0 19 3.823 1.89 ../shockspan1/noshocks/log/doc50cop1shlf1lif1000_af10000s1tTOTAL_gf0i0d0m0_sh0i0s0m0_sdl100000_seed950542138.log 12963 hl-extractinstructions.txt 20170731_185055 0.6_20170522 GenuineIntel_fam6mod69step1cor2spd2394.000 ca271fd341a2ea6cfeb1247a902e4a045fcfef13_89
20170731_185056 50 1 1 1000 100000 338766876 10000 10000 0 0 0 10000 9 10000 1 0 0 0 10000 0 0 0 0 0 100000 0 0 0 0 2 0 1 22 5.699 3.157 ../shockspan1/noshocks/log/doc50cop1shlf1lif1000_af10000s1tTOTAL_gf0i0d0m0_sh0i0s0m0_sdl100000_seed338766876.log 12999 hl-extractinstructions.txt 20170731_185110 0.6_20170522 GenuineIntel_fam6mod69step1cor2spd2394.000 ca271fd341a2ea6cfeb1247a902e4a045fcfef13_90
20170731_185058 50 1 1 1000 100000 507715397 10000 10000 0 0 0 10000 9 10000 1 0 0 0 10000 0 0 0 0 0 100000 0 0 0 0 2 0 1 22 4.795 2.437 ../shockspan1/noshocks/log/doc50cop1shlf1lif1000_af10000s1tTOTAL_gf0i0d0m0_sh0i0s0m0_sdl100000_seed507715397.log 12994 hl-extractinstructions.txt 20170731_185110 0.6_20170522 GenuineIntel_fam6mod69step1cor2spd2394.000 ca271fd341a2ea6cfeb1247a902e4a045fcfef13_91
20170731_185109 50 1 1 1000 100000 59405335 35 10000 9965 0 0 35 9 10000 1 0 0 0 34 0 0 0 0 0 100000 0 0 0 0 2 0 0 19 3.062 1.531 ../shockspan1/noshocks/log/doc50cop1shlf1lif1000_af10000s1tTOTAL_gf0i0d0m0_sh0i0s0m0_sdl100000_seed59405335.log 12964 hl-extractinstructions.txt 20170731_185120 0.6_20170522 GenuineIntel_fam6mod69step1cor2spd2394.000 ca271fd341a2ea6cfeb1247a902e4a045fcfef13_92
20170731_185121 50 1 1 1000 100000 455349142 25 10000 9975 0 0 25 9 10000 1 0 0 0 22 0 0 0 0 0 100000 0 0 0 0 2 0 0 20 4.352 2.391 ../shockspan1/noshocks/log/doc50cop1shlf1lif1000_af10000s1tTOTAL_gf0i0d0m0_sh0i0s0m0_sdl100000_seed455349142.log 12974 hl-extractinstructions.txt 20170731_185133 0.6_20170522 GenuineIntel_fam6mod69step1cor2spd2394.000 ca271fd341a2ea6cfeb1247a902e4a045fcfef13_93
20170731_185123 50 1 1 1000 100000 235032171 10000 10000 0 0 0 10000 9 10000 1 0 0 0 10000 0 0 0 0 0 100000 0 0 0 0 2 0 1 25 3.242 1.422 ../shockspan1/noshocks/log/doc50cop1shlf1lif1000_af10000s1tTOTAL_gf0i0d0m0_sh0i0s0m0_sdl100000_seed235032171.log 13004 hl-extractinstructions.txt 20170731_185134 0.6_20170522 GenuineIntel_fam6mod69step1cor2spd2394.000 ca271fd341a2ea6cfeb1247a902e4a045fcfef13_94
20170731_185145 50 1 1 1000 100000 178615611 30 10000 9970 0 0 30 9 10000 1 0 0 0 28 0 0 0 0 0 100000 0 0 0 0 2 0 0 17 4.583 2.422 ../shockspan1/noshocks/log/doc50cop1shlf1lif1000_af10000s1tTOTAL_gf0i0d0m0_sh0i0s0m0_sdl100000_seed178615611.log 12956 hl-extractinstructions.txt 20170731_185157 0.6_20170522 GenuineIntel_fam6mod69step1cor2spd2394.000 ca271fd341a2ea6cfeb1247a902e4a045fcfef13_95
20170731_185147 50 1 1 1000 100000 267313125 10000 10000 0 0 0 10000 9 10000 1 0 0 0 10000 0 0 0 0 0 100000 0 0 0 0 2 0 1 22 3.248 1.75 ../shockspan1/noshocks/log/doc50cop1shlf1lif1000_af10000s1tTOTAL_gf0i0d0m0_sh0i0s0m0_sdl100000_seed267313125.log 12994 hl-extractinstructions.txt 20170731_185158 0.6_20170522 GenuineIntel_fam6mod69step1cor2spd2394.000 ca271fd341a2ea6cfeb1247a902e4a045fcfef13_96
20170731_185201 50 1 1 1000 100000 749682202 37 10000 9963 0 0 37 9 10000 1 0 0 0 33 0 0 0 0 0 100000 0 0 0 0 2 0 0 25 4.436 2.172 ../shockspan1/noshocks/log/doc50cop1shlf1lif1000_af10000s1tTOTAL_gf0i0d0m0_sh0i0s0m0_sdl100000_seed749682202.log 13001 hl-extractinstructions.txt 20170731_185213 0.6_20170522 GenuineIntel_fam6mod69step1cor2spd2394.000 ca271fd341a2ea6cfeb1247a902e4a045fcfef13_98
20170731_185159 50 1 1 1000 100000 289290043 38 10000 9962 0 0 38 9 10000 1 0 0 0 32 0 0 0 0 0 100000 0 0 0 0 2 0 0 21 3.968 2.187 ../shockspan1/noshocks/log/doc50cop1shlf1lif1000_af10000s1tTOTAL_gf0i0d0m0_sh0i0s0m0_sdl100000_seed289290043.log 12980 hl-extractinstructions.txt 20170731_185216 0.6_20170522 GenuineIntel_fam6mod69step1cor2spd2394.000 ca271fd341a2ea6cfeb1247a902e4a045fcfef13_97
20170731_185212 50 1 1 1000 100000 453304600 36 10000 9964 0 0 36 9 10000 1 0 0 0 35 0 0 0 0 0 100000 0 0 0 0 2 0 0 19 3.055 1.406 ../shockspan1/noshocks/log/doc50cop1shlf1lif1000_af10000s1tTOTAL_gf0i0d0m0_sh0i0s0m0_sdl100000_seed453304600.log 12964 hl-extractinstructions.txt 20170731_185223 0.6_20170522 GenuineIntel_fam6mod69step1cor2spd2394.000 ca271fd341a2ea6cfeb1247a902e4a045fcfef13_99
20170731_185224 50 1 1 1000 100000 680128204 10000 10000 0 0 0 10000 9 10000 1 0 0 0 10000 0 0 0 0 0 100000 0 0 0 0 2 0 1 22 2.497 1.11 ../shockspan1/noshocks/log/doc50cop1shlf1lif1000_af10000s1tTOTAL_gf0i0d0m0_sh0i0s0m0_sdl100000_seed680128204.log 12988 hl-extractinstructions.txt 20170731_185235 0.6_20170522 GenuineIntel_fam6mod69step1cor2spd2394.000 ca271fd341a2ea6cfeb1247a902e4a045fcfef13_100
20170731_185506 50 1 1 1000 100000 449888404 10000 10000 0 0 0 10000 9 10000 1 0 0 0 10000 0 0 0 0 0 100000 0 0 0 0 2 0 1 21 4.242 1.812 ../shockspan1/noshocks/log/doc50cop1shlf1lif1000_af10000s1tTOTAL_gf0i0d0m0_sh0i0s0m0_sdl100000_seed449888404.log 12987 hl-extractinstructions.txt 20170731_185519 0.6_20170522 GenuineIntel_fam6mod69step1cor2spd2394.000 ca271fd341a2ea6cfeb1247a902e4a045fcfef13_102
20170731_185504 50 1 1 1000 100000 213707177 10000 10000 0 0 0 10000 9 10000 1 0 0 0 10000 0 0 0 0 0 100000 0 0 0 0 2 0 1 21 3.807 1.703 ../shockspan1/noshocks/log/doc50cop1shlf1lif1000_af10000s1tTOTAL_gf0i0d0m0_sh0i0s0m0_sdl100000_seed213707177.log 12985 hl-extractinstructions.txt 20170731_185517 0.6_20170522 GenuineIntel_fam6mod69step1cor2spd2394.000 ca271fd341a2ea6cfeb1247a902e4a045fcfef13_101
20170731_185508 50 1 1 1000 100000 786944203 42 10000 9958 0 0 42 9 10000 1 0 0 0 35 0 0 0 0 0 100000 0 0 0 0 2 0 0 20 5.090 2.453 ../shockspan1/noshocks/log/doc50cop1shlf1lif1000_af10000s1tTOTAL_gf0i0d0m0_sh0i0s0m0_sdl100000_seed786944203.log 12971 hl-extractinstructions.txt 20170731_185521 0.6_20170522 GenuineIntel_fam6mod69step1cor2spd2394.000 ca271fd341a2ea6cfeb1247a902e4a045fcfef13_103
20170731_185522 50 1 1 1000 100000 224650988 10000 10000 0 0 0 10000 9 10000 1 0 0 0 10000 0 0 0 0 0 100000 0 0 0 0 2 0 1 25 5.389 2.984 ../shockspan1/noshocks/log/doc50cop1shlf1lif1000_af10000s1tTOTAL_gf0i0d0m0_sh0i0s0m0_sdl100000_seed224650988.log 13015 hl-extractinstructions.txt 20170731_185535 0.6_20170522 GenuineIntel_fam6mod69step1cor2spd2394.000 ca271fd341a2ea6cfeb1247a902e4a045fcfef13_104
20170731_185524 50 1 1 1000 100000 414659295 10000 10000 0 0 0 10000 9 10000 1 0 0 0 10000 0 0 0 0 0 100000 0 0 0 0 2 0 1 20 4.094 1.814 ../shockspan1/noshocks/log/doc50cop1shlf1lif1000_af10000s1tTOTAL_gf0i0d0m0_sh0i0s0m0_sdl100000_seed414659295.log 12984 hl-extractinstructions.txt 20170731_185537 0.6_20170522 GenuineIntel_fam6mod69step1cor2spd2394.000 ca271fd341a2ea6cfeb1247a902e4a045fcfef13_105
20170731_185547 50 1 1 1000 100000 475516593 36 10000 9964 0 0 36 9 10000 1 0 0 0 33 0 0 0 0 0 100000 0 0 0 0 2 0 0 14 4.434 2.5 ../shockspan1/noshocks/log/doc50cop1shlf1lif1000_af10000s1tTOTAL_gf0i0d0m0_sh0i0s0m0_sdl100000_seed475516593.log 12933 hl-extractinstructions.txt 20170731_185559 0.6_20170522 GenuineIntel_fam6mod69step1cor2spd2394.000 ca271fd341a2ea6cfeb1247a902e4a045fcfef13_106
20170731_185549 50 1 1 1000 100000 695679780 33 10000 9967 0 0 33 9 10000 1 0 0 0 29 0 0 0 0 0 100000 0 0 0 0 2 0 0 20 3.757 2.14 ../shockspan1/noshocks/log/doc50cop1shlf1lif1000_af10000s1tTOTAL_gf0i0d0m0_sh0i0s0m0_sdl100000_seed695679780.log 12973 hl-extractinstructions.txt 20170731_185600 0.6_20170522 GenuineIntel_fam6mod69step1cor2spd2394.000 ca271fd341a2ea6cfeb1247a902e4a045fcfef13_107
20170731_185601 50 1 1 1000 100000 985588907 31 10000 9969 0 0 31 9 10000 1 0 0 0 28 0 0 0 0 0 100000 0 0 0 0 2 0 0 15 3.621 2.094 ../shockspan1/noshocks/log/doc50cop1shlf1lif1000_af10000s1tTOTAL_gf0i0d0m0_sh0i0s0m0_sdl100000_seed985588907.log 12947 hl-extractinstructions.txt 20170731_185612 0.6_20170522 GenuineIntel_fam6mod69step1cor2spd2394.000 ca271fd341a2ea6cfeb1247a902e4a045fcfef13_108
20170731_185602 50 1 1 1000 100000 749891185 29 10000 9971 0 0 29 9 10000 1 0 0 0 25 0 0 0 0 0 100000 0 0 0 0 2 0 0 20 3.089 1.875 ../shockspan1/noshocks/log/doc50cop1shlf1lif1000_af10000s1tTOTAL_gf0i0d0m0_sh0i0s0m0_sdl100000_seed749891185.log 12977 hl-extractinstructions.txt 20170731_185613 0.6_20170522 GenuineIntel_fam6mod69step1cor2spd2394.000 ca271fd341a2ea6cfeb1247a902e4a045fcfef13_109
20170731_185624 50 1 1 1000 100000 801620562 10000 10000 0 0 0 10000 9 10000 1 0 0 0 10000 0 0 0 0 0 100000 0 0 0 0 2 0 1 27 3.746 1.641 ../shockspan1/noshocks/log/doc50cop1shlf1lif1000_af10000s1tTOTAL_gf0i0d0m0_sh0i0s0m0_sdl100000_seed801620562.log 13023 hl-extractinstructions.txt 20170731_185636 0.6_20170522 GenuineIntel_fam6mod69step1cor2spd2394.000 ca271fd341a2ea6cfeb1247a902e4a045fcfef13_110
20170731_185626 50 1 1 1000 100000 984325748 38 10000 9962 0 0 38 9 10000 1 0 0 0 34 0 0 0 0 0 100000 0 0 0 0 2 0 0 15 3.505 1.968 ../shockspan1/noshocks/log/doc50cop1shlf1lif1000_af10000s1tTOTAL_gf0i0d0m0_sh0i0s0m0_sdl100000_seed984325748.log 12949 hl-extractinstructions.txt 20170731_185637 0.6_20170522 GenuineIntel_fam6mod69step1cor2spd2394.000 ca271fd341a2ea6cfeb1247a902e4a045fcfef13_111
20170731_185639 50 1 1 1000 100000 831985903 38 10000 9962 0 0 38 9 10000 1 0 0 0 35 0 0 0 0 0 100000 0 0 0 0 2 0 0 19 3.997 2.203 ../shockspan1/noshocks/log/doc50cop1shlf1lif1000_af10000s1tTOTAL_gf0i0d0m0_sh0i0s0m0_sdl100000_seed831985903.log 12971 hl-extractinstructions.txt 20170731_185651 0.6_20170522 GenuineIntel_fam6mod69step1cor2spd2394.000 ca271fd341a2ea6cfeb1247a902e4a045fcfef13_112
20170731_185641 50 1 1 1000 100000 663286787 30 10000 9970 0 0 30 9 10000 1 0 0 0 29 0 0 0 0 0 100000 0 0 0 0 2 0 0 19 3.194 1.937 ../shockspan1/noshocks/log/doc50cop1shlf1lif1000_af10000s1tTOTAL_gf0i0d0m0_sh0i0s0m0_sdl100000_seed663286787.log 12970 hl-extractinstructions.txt 20170731_185652 0.6_20170522 GenuineIntel_fam6mod69step1cor2spd2394.000 ca271fd341a2ea6cfeb1247a902e4a045fcfef13_113
20170731_185652 50 1 1 1000 100000 980759859 10000 10000 0 0 0 10000 9 10000 1 0 0 0 10000 0 0 0 0 0 100000 0 0 0 0 2 0 1 21 3.862 1.969 ../shockspan1/noshocks/log/doc50cop1shlf1lif1000_af10000s1tTOTAL_gf0i0d0m0_sh0i0s0m0_sdl100000_seed980759859.log 12995 hl-extractinstructions.txt 20170731_185704 0.6_20170522 GenuineIntel_fam6mod69step1cor2spd2394.000 ca271fd341a2ea6cfeb1247a902e4a045fcfef13_114
20170731_185654 50 1 1 1000 100000 998813091 47 10000 9953 0 0 47 9 10000 1 0 0 0 38 0 0 0 0 0 100000 0 0 0 0 2 0 0 18 3.478 2.187 ../shockspan1/noshocks/log/doc50cop1shlf1lif1000_af10000s1tTOTAL_gf0i0d0m0_sh0i0s0m0_sdl100000_seed998813091.log 12963 hl-extractinstructions.txt 20170731_185706 0.6_20170522 GenuineIntel_fam6mod69step1cor2spd2394.000 ca271fd341a2ea6cfeb1247a902e4a045fcfef13_115
20170731_185707 50 1 1 1000 100000 506953738 10000 10000 0 0 0 10000 9 10000 1 0 0 0 10000 0 0 0 0 0 100000 0 0 0 0 2 0 1 20 3.539 1.718 ../shockspan1/noshocks/log/doc50cop1shlf1lif1000_af10000s1tTOTAL_gf0i0d0m0_sh0i0s0m0_sdl100000_seed506953738.log 12981 hl-extractinstructions.txt 20170731_185718 0.6_20170522 GenuineIntel_fam6mod69step1cor2spd2394.000 ca271fd341a2ea6cfeb1247a902e4a045fcfef13_116
20170731_185708 50 1 1 1000 100000 457024625 38 10000 9962 0 0 38 9 10000 1 0 0 0 37 0 0 0 0 0 100000 0 0 0 0 2 0 0 22 5.342 2.515 ../shockspan1/noshocks/log/doc50cop1shlf1lif1000_af10000s1tTOTAL_gf0i0d0m0_sh0i0s0m0_sdl100000_seed457024625.log 12985 hl-extractinstructions.txt 20170731_185721 0.6_20170522 GenuineIntel_fam6mod69step1cor2spd2394.000 ca271fd341a2ea6cfeb1247a902e4a045fcfef13_117
20170731_185720 50 1 1 1000 100000 682516556 34 10000 9966 0 0 34 9 10000 1 0 0 0 28 0 0 0 0 0 100000 0 0 0 0 2 0 0 19 3.386 1.937 ../shockspan1/noshocks/log/doc50cop1shlf1lif1000_af10000s1tTOTAL_gf0i0d0m0_sh0i0s0m0_sdl100000_seed682516556.log 12969 hl-extractinstructions.txt 20170731_185732 0.6_20170522 GenuineIntel_fam6mod69step1cor2spd2394.000 ca271fd341a2ea6cfeb1247a902e4a045fcfef13_118
20170731_185732 50 1 1 1000 100000 344372563 10000 10000 0 0 0 10000 9 10000 1 0 0 0 10000 0 0 0 0 0 100000 0 0 0 0 2 0 1 20 2.653 1.203 ../shockspan1/noshocks/log/doc50cop1shlf1lif1000_af10000s1tTOTAL_gf0i0d0m0_sh0i0s0m0_sdl100000_seed344372563.log 12978 hl-extractinstructions.txt 20170731_185743 0.6_20170522 GenuineIntel_fam6mod69step1cor2spd2394.000 ca271fd341a2ea6cfeb1247a902e4a045fcfef13_119
20170731_185744 50 1 1 1000 100000 864995119 10000 10000 0 0 0 10000 9 10000 1 0 0 0 10000 0 0 0 0 0 100000 0 0 0 0 2 0 1 22 3.184 1.296 ../shockspan1/noshocks/log/doc50cop1shlf1lif1000_af10000s1tTOTAL_gf0i0d0m0_sh0i0s0m0_sdl100000_seed864995119.log 12989 hl-extractinstructions.txt 20170731_185755 0.6_20170522 GenuineIntel_fam6mod69step1cor2spd2394.000 ca271fd341a2ea6cfeb1247a902e4a045fcfef13_120
20170731_185746 50 1 1 1000 100000 719032354 10000 10000 0 0 0 10000 9 10000 1 0 0 0 10000 0 0 0 0 0 100000 0 0 0 0 2 0 1 21 2.665 1.265 ../shockspan1/noshocks/log/doc50cop1shlf1lif1000_af10000s1tTOTAL_gf0i0d0m0_sh0i0s0m0_sdl100000_seed719032354.log 12980 hl-extractinstructions.txt 20170731_185756 0.6_20170522 GenuineIntel_fam6mod69step1cor2spd2394.000 ca271fd341a2ea6cfeb1247a902e4a045fcfef13_121
20170731_185757 50 1 1 1000 100000 244877446 32 10000 9968 0 0 32 9 10000 1 0 0 0 27 0 0 0 0 0 100000 0 0 0 0 2 0 0 13 4.071 2.28 ../shockspan1/noshocks/log/doc50cop1shlf1lif1000_af10000s1tTOTAL_gf0i0d0m0_sh0i0s0m0_sdl100000_seed244877446.log 12933 hl-extractinstructions.txt 20170731_185810 0.6_20170522 GenuineIntel_fam6mod69step1cor2spd2394.000 ca271fd341a2ea6cfeb1247a902e4a045fcfef13_122
20170731_185759 50 1 1 1000 100000 957868627 30 10000 9970 0 0 30 9 10000 1 0 0 0 28 0 0 0 0 0 100000 0 0 0 0 2 0 0 21 5.003 2.359 ../shockspan1/noshocks/log/doc50cop1shlf1lif1000_af10000s1tTOTAL_gf0i0d0m0_sh0i0s0m0_sdl100000_seed957868627.log 12980 hl-extractinstructions.txt 20170731_185812 0.6_20170522 GenuineIntel_fam6mod69step1cor2spd2394.000 ca271fd341a2ea6cfeb1247a902e4a045fcfef13_123
20170731_185811 50 1 1 1000 100000 994970232 32 10000 9968 0 0 32 9 10000 1 0 0 0 28 0 0 0 0 0 100000 0 0 0 0 2 0 0 16 4.617 2.484 ../shockspan1/noshocks/log/doc50cop1shlf1lif1000_af10000s1tTOTAL_gf0i0d0m0_sh0i0s0m0_sdl100000_seed994970232.log 12951 hl-extractinstructions.txt 20170731_185824 0.6_20170522 GenuineIntel_fam6mod69step1cor2spd2394.000 ca271fd341a2ea6cfeb1247a902e4a045fcfef13_124
20170731_185813 50 1 1 1000 100000 777792669 41 10000 9959 0 0 41 9 10000 1 0 0 0 40 0 0 0 0 0 100000 0 0 0 0 2 0 0 24 4.960 2.5 ../shockspan1/noshocks/log/doc50cop1shlf1lif1000_af10000s1tTOTAL_gf0i0d0m0_sh0i0s0m0_sdl100000_seed777792669.log 12993 hl-extractinstructions.txt 20170731_185829 0.6_20170522 GenuineIntel_fam6mod69step1cor2spd2394.000 ca271fd341a2ea6cfeb1247a902e4a045fcfef13_125
20170731_185825 50 1 1 1000 100000 128266976 29 10000 9971 0 0 29 9 10000 1 0 0 0 27 0 0 0 0 0 100000 0 0 0 0 2 0 0 16 4.400 2.39 ../shockspan1/noshocks/log/doc50cop1shlf1lif1000_af10000s1tTOTAL_gf0i0d0m0_sh0i0s0m0_sdl100000_seed128266976.log 12945 hl-extractinstructions.txt 20170731_185837 0.6_20170522 GenuineIntel_fam6mod69step1cor2spd2394.000 ca271fd341a2ea6cfeb1247a902e4a045fcfef13_126
20170731_185826 50 1 1 1000 100000 334829124 10000 10000 0 0 0 10000 9 10000 1 0 0 0 10000 0 0 0 0 0 100000 0 0 0 0 2 0 1 21 3.877 1.985 ../shockspan1/noshocks/log/doc50cop1shlf1lif1000_af10000s1tTOTAL_gf0i0d0m0_sh0i0s0m0_sdl100000_seed334829124.log 12987 hl-extractinstructions.txt 20170731_185838 0.6_20170522 GenuineIntel_fam6mod69step1cor2spd2394.000 ca271fd341a2ea6cfeb1247a902e4a045fcfef13_127
20170731_185849 50 1 1 1000 100000 754367643 43 10000 9957 0 0 43 9 10000 1 0 0 0 40 0 0 0 0 0 100000 0 0 0 0 2 0 0 18 4.280 2.359 ../shockspan1/noshocks/log/doc50cop1shlf1lif1000_af10000s1tTOTAL_gf0i0d0m0_sh0i0s0m0_sdl100000_seed754367643.log 12965 hl-extractinstructions.txt 20170731_185901 0.6_20170522 GenuineIntel_fam6mod69step1cor2spd2394.000 ca271fd341a2ea6cfeb1247a902e4a045fcfef13_128
20170731_185850 50 1 1 1000 100000 459076918 34 10000 9966 0 0 34 9 10000 1 0 0 0 31 0 0 0 0 0 100000 0 0 0 0 2 0 0 19 3.768 2.125 ../shockspan1/noshocks/log/doc50cop1shlf1lif1000_af10000s1tTOTAL_gf0i0d0m0_sh0i0s0m0_sdl100000_seed459076918.log 12966 hl-extractinstructions.txt 20170731_185902 0.6_20170522 GenuineIntel_fam6mod69step1cor2spd2394.000 ca271fd341a2ea6cfeb1247a902e4a045fcfef13_129
20170731_185903 50 1 1 1000 100000 971798972 45 10000 9955 0 0 45 9 10000 1 0 0 0 35 0 0 0 0 0 100000 0 0 0 0 2 0 0 19 3.759 2.14 ../shockspan1/noshocks/log/doc50cop1shlf1lif1000_af10000s1tTOTAL_gf0i0d0m0_sh0i0s0m0_sdl100000_seed971798972.log 12967 hl-extractinstructions.txt 20170731_185914 0.6_20170522 GenuineIntel_fam6mod69step1cor2spd2394.000 ca271fd341a2ea6cfeb1247a902e4a045fcfef13_130
20170731_185904 50 1 1 1000 100000 551018883 10000 10000 0 0 0 10000 9 10000 1 0 0 0 10000 0 0 0 0 0 100000 0 0 0 0 2 0 1 24 3.153 1.969 ../shockspan1/noshocks/log/doc50cop1shlf1lif1000_af10000s1tTOTAL_gf0i0d0m0_sh0i0s0m0_sdl100000_seed551018883.log 13011 hl-extractinstructions.txt 20170731_185915 0.6_20170522 GenuineIntel_fam6mod69step1cor2spd2394.000 ca271fd341a2ea6cfeb1247a902e4a045fcfef13_131
20170731_185926 50 1 1 1000 100000 325730093 10000 10000 0 0 0 10000 9 10000 1 0 0 0 10000 0 0 0 0 0 100000 0 0 0 0 2 0 1 21 4.275 2.063 ../shockspan1/noshocks/log/doc50cop1shlf1lif1000_af10000s1tTOTAL_gf0i0d0m0_sh0i0s0m0_sdl100000_seed325730093.log 12994 hl-extractinstructions.txt 20170731_185939 0.6_20170522 GenuineIntel_fam6mod69step1cor2spd2394.000 ca271fd341a2ea6cfeb1247a902e4a045fcfef13_132
20170731_185928 50 1 1 1000 100000 560384204 46 10000 9954 0 0 46 9 10000 1 0 0 0 41 0 0 0 0 0 100000 0 0 0 0 2 0 0 23 4.890 2.594 ../shockspan1/noshocks/log/doc50cop1shlf1lif1000_af10000s1tTOTAL_gf0i0d0m0_sh0i0s0m0_sdl100000_seed560384204.log 12992 hl-extractinstructions.txt 20170731_185941 0.6_20170522 GenuineIntel_fam6mod69step1cor2spd2394.000 ca271fd341a2ea6cfeb1247a902e4a045fcfef13_133
20170731_185932 50 1 1 1000 100000 914408224 10000 10000 0 0 0 10000 9 10000 1 0 0 0 10000 0 0 0 0 0 100000 0 0 0 0 2 0 1 22 4.299 2.187 ../shockspan1/noshocks/log/doc50cop1shlf1lif1000_af10000s1tTOTAL_gf0i0d0m0_sh0i0s0m0_sdl100000_seed914408224.log 12999 hl-extractinstructions.txt 20170731_185944 0.6_20170522 GenuineIntel_fam6mod69step1cor2spd2394.000 ca271fd341a2ea6cfeb1247a902e4a045fcfef13_134
20170731_185934 50 1 1 1000 100000 811866901 26 10000 9974 0 0 26 9 10000 1 0 0 0 24 0 0 0 0 0 100000 0 0 0 0 2 0 0 24 3.838 2.266 ../shockspan1/noshocks/log/doc50cop1shlf1lif1000_af10000s1tTOTAL_gf0i0d0m0_sh0i0s0m0_sdl100000_seed811866901.log 12998 hl-extractinstructions.txt 20170731_185945 0.6_20170522 GenuineIntel_fam6mod69step1cor2spd2394.000 ca271fd341a2ea6cfeb1247a902e4a045fcfef13_135
20170731_185947 50 1 1 1000 100000 626301696 10000 10000 0 0 0 10000 9 10000 1 0 0 0 10000 0 0 0 0 0 100000 0 0 0 0 2 0 1 19 2.803 1.344 ../shockspan1/noshocks/log/doc50cop1shlf1lif1000_af10000s1tTOTAL_gf0i0d0m0_sh0i0s0m0_sdl100000_seed626301696.log 12981 hl-extractinstructions.txt 20170731_185958 0.6_20170522 GenuineIntel_fam6mod69step1cor2spd2394.000 ca271fd341a2ea6cfeb1247a902e4a045fcfef13_136
20170731_190000 50 1 1 1000 100000 789609272 10000 10000 0 0 0 10000 9 10000 1 0 0 0 10000 0 0 0 0 0 100000 0 0 0 0 2 0 1 22 4.282 2.219 ../shockspan1/noshocks/log/doc50cop1shlf1lif1000_af10000s1tTOTAL_gf0i0d0m0_sh0i0s0m0_sdl100000_seed789609272.log 13000 hl-extractinstructions.txt 20170731_190012 0.6_20170522 GenuineIntel_fam6mod69step1cor2spd2394.000 ca271fd341a2ea6cfeb1247a902e4a045fcfef13_137
20170731_190001 50 1 1 1000 100000 758580929 40 10000 9960 0 0 40 9 10000 1 0 0 0 35 0 0 0 0 0 100000 0 0 0 0 2 0 0 14 4.263 2.453 ../shockspan1/noshocks/log/doc50cop1shlf1lif1000_af10000s1tTOTAL_gf0i0d0m0_sh0i0s0m0_sdl100000_seed758580929.log 12941 hl-extractinstructions.txt 20170731_190013 0.6_20170522 GenuineIntel_fam6mod69step1cor2spd2394.000 ca271fd341a2ea6cfeb1247a902e4a045fcfef13_138
20170731_190003 50 1 1 1000 100000 659857032 31 10000 9969 0 0 31 9 10000 1 0 0 0 29 0 0 0 0 0 100000 0 0 0 0 2 0 0 11 3.511 1.969 ../shockspan1/noshocks/log/doc50cop1shlf1lif1000_af10000s1tTOTAL_gf0i0d0m0_sh0i0s0m0_sdl100000_seed659857032.log 12923 hl-extractinstructions.txt 20170731_190014 0.6_20170522 GenuineIntel_fam6mod69step1cor2spd2394.000 ca271fd341a2ea6cfeb1247a902e4a045fcfef13_139
20170731_190015 50 1 1 1000 100000 527605438 29 10000 9971 0 0 29 9 10000 1 0 0 0 25 0 0 0 0 0 100000 0 0 0 0 2 0 0 23 3.604 2.109 ../shockspan1/noshocks/log/doc50cop1shlf1lif1000_af10000s1tTOTAL_gf0i0d0m0_sh0i0s0m0_sdl100000_seed527605438.log 12992 hl-extractinstructions.txt 20170731_190026 0.6_20170522 GenuineIntel_fam6mod69step1cor2spd2394.000 ca271fd341a2ea6cfeb1247a902e4a045fcfef13_140
20170731_190016 50 1 1 1000 100000 292419639 10000 10000 0 0 0 10000 9 10000 1 0 0 0 10000 0 0 0 0 0 100000 0 0 0 0 2 0 1 23 3.021 1.5 ../shockspan1/noshocks/log/doc50cop1shlf1lif1000_af10000s1tTOTAL_gf0i0d0m0_sh0i0s0m0_sdl100000_seed292419639.log 13000 hl-extractinstructions.txt 20170731_190027 0.6_20170522 GenuineIntel_fam6mod69step1cor2spd2394.000 ca271fd341a2ea6cfeb1247a902e4a045fcfef13_141
20170731_190028 50 1 1 1000 100000 561921035 10000 10000 0 0 0 10000 9 10000 1 0 0 0 10000 0 0 0 0 0 100000 0 0 0 0 2 0 1 17 4.126 2.469 ../shockspan1/noshocks/log/doc50cop1shlf1lif1000_af10000s1tTOTAL_gf0i0d0m0_sh0i0s0m0_sdl100000_seed561921035.log 12969 hl-extractinstructions.txt 20170731_190040 0.6_20170522 GenuineIntel_fam6mod69step1cor2spd2394.000 ca271fd341a2ea6cfeb1247a902e4a045fcfef13_142
20170731_190030 50 1 1 1000 100000 141305878 10000 10000 0 0 0 10000 9 10000 1 0 0 0 10000 0 0 0 0 0 100000 0 0 0 0 2 0 1 21 3.657 2.422 ../shockspan1/noshocks/log/doc50cop1shlf1lif1000_af10000s1tTOTAL_gf0i0d0m0_sh0i0s0m0_sdl100000_seed141305878.log 12992 hl-extractinstructions.txt 20170731_190042 0.6_20170522 GenuineIntel_fam6mod69step1cor2spd2394.000 ca271fd341a2ea6cfeb1247a902e4a045fcfef13_143
20170731_190042 50 1 1 1000 100000 326467846 41 10000 9959 0 0 41 9 10000 1 0 0 0 40 0 0 0 0 0 100000 0 0 0 0 2 0 0 25 3.855 2.172 ../shockspan1/noshocks/log/doc50cop1shlf1lif1000_af10000s1tTOTAL_gf0i0d0m0_sh0i0s0m0_sdl100000_seed326467846.log 13005 hl-extractinstructions.txt 20170731_190055 0.6_20170522 GenuineIntel_fam6mod69step1cor2spd2394.000 ca271fd341a2ea6cfeb1247a902e4a045fcfef13_144
20170731_190044 50 1 1 1000 100000 932506285 27 10000 9973 0 0 27 9 10000 1 0 0 0 24 0 0 0 0 0 100000 0 0 0 0 2 0 0 22 4.260 2.327 ../shockspan1/noshocks/log/doc50cop1shlf1lif1000_af10000s1tTOTAL_gf0i0d0m0_sh0i0s0m0_sdl100000_seed932506285.log 12984 hl-extractinstructions.txt 20170731_190056 0.6_20170522 GenuineIntel_fam6mod69step1cor2spd2394.000 ca271fd341a2ea6cfeb1247a902e4a045fcfef13_145
20170731_190056 50 1 1 1000 100000 442053421 43 10000 9957 0 0 43 9 10000 1 0 0 0 42 0 0 0 0 0 100000 0 0 0 0 2 0 0 23 3.533 1.843 ../shockspan1/noshocks/log/doc50cop1shlf1lif1000_af10000s1tTOTAL_gf0i0d0m0_sh0i0s0m0_sdl100000_seed442053421.log 12991 hl-extractinstructions.txt 20170731_190107 0.6_20170522 GenuineIntel_fam6mod69step1cor2spd2394.000 ca271fd341a2ea6cfeb1247a902e4a045fcfef13_146
20170731_190108 50 1 1 1000 100000 599751846 10000 10000 0 0 0 10000 9 10000 1 0 0 0 10000 0 0 0 0 0 100000 0 0 0 0 2 0 1 18 3.764 2.359 ../shockspan1/noshocks/log/doc50cop1shlf1lif1000_af10000s1tTOTAL_gf0i0d0m0_sh0i0s0m0_sdl100000_seed599751846.log 12973 hl-extractinstructions.txt 20170731_190119 0.6_20170522 GenuineIntel_fam6mod69step1cor2spd2394.000 ca271fd341a2ea6cfeb1247a902e4a045fcfef13_147
20170731_190120 50 1 1 1000 100000 35346421 28 10000 9972 0 0 28 9 10000 1 0 0 0 26 0 0 0 0 0 100000 0 0 0 0 2 0 0 21 4.240 2.406 ../shockspan1/noshocks/log/doc50cop1shlf1lif1000_af10000s1tTOTAL_gf0i0d0m0_sh0i0s0m0_sdl100000_seed35346421.log 12973 hl-extractinstructions.txt 20170731_190131 0.6_20170522 GenuineIntel_fam6mod69step1cor2spd2394.000 ca271fd341a2ea6cfeb1247a902e4a045fcfef13_148
20170731_190121 50 1 1 1000 100000 987593127 44 10000 9956 0 0 44 9 10000 1 0 0 0 36 0 0 0 0 0 100000 0 0 0 0 2 0 0 21 3.781 2.265 ../shockspan1/noshocks/log/doc50cop1shlf1lif1000_af10000s1tTOTAL_gf0i0d0m0_sh0i0s0m0_sdl100000_seed987593127.log 12978 hl-extractinstructions.txt 20170731_190133 0.6_20170522 GenuineIntel_fam6mod69step1cor2spd2394.000 ca271fd341a2ea6cfeb1247a902e4a045fcfef13_149
20170731_190134 50 1 1 1000 100000 912254041 31 10000 9969 0 0 31 9 10000 1 0 0 0 29 0 0 0 0 0 100000 0 0 0 0 2 0 0 16 2.903 1.672 ../shockspan1/noshocks/log/doc50cop1shlf1lif1000_af10000s1tTOTAL_gf0i0d0m0_sh0i0s0m0_sdl100000_seed912254041.log 12953 hl-extractinstructions.txt 20170731_190145 0.6_20170522 GenuineIntel_fam6mod69step1cor2spd2394.000 ca271fd341a2ea6cfeb1247a902e4a045fcfef13_150
20170731_190146 50 1 1 1000 100000 187864735 10000 10000 0 0 0 10000 9 10000 1 0 0 0 10000 0 0 0 0 0 100000 0 0 0 0 2 0 1 21 3.052 1.594 ../shockspan1/noshocks/log/doc50cop1shlf1lif1000_af10000s1tTOTAL_gf0i0d0m0_sh0i0s0m0_sdl100000_seed187864735.log 12989 hl-extractinstructions.txt 20170731_190156 0.6_20170522 GenuineIntel_fam6mod69step1cor2spd2394.000 ca271fd341a2ea6cfeb1247a902e4a045fcfef13_151
20170731_190158 50 1 1 1000 100000 975945681 40 10000 9960 0 0 40 9 10000 1 0 0 0 34 0 0 0 0 0 100000 0 0 0 0 2 0 0 19 4.719 2.422 ../shockspan1/noshocks/log/doc50cop1shlf1lif1000_af10000s1tTOTAL_gf0i0d0m0_sh0i0s0m0_sdl100000_seed975945681.log 12968 hl-extractinstructions.txt 20170731_190210 0.6_20170522 GenuineIntel_fam6mod69step1cor2spd2394.000 ca271fd341a2ea6cfeb1247a902e4a045fcfef13_152
20170731_190200 50 1 1 1000 100000 643701349 10000 10000 0 0 0 10000 9 10000 1 0 0 0 10000 0 0 0 0 0 100000 0 0 0 0 2 0 1 23 3.964 1.906 ../shockspan1/noshocks/log/doc50cop1shlf1lif1000_af10000s1tTOTAL_gf0i0d0m0_sh0i0s0m0_sdl100000_seed643701349.log 12995 hl-extractinstructions.txt 20170731_190211 0.6_20170522 GenuineIntel_fam6mod69step1cor2spd2394.000 ca271fd341a2ea6cfeb1247a902e4a045fcfef13_153
20170731_190202 50 1 1 1000 100000 61284573 10000 10000 0 0 0 10000 9 10000 1 0 0 0 10000 0 0 0 0 0 100000 0 0 0 0 2 0 1 17 3.185 1.375 ../shockspan1/noshocks/log/doc50cop1shlf1lif1000_af10000s1tTOTAL_gf0i0d0m0_sh0i0s0m0_sdl100000_seed61284573.log 12960 hl-extractinstructions.txt 20170731_190213 0.6_20170522 GenuineIntel_fam6mod69step1cor2spd2394.000 ca271fd341a2ea6cfeb1247a902e4a045fcfef13_154
20170731_190214 50 1 1 1000 100000 941130688 10000 10000 0 0 0 10000 9 10000 1 0 0 0 10000 0 0 0 0 0 100000 0 0 0 0 2 0 1 20 3.186 1.671 ../shockspan1/noshocks/log/doc50cop1shlf1lif1000_af10000s1tTOTAL_gf0i0d0m0_sh0i0s0m0_sdl100000_seed941130688.log 12983 hl-extractinstructions.txt 20170731_190225 0.6_20170522 GenuineIntel_fam6mod69step1cor2spd2394.000 ca271fd341a2ea6cfeb1247a902e4a045fcfef13_155
20170731_190216 50 1 1 1000 100000 283623966 41 10000 9959 0 0 41 9 10000 1 0 0 0 38 0 0 0 0 0 100000 0 0 0 0 2 0 0 20 3.065 1.797 ../shockspan1/noshocks/log/doc50cop1shlf1lif1000_af10000s1tTOTAL_gf0i0d0m0_sh0i0s0m0_sdl100000_seed283623966.log 12971 hl-extractinstructions.txt 20170731_190227 0.6_20170522 GenuineIntel_fam6mod69step1cor2spd2394.000 ca271fd341a2ea6cfeb1247a902e4a045fcfef13_156
20170731_190228 50 1 1 1000 100000 109736282 10000 10000 0 0 0 10000 9 10000 1 0 0 0 10000 0 0 0 0 0 100000 0 0 0 0 2 0 1 22 3.951 2.187 ../shockspan1/noshocks/log/doc50cop1shlf1lif1000_af10000s1tTOTAL_gf0i0d0m0_sh0i0s0m0_sdl100000_seed109736282.log 12996 hl-extractinstructions.txt 20170731_190239 0.6_20170522 GenuineIntel_fam6mod69step1cor2spd2394.000 ca271fd341a2ea6cfeb1247a902e4a045fcfef13_157
20170731_190230 50 1 1 1000 100000 268697092 10000 10000 0 0 0 10000 9 10000 1 0 0 0 10000 0 0 0 0 0 100000 0 0 0 0 2 0 1 18 2.754 1.562 ../shockspan1/noshocks/log/doc50cop1shlf1lif1000_af10000s1tTOTAL_gf0i0d0m0_sh0i0s0m0_sdl100000_seed268697092.log 12969 hl-extractinstructions.txt 20170731_190240 0.6_20170522 GenuineIntel_fam6mod69step1cor2spd2394.000 ca271fd341a2ea6cfeb1247a902e4a045fcfef13_158
20170731_190241 50 1 1 1000 100000 355627877 10000 10000 0 0 0 10000 9 10000 1 0 0 0 10000 0 0 0 0 0 100000 0 0 0 0 2 0 1 22 3.577 1.859 ../shockspan1/noshocks/log/doc50cop1shlf1lif1000_af10000s1tTOTAL_gf0i0d0m0_sh0i0s0m0_sdl100000_seed355627877.log 13000 hl-extractinstructions.txt 20170731_190253 0.6_20170522 GenuineIntel_fam6mod69step1cor2spd2394.000 ca271fd341a2ea6cfeb1247a902e4a045fcfef13_159
20170731_190243 50 1 1 1000 100000 989871041 30 10000 9970 0 0 30 9 10000 1 0 0 0 26 0 0 0 0 0 100000 0 0 0 0 2 0 0 14 3.485 2.0 ../shockspan1/noshocks/log/doc50cop1shlf1lif1000_af10000s1tTOTAL_gf0i0d0m0_sh0i0s0m0_sdl100000_seed989871041.log 12938 hl-extractinstructions.txt 20170731_190254 0.6_20170522 GenuineIntel_fam6mod69step1cor2spd2394.000 ca271fd341a2ea6cfeb1247a902e4a045fcfef13_160
20170731_190255 50 1 1 1000 100000 426146734 10000 10000 0 0 0 10000 9 10000 1 0 0 0 10000 0 0 0 0 0 100000 0 0 0 0 2 0 1 19 3.233 1.656 ../shockspan1/noshocks/log/doc50cop1shlf1lif1000_af10000s1tTOTAL_gf0i0d0m0_sh0i0s0m0_sdl100000_seed426146734.log 12981 hl-extractinstructions.txt 20170731_190306 0.6_20170522 GenuineIntel_fam6mod69step1cor2spd2394.000 ca271fd341a2ea6cfeb1247a902e4a045fcfef13_161
20170731_190257 50 1 1 1000 100000 399463746 10000 10000 0 0 0 10000 9 10000 1 0 0 0 10000 0 0 0 0 0 100000 0 0 0 0 2 0 1 20 3.114 1.688 ../shockspan1/noshocks/log/doc50cop1shlf1lif1000_af10000s1tTOTAL_gf0i0d0m0_sh0i0s0m0_sdl100000_seed399463746.log 12989 hl-extractinstructions.txt 20170731_190308 0.6_20170522 GenuineIntel_fam6mod69step1cor2spd2394.000 ca271fd341a2ea6cfeb1247a902e4a045fcfef13_162
20170731_190309 50 1 1 1000 100000 283521330 32 10000 9968 0 0 32 9 10000 1 0 0 0 27 0 0 0 0 0 100000 0 0 0 0 2 0 0 18 3.909 2.22 ../shockspan1/noshocks/log/doc50cop1shlf1lif1000_af10000s1tTOTAL_gf0i0d0m0_sh0i0s0m0_sdl100000_seed283521330.log 12962 hl-extractinstructions.txt 20170731_190320 0.6_20170522 GenuineIntel_fam6mod69step1cor2spd2394.000 ca271fd341a2ea6cfeb1247a902e4a045fcfef13_163
20170731_190310 50 1 1 1000 100000 842241587 10000 10000 0 0 0 10000 9 10000 1 0 0 0 10000 0 0 0 0 0 100000 0 0 0 0 2 0 1 19 3.172 1.735 ../shockspan1/noshocks/log/doc50cop1shlf1lif1000_af10000s1tTOTAL_gf0i0d0m0_sh0i0s0m0_sdl100000_seed842241587.log 12982 hl-extractinstructions.txt 20170731_190321 0.6_20170522 GenuineIntel_fam6mod69step1cor2spd2394.000 ca271fd341a2ea6cfeb1247a902e4a045fcfef13_164
20170731_190322 50 1 1 1000 100000 278562258 32 10000 9968 0 0 32 9 10000 1 0 0 0 26 0 0 0 0 0 100000 0 0 0 0 2 0 0 20 3.991 2.329 ../shockspan1/noshocks/log/doc50cop1shlf1lif1000_af10000s1tTOTAL_gf0i0d0m0_sh0i0s0m0_sdl100000_seed278562258.log 12976 hl-extractinstructions.txt 20170731_190334 0.6_20170522 GenuineIntel_fam6mod69step1cor2spd2394.000 ca271fd341a2ea6cfeb1247a902e4a045fcfef13_165
20170731_190324 50 1 1 1000 100000 201198805 46 10000 9954 0 0 46 9 10000 1 0 0 0 42 0 0 0 0 0 100000 0 0 0 0 2 0 0 20 3.377 2.094 ../shockspan1/noshocks/log/doc50cop1shlf1lif1000_af10000s1tTOTAL_gf0i0d0m0_sh0i0s0m0_sdl100000_seed201198805.log 12972 hl-extractinstructions.txt 20170731_190335 0.6_20170522 GenuineIntel_fam6mod69step1cor2spd2394.000 ca271fd341a2ea6cfeb1247a902e4a045fcfef13_166
20170731_190336 50 1 1 1000 100000 541924786 10000 10000 0 0 0 10000 9 10000 1 0 0 0 10000 0 0 0 0 0 100000 0 0 0 0 2 0 1 18 3.759 2.109 ../shockspan1/noshocks/log/doc50cop1shlf1lif1000_af10000s1tTOTAL_gf0i0d0m0_sh0i0s0m0_sdl100000_seed541924786.log 12972 hl-extractinstructions.txt 20170731_190348 0.6_20170522 GenuineIntel_fam6mod69step1cor2spd2394.000 ca271fd341a2ea6cfeb1247a902e4a045fcfef13_167
20170731_190338 50 1 1 1000 100000 61499329 32 10000 9968 0 0 32 9 10000 1 0 0 0 28 0 0 0 0 0 100000 0 0 0 0 2 0 0 19 3.953 2.093 ../shockspan1/noshocks/log/doc50cop1shlf1lif1000_af10000s1tTOTAL_gf0i0d0m0_sh0i0s0m0_sdl100000_seed61499329.log 12967 hl-extractinstructions.txt 20170731_190350 0.6_20170522 GenuineIntel_fam6mod69step1cor2spd2394.000 ca271fd341a2ea6cfeb1247a902e4a045fcfef13_168
20170731_190400 50 1 1 1000 100000 221389923 10000 10000 0 0 0 10000 9 10000 1 0 0 0 10000 0 0 0 0 0 100000 0 0 0 0 2 0 1 21 4.563 2.594 ../shockspan1/noshocks/log/doc50cop1shlf1lif1000_af10000s1tTOTAL_gf0i0d0m0_sh0i0s0m0_sdl100000_seed221389923.log 12993 hl-extractinstructions.txt 20170731_190412 0.6_20170522 GenuineIntel_fam6mod69step1cor2spd2394.000 ca271fd341a2ea6cfeb1247a902e4a045fcfef13_169
20170731_190401 50 1 1 1000 100000 298296658 32 10000 9968 0 0 32 9 10000 1 0 0 0 29 0 0 0 0 0 100000 0 0 0 0 2 0 0 18 3.716 2.203 ../shockspan1/noshocks/log/doc50cop1shlf1lif1000_af10000s1tTOTAL_gf0i0d0m0_sh0i0s0m0_sdl100000_seed298296658.log 12962 hl-extractinstructions.txt 20170731_190413 0.6_20170522 GenuineIntel_fam6mod69step1cor2spd2394.000 ca271fd341a2ea6cfeb1247a902e4a045fcfef13_170
20170731_190415 50 1 1 1000 100000 51762185 34 10000 9966 0 0 34 9 10000 1 0 0 0 30 0 0 0 0 0 100000 0 0 0 0 2 0 0 19 3.954 2.25 ../shockspan1/noshocks/log/doc50cop1shlf1lif1000_af10000s1tTOTAL_gf0i0d0m0_sh0i0s0m0_sdl100000_seed51762185.log 12967 hl-extractinstructions.txt 20170731_190427 0.6_20170522 GenuineIntel_fam6mod69step1cor2spd2394.000 ca271fd341a2ea6cfeb1247a902e4a045fcfef13_172
20170731_190414 50 1 1 1000 100000 53020665 10000 10000 0 0 0 10000 9 10000 1 0 0 0 10000 0 0 0 0 0 100000 0 0 0 0 2 0 1 17 3.850 2.25 ../shockspan1/noshocks/log/doc50cop1shlf1lif1000_af10000s1tTOTAL_gf0i0d0m0_sh0i0s0m0_sdl100000_seed53020665.log 12963 hl-extractinstructions.txt 20170731_190431 0.6_20170522 GenuineIntel_fam6mod69step1cor2spd2394.000 ca271fd341a2ea6cfeb1247a902e4a045fcfef13_171
20170731_190427 50 1 1 1000 100000 192319985 10000 10000 0 0 0 10000 9 10000 1 0 0 0 10000 0 0 0 0 0 100000 0 0 0 0 2 0 1 17 4.530 2.422 ../shockspan1/noshocks/log/doc50cop1shlf1lif1000_af10000s1tTOTAL_gf0i0d0m0_sh0i0s0m0_sdl100000_seed192319985.log 12968 hl-extractinstructions.txt 20170731_190440 0.6_20170522 GenuineIntel_fam6mod69step1cor2spd2394.000 ca271fd341a2ea6cfeb1247a902e4a045fcfef13_173
20170731_190439 50 1 1 1000 100000 817758344 10000 10000 0 0 0 10000 9 10000 1 0 0 0 10000 0 0 0 0 0 100000 0 0 0 0 2 0 1 18 5.346 3.109 ../shockspan1/noshocks/log/doc50cop1shlf1lif1000_af10000s1tTOTAL_gf0i0d0m0_sh0i0s0m0_sdl100000_seed817758344.log 12978 hl-extractinstructions.txt 20170731_190452 0.6_20170522 GenuineIntel_fam6mod69step1cor2spd2394.000 ca271fd341a2ea6cfeb1247a902e4a045fcfef13_174
20170731_190441 50 1 1 1000 100000 24072535 10000 10000 0 0 0 10000 9 10000 1 0 0 0 10000 0 0 0 0 0 100000 0 0 0 0 2 0 1 16 4.850 2.938 ../shockspan1/noshocks/log/doc50cop1shlf1lif1000_af10000s1tTOTAL_gf0i0d0m0_sh0i0s0m0_sdl100000_seed24072535.log 12959 hl-extractinstructions.txt 20170731_190454 0.6_20170522 GenuineIntel_fam6mod69step1cor2spd2394.000 ca271fd341a2ea6cfeb1247a902e4a045fcfef13_175
20170731_190453 50 1 1 1000 100000 686934173 24 10000 9976 0 0 24 9 10000 1 0 0 0 23 0 0 0 0 0 100000 0 0 0 0 2 0 0 23 3.143 1.656 ../shockspan1/noshocks/log/doc50cop1shlf1lif1000_af10000s1tTOTAL_gf0i0d0m0_sh0i0s0m0_sdl100000_seed686934173.log 12989 hl-extractinstructions.txt 20170731_190504 0.6_20170522 GenuineIntel_fam6mod69step1cor2spd2394.000 ca271fd341a2ea6cfeb1247a902e4a045fcfef13_176
20170731_190505 50 1 1 1000 100000 823308186 47 10000 9953 0 0 47 9 10000 1 0 0 0 45 0 0 0 0 0 100000 0 0 0 0 2 0 0 21 3.313 2.031 ../shockspan1/noshocks/log/doc50cop1shlf1lif1000_af10000s1tTOTAL_gf0i0d0m0_sh0i0s0m0_sdl100000_seed823308186.log 12980 hl-extractinstructions.txt 20170731_190517 0.6_20170522 GenuineIntel_fam6mod69step1cor2spd2394.000 ca271fd341a2ea6cfeb1247a902e4a045fcfef13_177
20170731_190518 50 1 1 1000 100000 647479409 10000 10000 0 0 0 10000 9 10000 1 0 0 0 10000 0 0 0 0 0 100000 0 0 0 0 2 0 1 18 4.425 2.187 ../shockspan1/noshocks/log/doc50cop1shlf1lif1000_af10000s1tTOTAL_gf0i0d0m0_sh0i0s0m0_sdl100000_seed647479409.log 12976 hl-extractinstructions.txt 20170731_190530 0.6_20170522 GenuineIntel_fam6mod69step1cor2spd2394.000 ca271fd341a2ea6cfeb1247a902e4a045fcfef13_178
20170731_190519 50 1 1 1000 100000 253562234 38 10000 9962 0 0 38 9 10000 1 0 0 0 35 0 0 0 0 0 100000 0 0 0 0 2 0 0 18 4.249 2.39 ../shockspan1/noshocks/log/doc50cop1shlf1lif1000_af10000s1tTOTAL_gf0i0d0m0_sh0i0s0m0_sdl100000_seed253562234.log 12961 hl-extractinstructions.txt 20170731_190531 0.6_20170522 GenuineIntel_fam6mod69step1cor2spd2394.000 ca271fd341a2ea6cfeb1247a902e4a045fcfef13_179
20170731_190521 50 1 1 1000 100000 491903173 10000 10000 0 0 0 10000 9 10000 1 0 0 0 10000 0 0 0 0 0 100000 0 0 0 0 2 0 1 23 3.860 2.187 ../shockspan1/noshocks/log/doc50cop1shlf1lif1000_af10000s1tTOTAL_gf0i0d0m0_sh0i0s0m0_sdl100000_seed491903173.log 13002 hl-extractinstructions.txt 20170731_190532 0.6_20170522 GenuineIntel_fam6mod69step1cor2spd2394.000 ca271fd341a2ea6cfeb1247a902e4a045fcfef13_180
20170731_190533 50 1 1 1000 100000 377203612 10000 10000 0 0 0 10000 9 10000 1 0 0 0 10000 0 0 0 0 0 100000 0 0 0 0 2 0 1 18 4.073 2.39 ../shockspan1/noshocks/log/doc50cop1shlf1lif1000_af10000s1tTOTAL_gf0i0d0m0_sh0i0s0m0_sdl100000_seed377203612.log 12975 hl-extractinstructions.txt 20170731_190545 0.6_20170522 GenuineIntel_fam6mod69step1cor2spd2394.000 ca271fd341a2ea6cfeb1247a902e4a045fcfef13_181
20170731_190535 50 1 1 1000 100000 273666427 29 10000 9971 0 0 29 9 10000 1 0 0 0 27 0 0 0 0 0 100000 0 0 0 0 2 0 0 23 3.349 1.968 ../shockspan1/noshocks/log/doc50cop1shlf1lif1000_af10000s1tTOTAL_gf0i0d0m0_sh0i0s0m0_sdl100000_seed273666427.log 12991 hl-extractinstructions.txt 20170731_190546 0.6_20170522 GenuineIntel_fam6mod69step1cor2spd2394.000 ca271fd341a2ea6cfeb1247a902e4a045fcfef13_182
20170731_190548 50 1 1 1000 100000 363197001 10000 10000 0 0 0 10000 9 10000 1 0 0 0 10000 0 0 0 0 0 100000 0 0 0 0 2 0 1 25 4.438 2.673 ../shockspan1/noshocks/log/doc50cop1shlf1lif1000_af10000s1tTOTAL_gf0i0d0m0_sh0i0s0m0_sdl100000_seed363197001.log 13014 hl-extractinstructions.txt 20170731_190601 0.6_20170522 GenuineIntel_fam6mod69step1cor2spd2394.000 ca271fd341a2ea6cfeb1247a902e4a045fcfef13_184
20170731_190547 50 1 1 1000 100000 297161806 10000 10000 0 0 0 10000 9 10000 1 0 0 0 10000 0 0 0 0 0 100000 0 0 0 0 2 0 1 22 4.932 3.046 ../shockspan1/noshocks/log/doc50cop1shlf1lif1000_af10000s1tTOTAL_gf0i0d0m0_sh0i0s0m0_sdl100000_seed297161806.log 13000 hl-extractinstructions.txt 20170731_190600 0.6_20170522 GenuineIntel_fam6mod69step1cor2spd2394.000 ca271fd341a2ea6cfeb1247a902e4a045fcfef13_183
20170731_190601 50 1 1 1000 100000 217040043 32 10000 9968 0 0 32 9 10000 1 0 0 0 30 0 0 0 0 0 100000 0 0 0 0 2 0 0 24 2.882 1.61 ../shockspan1/noshocks/log/doc50cop1shlf1lif1000_af10000s1tTOTAL_gf0i0d0m0_sh0i0s0m0_sdl100000_seed217040043.log 12995 hl-extractinstructions.txt 20170731_190612 0.6_20170522 GenuineIntel_fam6mod69step1cor2spd2394.000 ca271fd341a2ea6cfeb1247a902e4a045fcfef13_185
20170731_190612 50 1 1 1000 100000 836200322 10000 10000 0 0 0 10000 9 10000 1 0 0 0 10000 0 0 0 0 0 100000 0 0 0 0 2 0 1 23 4.161 2.062 ../shockspan1/noshocks/log/doc50cop1shlf1lif1000_af10000s1tTOTAL_gf0i0d0m0_sh0i0s0m0_sdl100000_seed836200322.log 13003 hl-extractinstructions.txt 20170731_190624 0.6_20170522 GenuineIntel_fam6mod69step1cor2spd2394.000 ca271fd341a2ea6cfeb1247a902e4a045fcfef13_186
20170731_190614 50 1 1 1000 100000 699821437 26 10000 9974 0 0 26 9 10000 1 0 0 0 23 0 0 0 0 0 100000 0 0 0 0 2 0 0 26 3.479 2.0 ../shockspan1/noshocks/log/doc50cop1shlf1lif1000_af10000s1tTOTAL_gf0i0d0m0_sh0i0s0m0_sdl100000_seed699821437.log 13003 hl-extractinstructions.txt 20170731_190625 0.6_20170522 GenuineIntel_fam6mod69step1cor2spd2394.000 ca271fd341a2ea6cfeb1247a902e4a045fcfef13_187
20170731_190626 50 1 1 1000 100000 201552737 10000 10000 0 0 0 10000 9 10000 1 0 0 0 10000 0 0 0 0 0 100000 0 0 0 0 2 0 1 15 2.874 1.25 ../shockspan1/noshocks/log/doc50cop1shlf1lif1000_af10000s1tTOTAL_gf0i0d0m0_sh0i0s0m0_sdl100000_seed201552737.log 12943 hl-extractinstructions.txt 20170731_190637 0.6_20170522 GenuineIntel_fam6mod69step1cor2spd2394.000 ca271fd341a2ea6cfeb1247a902e4a045fcfef13_188
20170731_190628 50 1 1 1000 100000 360056850 10000 10000 0 0 0 10000 9 10000 1 0 0 0 10000 0 0 0 0 0 100000 0 0 0 0 2 0 1 21 2.393 1.235 ../shockspan1/noshocks/log/doc50cop1shlf1lif1000_af10000s1tTOTAL_gf0i0d0m0_sh0i0s0m0_sdl100000_seed360056850.log 12991 hl-extractinstructions.txt 20170731_190638 0.6_20170522 GenuineIntel_fam6mod69step1cor2spd2394.000 ca271fd341a2ea6cfeb1247a902e4a045fcfef13_189
20170731_190640 50 1 1 1000 100000 692092630 31 10000 9969 0 0 31 9 10000 1 0 0 0 30 0 0 0 0 0 100000 0 0 0 0 2 0 0 16 3.036 1.766 ../shockspan1/noshocks/log/doc50cop1shlf1lif1000_af10000s1tTOTAL_gf0i0d0m0_sh0i0s0m0_sdl100000_seed692092630.log 12954 hl-extractinstructions.txt 20170731_190651 0.6_20170522 GenuineIntel_fam6mod69step1cor2spd2394.000 ca271fd341a2ea6cfeb1247a902e4a045fcfef13_190
20170731_190652 50 1 1 1000 100000 324478183 10000 10000 0 0 0 10000 9 10000 1 0 0 0 10000 0 0 0 0 0 100000 0 0 0 0 2 0 1 18 4.926 2.531 ../shockspan1/noshocks/log/doc50cop1shlf1lif1000_af10000s1tTOTAL_gf0i0d0m0_sh0i0s0m0_sdl100000_seed324478183.log 12974 hl-extractinstructions.txt 20170731_190706 0.6_20170522 GenuineIntel_fam6mod69step1cor2spd2394.000 ca271fd341a2ea6cfeb1247a902e4a045fcfef13_191
20170731_190654 50 1 1 1000 100000 977800818 10000 10000 0 0 0 10000 9 10000 1 0 0 0 10000 0 0 0 0 0 100000 0 0 0 0 2 0 1 21 3.949 1.673 ../shockspan1/noshocks/log/doc50cop1shlf1lif1000_af10000s1tTOTAL_gf0i0d0m0_sh0i0s0m0_sdl100000_seed977800818.log 12988 hl-extractinstructions.txt 20170731_190707 0.6_20170522 GenuineIntel_fam6mod69step1cor2spd2394.000 ca271fd341a2ea6cfeb1247a902e4a045fcfef13_192
20170731_190704 50 1 1 1000 100000 301323192 43 10000 9957 0 0 43 9 10000 1 0 0 0 41 0 0 0 0 0 100000 0 0 0 0 2 0 0 17 4.757 2.266 ../shockspan1/noshocks/log/doc50cop1shlf1lif1000_af10000s1tTOTAL_gf0i0d0m0_sh0i0s0m0_sdl100000_seed301323192.log 12958 hl-extractinstructions.txt 20170731_190716 0.6_20170522 GenuineIntel_fam6mod69step1cor2spd2394.000 ca271fd341a2ea6cfeb1247a902e4a045fcfef13_194
20170731_190703 50 1 1 1000 100000 643894607 28 10000 9972 0 0 28 9 10000 1 0 0 0 24 0 0 0 0 0 100000 0 0 0 0 2 0 0 19 4.922 2.359 ../shockspan1/noshocks/log/doc50cop1shlf1lif1000_af10000s1tTOTAL_gf0i0d0m0_sh0i0s0m0_sdl100000_seed643894607.log 12966 hl-extractinstructions.txt 20170731_190715 0.6_20170522 GenuineIntel_fam6mod69step1cor2spd2394.000 ca271fd341a2ea6cfeb1247a902e4a045fcfef13_193
20170731_190717 50 1 1 1000 100000 11789554 40 10000 9960 0 0 40 9 10000 1 0 0 0 35 0 0 0 0 0 100000 0 0 0 0 2 0 0 19 4.132 2.078 ../shockspan1/noshocks/log/doc50cop1shlf1lif1000_af10000s1tTOTAL_gf0i0d0m0_sh0i0s0m0_sdl100000_seed11789554.log 12966 hl-extractinstructions.txt 20170731_190730 0.6_20170522 GenuineIntel_fam6mod69step1cor2spd2394.000 ca271fd341a2ea6cfeb1247a902e4a045fcfef13_195
20170731_190730 50 1 1 1000 100000 174355354 10000 10000 0 0 0 10000 9 10000 1 0 0 0 10000 0 0 0 0 0 100000 0 0 0 0 2 0 1 21 3.286 1.734 ../shockspan1/noshocks/log/doc50cop1shlf1lif1000_af10000s1tTOTAL_gf0i0d0m0_sh0i0s0m0_sdl100000_seed174355354.log 12993 hl-extractinstructions.txt 20170731_190741 0.6_20170522 GenuineIntel_fam6mod69step1cor2spd2394.000 ca271fd341a2ea6cfeb1247a902e4a045fcfef13_196
20170731_190742 50 1 1 1000 100000 689591017 10000 10000 0 0 0 10000 9 10000 1 0 0 0 10000 0 0 0 0 0 100000 0 0 0 0 2 0 1 20 3.845 1.984 ../shockspan1/noshocks/log/doc50cop1shlf1lif1000_af10000s1tTOTAL_gf0i0d0m0_sh0i0s0m0_sdl100000_seed689591017.log 12985 hl-extractinstructions.txt 20170731_190753 0.6_20170522 GenuineIntel_fam6mod69step1cor2spd2394.000 ca271fd341a2ea6cfeb1247a902e4a045fcfef13_197
20170731_190743 50 1 1 1000 100000 782560130 31 10000 9969 0 0 31 9 10000 1 0 0 0 28 0 0 0 0 0 100000 0 0 0 0 2 0 0 22 3.648 2.062 ../shockspan1/noshocks/log/doc50cop1shlf1lif1000_af10000s1tTOTAL_gf0i0d0m0_sh0i0s0m0_sdl100000_seed782560130.log 12985 hl-extractinstructions.txt 20170731_190755 0.6_20170522 GenuineIntel_fam6mod69step1cor2spd2394.000 ca271fd341a2ea6cfeb1247a902e4a045fcfef13_198
20170731_190755 50 1 1 1000 100000 668407258 10000 10000 0 0 0 10000 9 10000 1 0 0 0 10000 0 0 0 0 0 100000 0 0 0 0 2 0 1 22 2.233 1.282 ../shockspan1/noshocks/log/doc50cop1shlf1lif1000_af10000s1tTOTAL_gf0i0d0m0_sh0i0s0m0_sdl100000_seed668407258.log 12995 hl-extractinstructions.txt 20170731_190805 0.6_20170522 GenuineIntel_fam6mod69step1cor2spd2394.000 ca271fd341a2ea6cfeb1247a902e4a045fcfef13_199
20170731_190807 50 1 1 1000 100000 780673535 47 10000 9953 0 0 47 9 10000 1 0 0 0 41 0 0 0 0 0 100000 0 0 0 0 2 0 0 23 3.018 1.765 ../shockspan1/noshocks/log/doc50cop1shlf1lif1000_af10000s1tTOTAL_gf0i0d0m0_sh0i0s0m0_sdl100000_seed780673535.log 12995 hl-extractinstructions.txt 20170731_190818 0.6_20170522 GenuineIntel_fam6mod69step1cor2spd2394.000 ca271fd341a2ea6cfeb1247a902e4a045fcfef13_200
20170731_194718 50 1 1 1000 100000 919028296 43 10000 9957 0 0 43 9 10000 1 0 0 0 39 0 0 0 0 0 100000 0 0 0 0 2 0 0 20 2.045 1.297 ../shockspan1/noshocks/log/missing9190.log 12971 hl-extractinstructions.txt 20170731_194849 0.6_20170522 GenuineIntel_fam6mod69step1cor2spd2394.000 a271fd341a2ea6cfeb1247a902e4a045fcfef13_200
