lifetime lost5   lost50  lost500 lost5000
        1    3919    3917    3936    3928
        2    2239    2221    2189    2211
        3    1540    1541    1530    1551
        5     945     938     945     967
       10     477     474     493     493
       20     235     244     247  NA
       30     162     162     166  NA
       50      92      98     105  NA
      100      46      47  NA  NA
      200      23      24  NA  NA
      300      15      16  NA  NA
      500      10  NA  NA  NA
     1000       5  NA  NA  NA
