667872486
717914403
100917800
625303023
21318527
78083888
969043839
839728061
778948489
205729841
877428942
14843232
579818969
878017767
89370194
705166673
503636305
504820045
634177455
713305565
79663582
100274820
938878533
419451987
495274441
858211486
95097178
52666751
965361546
648499670
479847235
486610365
256211139
835998325
796950187
572112682
637716921
263954987
445639164
709559671
81092599
660095465
156141438
762701228
357211416
848509598
470506479
290792123
757802336
980987248
778770029
825403568
997693619
495010549
934115427
983183330
419075737
552594198
900551344
208164081
347061051
392516554
734023943
635461765
915554261
906120150
51637573
643905271
260775806
391654247
431537452
816824239
678929929
542601395
312815622
319138019
675455993
239857442
924437515
964789320
348109130
232411135
654006425
48674994
966347809
912555292
898960894
424388298
437814066
434744788
948136915
214632046
626714805
978396841
424938846
233403914
928040654
900668657
513521304
51727052
704504961
367840294
768781640
871651922
694965388
512446139
573811488
696749768
228842932
648186696
622870920
113207600
469425782
858308754
73882303
915820128
975225117
214565597
948890327
171142742
583670204
633789458
654550531
101700990
490159935
559966123
29205792
424935019
373125476
431553550
112037192
970458289
518305721
697637399
218131641
585071776
699878726
324689983
831904503
551902837
20587203
989141552
961157628
462832896
441874718
943064980
125775753
403242894
246381069
412961639
980518487
254478053
235495560
887505593
664009890
299005857
721167203
634593107
103711802
107539516
969963216
623318613
755061376
684089589
287133358
195596005
344981411
675499685
682063433
878219592
218032344
925958211
188669774
116344285
309678070
295043076
72664340
464286019
370633951
450618981
405242917
712571615
399334633
617263672
111458522
269345469
828317632
243640125
609869912
25839144
958382840
244724943
999406625
874012480
960158414
267292024
285318836
483920997
640064154
238380780
18858567
526599311
892150445
779279227
177187939
179811888
173503036
638944221
911282286
703495651
63311271
675460541
679113456
518157602
748796922
733734629
519725665
143262717
190054836
293684905
673407203
618916978
440995172
496612717
268224616
601348690
358432663
286423439
547650085
901419201
563205450
463519659
517159957
797387395
53782530
112420220
718200475
597826879
56051130
14345619
343117716
375148212
706147422
179513630
777799768
778390091
922113941
358485716
335768135
442145130
190089745
903258402
120105213
449067550
932573313
583584001
472976794
33002054
118472655
116046094
323441368
679679883
933400944
529098926
481831381
862128602
491784262
135169700
245617813
443582874
373965758
632315305
3665173
87188912
767780226
147923323
85097449
571805473
511661848
671504935
327536044
332126785
712457772
921813518
268418184
24802128
215133038
776667334
519250519
119363458
270734070
712048133
117460420
642139709
799171526
894603088
537493946
245201528
797076468
399769766
348096933
193262785
780986840
83859044
973041326
569953355
315342236
957689250
816585866
815842784
662765365
692311330
517788512
435692889
635322947
373165036
486458732
197718699
205723317
22911410
193211654
764034189
602589428
128787721
856956511
958052617
439412821
815391951
797086315
746725810
119509171
35281940
681602631
827360721
209741349
492309450
436936580
840264187
816566218
614435899
933783045
624751810
281528853
69092411
894443804
472214737
638879452
691530456
111499700
988782211
485238054
175108890
137991971
424861590
867462881
964166661
329383922
103684662
89450490
321800581
510431479
253267257
701237763
37318397
30575564
468745454
156972466
219775799
256708976
615395445
550919678
437878630
238522371
573987997
474653870
244946677
176575105
692899025
428755346
624313851
39886307
876510851
410434054
553989870
69357807
679584367
775060456
193032341
377390616
785474827
833386697
803964020
78548420
775824701
275713990
809288062
566268100
847508693
32413423
628487652
113741640
949782940
339876846
124901343
430850090
561621152
839634968
674510028
871075342
626839697
230252775
332131882
921257113
975907127
175415714
551075352
47564611
865182562
131962310
577528373
286957277
958044511
907076981
340728275
437055891
732406923
875153857
968430647
577802505
687974302
173626033
600514565
961466157
730205214
110767028
680664960
296211743
678500427
14346388
812867773
121204640
657301994
283539117
684011529
870671221
628557050
692431926
979897632
174434852
961565962
260559563
859147881
125094047
567061438
578439049
451581823
688922391
343786299
524541497
804337137
737112605
164757767
722970419
727670414
242376892
490350515
558999006
146318377
575772179
849432830
240114107
787737413
853089302
633541528
157050219
977539514
694815057
866508967
76373828
143622341
829938605
187623013
486025197
703764057
38164256
592571647
515741480
283261714
899483468
938140349
242719222
842791921
506083946
141364166
302213137
900726421
886626280
381287153
542507344
217427107
442214382
441344511
598920200
670553469
319028994
965657805
768509773
386873173
950309130
246482405
252469005
342367301
92514906
634550498
62307286
743729
364278151
733297657
343203992
404123554
131690263
330570997
449032112
548266496
329104532
679445741
548207068
61595494
170899257
789835601
837540431
854336003
678188417
900714385
101779894
124658679
374834727
809871288
31708263
394331757
359957831
646896614
77122342
913420296
791304741
747125887
205073179
222877423
52708973
362514477
103552788
981028392
883741257
999939438
264352597
633740760
171308898
751541508
131680904
819250599
287156885
30650977
704593403
638134652
964603809
801741153
830849063
185358256
976200320
573225872
278748452
144259326
732913719
201129681
93942407
117144388
927931914
332309549
96195610
676278733
898591896
46769040
587977658
429072903
780525778
869692077
352810246
181476059
174577454
671303704
471763720
666824311
63099148
145232885
172791306
267527917
209490884
396452727
825794012
129438639
809583555
361225222
507140670
297503634
450665809
261748952
717924006
21722323
636111408
935840612
778795281
961793805
968242710
737256431
499638805
432362376
70579840
147964020
8991095
733597377
174309895
429088479
503369774
45601542
533492154
864556644
640505522
317399834
157722445
110172492
771157531
884289386
280548762
279455148
493400867
286885627
110682074
402259287
962837689
319067018
559762956
949805953
982888310
585553607
162159068
480584454
828013132
655324427
643110004
223111937
200314497
260500614
992447076
153554602
154369970
429669709
630799220
296002707
537319567
296399658
257255571
26661938
950317782
288783167
39089762
723566725
753511301
249540516
257494608
527746820
716782985
542522616
773908109
270413425
216512861
231491719
376928251
726193055
288765112
788334703
313837563
661557723
883271125
237373273
82061676
989068586
180680909
997744855
632158978
904138790
563200498
838713691
440119720
896122342
769192507
250526848
108948493
961472987
409312459
301702154
405882346
291704135
826339305
408161782
1090492
73006805
644209971
839863936
402778036
634258744
506293557
343561001
948994762
488320115
36853932
766381733
553834086
620046882
518653843
139379367
155367191
373531179
56746845
836241331
330040711
338556549
939429029
109596907
155558179
334234597
957320825
957238992
493760750
900427428
612157103
749984959
119992906
907916250
154735286
324734414
909266028
843654997
14542248
405015329
873734493
56807062
875826222
730176959
240468776
262273034
317473658
740774731
35682284
578261527
735322535
224769765
999166624
397052608
87654389
135233700
9491744
587969629
937004855
612342295
1854683
7676278
692966302
531172
441437237
34370817
819429247
564587133
235552056
865906734
573702123
429916536
903760273
407225769
542195298
278136751
301104932
111446088
45943071
692981979
303152495
153480178
860338843
186433469
419158451
957017010
86858460
194285737
941323045
490229095
666422662
581016313
379243389
282340247
178946826
138316510
323036903
843532681
961710161
805100704
21947399
466056129
47673455
376453682
872582802
100710477
927677457
741308538
456668295
24090415
161383915
662417468
119428473
431179995
987225794
64491579
783502179
41706476
288770959
917490675
489454499
441096018
681733045
386230160
505369735
329288509
770073257
828765601
452526481
805911185
331204979
967071736
448863524
293330171
583314409
602930906
605485816
991719197
883458315
652841672
682707058
711826369
114075012
457065711
219741549
296540810
984990123
415785710
189161890
308523654
188695283
919643452
331293755
521424231
950187214
694238249
990553145
418601908
275947552
185313471
314678949
997908670
89585914
466021192
80514688
237300641
519266795
632497596
145639582
517938369
436903396
732084992
475384294
494052053
810045538
837057637
936651100
21845980
927138757
946627934
446305197
433065368
544905753
842110970
359819979
597082351
708454067
614253945
309639860
40074093
806980510
661328258
814070970
253900813
624340216
370476583
252411567
72795795
966940778
606824321
619337167
491679075
102907015
79241923
97724275
321204283
693355235
105667082
886542925
167496436
876120014
231344381
243463338
214982561
30163082
799162184
688277298
372154955
980844858
22374912
100851677
595419368
185855754
138855671
463909383
118775045
941450292
33461135
127359481
477146412
306006384
361366398
589987483
797673917
697908028
399423064
426142833
631788118
833047326
665306720
344937038
112544919
984906650
481126531
325808622
402656349
419454701
819199084
352193298
484426304
777379551
916961319
171359752
99526262
873082179
646618728
858804446
329695840
633551241
805699031
378914989
530722106
541325248
436150115
24142328
657411434
454879658
337985932
622113729
304369420
69016998
409059706
604541338
890467628
737939069
817085128
707494238
157846637
613539040
480411656
728026018
493761417
860281028
684145128
827009175
906968762
816824708
189241206
614371143
541860609
707140235
131882688
883665071
610102257
53518041
49941255
45550645
956758438
356957094
808804854
358191701
290270953
683298357
336555052
787791515
504660145
523364380
883813250
452761772
809808313
140654072
868388810
912126337
782030090
130987078
196319658
402301755
276885593
162607264
208036388
877191166
976779576
772963365
323733245
106837363
909937860
896269526
733655344
201363700
325893928
824022784
844398490
998480478
425074183
864566147
164224816
527695954
597084119
704555549
192294091
228227110
371163334
534837101
964249242
785934533
965258057
585423957
9393147
514744842
394787810
233632080
193813144
362956094
453121457
853152742
652901456
263034321
482498674
981015445
305210844
112133820
544040382
160712242
114254082
482783487
794528481
294358675
772170857
23504587
374061479
774430824
862956420
533944430
95102936
402282402
265291740
10671175
635880480
525089489
301011120
910417490
657199578
569543943
867576393
101940790
112313388
823742678
528466293
59850627
264682435
557188585
489126567
312107531
453500686
99167450
741029139
952708175
44627452
131915913
293807810
756320652
471116630
443801134
121018720
306591709
130509923
191373618
633675542
260008504
47521120
651599658
228309304
830237841
169883700
326622155
928817636
82732175
885948582
1954480
17982681
390817434
337273928
784352044
71843481
978628143
9209251
483120221
243138999
52027387
701578419
128448822
889285166
912043097
43504351
457822160
22452352
773780456
541033464
55753293
808173585
789893333
204532585
675722862
682611535
158040130
90915191
830473193
629829562
53499494
692493382
641393190
442461783
450034603
962003912
228673309
435097149
516549650
16496837
571670302
526072785
28282575
150193160
726547933
224921900
587366749
229707704
245650669
807536831
131300446
429498779
613032856
276641278
103162148
528086315
5684599
175112240
495151057
713043079
408897453
415796826
985929797
819638833
40469076
239625033
917205426
932363129
605460188
740052190
137362739
833719333
784069254
798105619
358631835
426425634
485295064
830078632
819308127
904867622
702245290
460067736
834387739
316752529
65352609
69620655
518198225
285937341
169637849
913447001
278367041
143067365
780903200
545861208
700031166
984276377
162094712
795666993
240851433
554417159
677494697
161478436
106943922
982589927
942304437
817432373
41948914
173476926
58646224
410988435
348558166
39008449
404082827
731918663
488296442
973999910
223080632
18693569
843568237
886008766
828373093
696691738
789140553
783095355
827110119
408183738
689637370
174497827
597165735
122843688
744274213
878902392
364822826
418604785
885329562
324890921
850057332
597615997
298047366
104072578
476202451
358634211
198762512
768327217
127654447
969873304
664851719
469329997
288982349
695483835
4261188
390826383
317725821
957087752
179708566
356365872
97338725
68044112
853750537
718041131
956819195
161891354
212441404
935738802
602844238
698095420
658442124
282678442
458171164
887582450
123410808
320025919
524663587
167461948
447972568
44173888
86031426
969176015
129229358
159313458
614738553
794655336
209617797
451929497
170531368
958607266
705652431
53867837
373835477
982586506
118206646
60543572
179403900
915539432
963162295
612634222
106673974
964771787
131626895
79563861
176584932
579420364
231768071
649184014
723587656
155073213
621686664
917676664
782567256
705130225
832415583
640763251
338422952
855501928
167292738
873028325
346188861
344440307
683494755
531437951
890489405
231149043
964556427
334038950
487573838
767655623
394938799
190203527
46295165
632237457
794862970
375288870
376438420
512633982
718873174
942413071
165067747
379961456
121178664
589024177
442014925
307191160
810524532
671674928
160170972
808772555
256990182
717535768
436385733
199689429
550736851
373146467
106231872
902975563
465145910
819516568
682860456
338898809
590498582
878091376
377322787
23675943
907268797
379209251
448444543
532994200
2306960
530346694
915538410
669833778
328740055
651246316
747602073
31362952
356053020
337343229
815395282
905728803
903938914
28188481
310741784
416405874
43308218
51975481
62313122
519562905
980960895
788270018
776942805
761001016
234050300
167571857
641585669
652261558
307534427
71742806
295733492
712395933
707588439
633132849
616286376
686734495
875795780
368655426
534813822
430931477
674507171
359193590
127795612
763804811
677557967
228976701
533905054
212483110
636923819
818138610
686107294
551515674
581303223
116102384
721079224
439180058
170421426
640675225
930639192
287587302
815726633
613329228
407667200
883696637
288445603
710114575
823030544
654444633
362979853
232941435
379583766
545076351
337380146
296300635
282407702
90284709
692203993
10225700
550717284
966136248
469788566
838965490
682244787
937907003
760089365
740679087
257677763
872974770
805871146
204354357
428537256
395143154
822378053
362728080
20607380
478024578
409968113
707661968
654755307
243747275
735429682
285286016
302492903
394064648
954960559
262176822
682870852
786084361
858059621
187570657
616446467
538155421
866582042
463378946
393937054
518294872
552573567
513483703
401579410
701162749
945206941
605601421
739616159
71350562
966242572
733765140
632388793
961245172
68584351
68121483
198369395
548603393
578243881
242075193
254945377
930576058
440445739
545834601
460589573
305860268
10430208
571299922
213110679
188892080
833383080
656121050
689668207
821670716
728309633
55436515
161158998
381420712
957772764
284407110
808246344
115329837
232318121
185574634
705384234
338316885
297751871
324948463
261448189
270141432
175270140
454839175
87796397
222219684
8298298
419075116
900984565
73026849
744939970
939888415
174300797
104925874
895164198
58703054
189907202
595534877
649278891
102569991
695450679
598437743
374857820
500141541
935805362
556887616
884225339
462947836
566409873
162765325
456479969
555105060
218028106
907410741
995696624
571674333
727227619
355995591
569656612
87456046
877674031
205891410
665376922
35428297
994014301
528780540
739075128
327392817
685555694
639331207
851029860
942634816
742099254
369537460
275959004
554941383
389017488
373579989
728883906
198928637
426121281
70440602
866467971
913160428
615497074
767901539
890773780
995919452
138580983
27136634
774678651
920860403
300174439
246481106
853868230
379472756
808126304
682545962
715893007
366020865
798427130
903549483
371682755
162326368
47283966
198428978
945153330
957862227
925461203
782982513
616827360
201049786
591831699
424264294
280401896
537068853
217766825
535484185
147525626
930067542
786665687
886557388
198475249
600097085
750790678
781488016
496859318
797968672
901315929
789493077
882459896
113350096
601657043
712213125
393982169
797616982
969442264
523621307
16866624
84531052
957910698
818484629
404791881
524942516
675627122
826741421
491838502
549616899
978086770
664123110
2781316
390757358
664447759
912589697
337134257
733284952
187631069
692453195
521765855
650966220
808157501
910833135
4364289
965807643
687262258
228813322
371079131
554514313
606949188
805226932
727822009
377461198
696799184
213694242
778068904
389399283
392857869
465644926
607789377
872122171
896220450
929836572
295752258
436437611
228662336
269065234
151323309
935299529
499786180
460304841
352252197
582916953
970151919
919455201
574132904
65434351
685549283
71287636
905743364
181534057
315498327
265545278
95983786
778143251
258320186
512160273
696661997
78677759
330908414
137931487
974986122
615797935
79103356
97580612
412464305
568766751
726801133
418581394
590235694
3780816
101215472
577471401
636723746
396623936
486336947
477736522
581332097
481201715
111406721
403855862
73261986
926427871
682277918
381586764
263017554
446309143
180511786
666722186
233038388
220432358
274641305
68801677
122723566
433257611
663582046
649991028
739469042
556249718
782855934
262220237
140926845
664988566
380074310
84809578
274725007
604535081
162772588
918412368
769959951
662771316
867620605
297183972
63237660
699383985
737708324
521792790
798219804
812740005
860656380
991156621
937589138
86577912
898133751
779201969
485352743
149237669
427429667
271613817
238663731
142656245
841537350
992972036
307493154
634704345
960850255
693847881
898882006
494469803
813727841
323167165
660326899
407723042
869062107
618619976
753843912
672954060
891096690
899353963
731919231
333348268
193344673
828558611
262963498
756513703
581582526
492243269
802854935
541292772
89997527
906417058
385139011
353104490
933245471
53079209
667370537
403929127
996447843
320567683
289707544
89014069
340740376
662330633
190601678
170134900
990602064
78911461
364968586
556219521
119901062
613972906
206122437
101392979
529171920
587582200
355287871
419873073
872045596
312589819
640484893
711678226
745364361
892334858
780283699
651439836
1686221
165398537
758110256
95099825
337704016
907907823
692062766
598440127
471898496
937102769
920306437
958374841
806935362
314413000
409882682
698916307
96713997
988322894
60596919
30263268
921904010
693161378
287331788
183204306
479720888
988709590
392736297
327238493
351906913
644556826
772896342
54893510
622000491
70222202
701392051
524232594
693644350
377446993
643976625
681402532
504354409
906712947
184162246
153666889
133590882
428210916
366146405
390880043
920906213
534218595
560929858
957499035
896060781
72813180
77273077
142347697
243625908
404017297
712990524
603201182
81018877
560220098
22505142
359213429
4542188
392395276
752851678
677181229
152060481
201920388
537960114
95723188
696463361
325654324
418387644
200247928
33465191
377480350
78021838
898862839
875556420
865301027
484444449
710912198
17611049
748168289
982084230
838652059
820970889
525963875
618635729
860143857
406580961
214236511
599833490
931835622
141086044
981349999
325627060
476877037
787175770
112196369
393172579
632865
347975700
256762913
621705194
349891085
762442707
419498227
646872279
255742082
745472292
109368935
286217103
702630396
641175033
718474777
364442045
747538287
674828116
536995757
381761412
893254728
258712757
511126812
888126718
658689294
461079606
863527336
776611684
548524237
113921140
341163073
585139835
833815028
908385540
840112938
989505489
858899040
858960091
984888652
864985420
919753182
460259004
436489760
434931146
350856524
113750208
963941298
621866122
420575735
557589993
665881429
496299182
94097245
368025416
881756126
787378414
365764332
326944412
874615786
256705199
342021199
779092282
751521382
469466443
216781255
188724392
195838688
609690672
588772467
231884146
784773520
54846358
651414429
107924347
743379070
484089254
11086995
547253859
432705863
991679982
427126749
681991790
898211617
105703434
852394952
104935244
184273252
212784701
589108646
738676033
485585920
865107890
458212267
153322365
275391286
722482852
198847405
173741931
184436017
272553011
767235261
377027230
177564640
726501835
385239890
49382822
780502303
448238918
786802249
362341428
631034146
759201797
376985493
654863496
767260089
801945231
277121511
873697540
990881148
780244560
702707785
723553367
500517388
25842777
112216383
456274785
828166884
835239278
175474016
448259141
159461220
964246376
843964158
820173403
399925358
997100871
125847927
1099117
436229212
25702835
987154781
740511297
201964127
995835577
759367695
66404728
130952043
447989043
691272527
740976843
935014851
359900378
800167830
413448511
357085134
965371318
288315128
342707726
551792506
9713780
825137180
107677949
995082055
736149235
350142288
734989835
83766706
588605102
676238949
797877864
105472518
551353114
824147807
971470476
192783680
602838840
599864019
266659722
43022201
143316688
445299144
257216536
973599492
655841975
179928229
265338687
527792133
174813855
831691281
286146023
402553828
73624528
9579190
868160275
639489560
430343766
810301852
421263701
576335437
586119982
560119803
502184205
16787450
263862162
460730509
491100273
430042637
849342151
353244539
130865548
465020415
439317944
484467105
899746156
948601226
353711419
541073709
150822576
865072320
588037784
415741216
863258068
490992330
278064725
246301826
751258339
584477292
502235208
395046673
369829237
726137848
904308239
690181483
369135227
506356768
898396530
939847526
201960160
502035232
431999864
311670766
577753898
143694225
738059390
384228865
313234771
125824021
940426898
650200719
249463088
61569061
665878097
860035770
495643731
437010978
94741335
528126709
726186746
99282641
259936815
29425164
206602356
552167435
665560098
846053072
816195935
408827338
660368196
121157780
595352911
906485469
684533249
997281069
567874259
249336616
56354800
58343164
803677390
175934856
844973138
514843911
917129134
340125382
464210801
862978370
967626962
204641045
251984563
200021673
37164357
394931032
874115010
646446508
224493271
923294486
213216285
538473257
474736450
52200333
444996859
811060622
28460429
78318789
87912873
608201308
337215490
762621574
643175993
469352635
533587079
977962697
122703770
173056039
246397219
127235860
686860158
224176888
975422476
778374395
192987000
152387679
661031925
126848097
519203780
991426038
405626466
773141579
20915451
482176161
2307777
85972256
305915956
990414535
56510239
863582679
761037913
864200634
368416116
922800543
463987190
148215848
778973882
210954365
599574500
292883158
448731602
626929571
29009941
433835730
575665412
499036037
637072846
686288587
25804
480851360
136967716
575634190
234850486
743488437
895489001
422231993
182756352
28578279
893973719
655751673
799912010
859369646
653521502
459578056
303869003
697410230
803783102
832393605
227881914
102043587
904846044
775661708
186415206
155509370
698498569
368695074
663276653
331408664
123539327
870378225
4201907
990857530
828658894
672911498
769880428
664361499
675837106
887984453
885788148
595984659
873735986
92444298
673100513
514075902
509384499
533022320
691844942
305024565
817557004
785461133
170514260
433603375
450254716
701652787
642220991
926991664
451605161
817383685
659233719
100686089
438078137
511140276
65156281
617452507
944741167
174441393
905116841
972352979
252632406
447990277
419643857
516828328
688856716
181258891
892108423
843828309
696263567
934570392
85228418
97790243
680805942
881997873
14757582
305181174
24693494
321947117
564021037
125227517
427841064
562265920
150732535
863710384
330063795
942201670
676850395
559850419
274993030
807013382
895230201
847989443
710946253
27523572
796579451
137132955
958067057
164504986
875531580
801343431
779700224
730411118
456754525
899349844
225204887
759391522
279935475
838680636
85169980
592488335
640844408
645104359
946003232
967907999
803043124
729169223
494411637
463577632
834708795
997591209
95869094
565664191
908477472
211157870
612775485
738373878
301577743
798702675
131280936
792827820
562906600
748170458
468165958
725222615
488778783
948273764
754986321
31424949
764139723
367319980
669305757
143996222
541179644
447220188
857575384
907155720
863449287
880188227
837144813
96736990
486602002
598444916
17987660
897392062
43408782
110059027
37783308
525614458
643149035
83878147
65984820
10040964
382684275
867668554
165633665
528270671
324367699
684745045
349774821
330208401
312801256
648448180
715220005
425182897
504862532
554635557
234961056
654135185
959488313
937100374
985256601
359092334
650301044
154096246
800309264
33275950
616428201
347127459
700040644
837617900
730926750
5223579
527672734
428998308
61487685
400940664
585012806
714798597
471171546
723996983
275758186
632421284
473300434
526047891
70365563
512613928
798493657
682377717
645392022
735758652
451858448
883578833
502017206
690086439
495030512
751313593
466045668
615693470
261374445
483242259
4609964
810876985
52378112
949446764
171859042
27278328
351213780
184030393
170086452
737208094
452572744
711970939
473243090
889838358
691896312
127732516
666840250
493311102
822027639
372411396
445283689
52266095
691401168
838702517
986138469
669902979
597763359
553610373
318797902
100041136
667601393
623525403
694554435
24291579
947224273
720486258
190038520
612581223
54817113
583666066
672487064
892319306
484135601
20752956
516183577
21827587
66669124
600884973
547368486
66623340
492836860
808059635
199176724
699846218
535021125
615683395
102300389
509663066
846569210
986664815
932034515
515998763
851726406
193738146
246028521
317536808
448218791
795486272
872870515
690941738
278586233
172767893
415582593
506223344
463313945
212785394
629524747
592534810
676029886
812351919
91522288
853367745
858370757
716026380
775290232
401330463
388647034
639691133
325414827
862506526
181258619
91162639
829581134
340000144
702676108
344638
459679734
264335829
599879791
603320616
941642416
943672099
145754496
943169613
115575424
810464188
377011763
478060457
726380297
309564628
940778369
492639665
853393979
186160116
673549600
910694619
487089391
138736071
517329865
9969655
918984179
459588312
553473318
670328332
54270732
655986554
446500042
563793732
166121927
786658826
840689858
628946556
424033235
299151019
857525515
765182413
985710674
892955221
76558366
149800935
721876938
479347147
823900603
623713422
441861865
492862503
337433228
942116437
713362415
628672512
883652866
849347819
223766645
128492058
854901121
419898193
785080918
154403547
412970434
87938695
792837136
516713198
186184351
412182081
241701743
468818616
526806188
137255109
809512963
171836044
824784301
210162214
199001552
360581991
913357468
804197294
770945280
893336691
589695462
327015204
442346518
478674256
389530966
619976966
58382294
567143097
752213528
228090907
721102234
38423424
871819588
462445004
865711697
229791107
942942783
37657671
795863093
830504873
114154222
977084008
666495204
740647867
264977311
668836402
227980918
451813840
524880370
177631478
98062176
264417038
96672049
15713186
696486262
142928457
526483149
938030966
845201400
500074304
129947335
340469594
448936395
493352090
221866865
601597435
357844204
821575690
656977987
845077810
60233822
217418086
532822079
366785861
979720508
741905641
930962689
677724861
541769983
963447701
860294238
217319590
507434647
270839144
117430471
11813292
384033278
428503319
610191208
878432669
920688616
806209594
744192314
772030278
716367154
980965713
428277231
472210117
869565498
615762661
952123786
709254500
858442652
795324504
301533788
561850910
220644837
939862049
966669928
998830493
519792793
392792767
499040036
394374588
527511209
5089348
884385719
571095774
2790283
211799222
372706117
837821595
162572166
117224166
2826387
302012331
351307263
239912505
339554376
190393519
796700490
20054680
146549351
790887104
363355771
956779492
435885287
640053908
598685952
770279457
108218671
301449649
726758746
249977953
24168340
234187879
791981954
351076020
121830473
16236263
340684195
165632161
893360704
743464781
481073022
946468392
216129730
344499411
365431928
312092895
401880107
911323270
391462092
241518531
179437311
465345168
612431036
330483833
713309831
882425661
718271045
253442295
246102475
481835441
427495234
129301590
853571306
50662707
562431708
567596143
632670155
921165677
677344802
866604958
968363085
104600548
284532792
679660273
458659474
303718858
387683466
577205406
751900953
854518385
575347791
238018348
426623036
291158213
380500874
233659882
801719341
534393616
871669985
41615505
563708066
173413631
356999697
162652771
639585740
662542710
129398557
69865127
248983048
782306734
58657419
255062724
25018768
693137479
593644385
819616899
938673464
164939637
935156201
157533732
816103256
853623738
567695503
897179540
825222764
432260966
499908760
265233421
205676716
989961222
222985457
797280217
530471468
700005211
19557220
795093061
541098980
461177034
78879607
25776407
409853528
470415336
881293089
87471290
377373941
162924258
350262264
833485944
173458175
139941335
422708970
751624757
715619643
328244629
944033248
762188272
460174329
57000201
354103023
619938529
56773974
366471544
669418012
869521320
29053026
637515001
410245772
456612758
70944519
656865122
9877160
167040488
485250408
747566361
347120962
294902791
793910792
336319397
790267678
106301595
572930501
907303387
781055720
15303271
122026153
128019844
193753630
992680118
12922234
961446178
145498909
774183933
947393865
401915702
349222310
440759363
120795844
364264877
661347457
539379601
838257139
973983666
82348301
271795744
713676714
17276198
117033949
205676105
761956869
629671979
202229138
291380762
822029319
36336955
218402481
110831507
569174800
955983731
915813718
810507285
61196449
780663202
916143744
297728904
920554891
524037982
197972014
300919560
689302752
231866556
222119371
86128528
329081890
517493458
581985833
102865383
403727048
238035415
367293302
112045064
281966866
94425278
151082206
342313
909192806
810197491
188671148
81030112
899327431
620282651
208791466
250810631
810294286
194106339
631989118
760257130
817377923
503129939
866047161
597576342
603213987
316264797
607508676
510550948
407024905
510918479
280151236
514448191
744143284
908424686
572588405
556821709
495082159
200552233
594561673
178020193
947469023
668646762
289010632
805284851
29966047
589167118
656953388
383359654
918451770
277251241
459065472
87734332
479912617
998627958
135911902
870624568
356608500
390446751
343489065
535744167
126282431
210653969
82209371
728109910
51195719
828620180
616230654
175487762
791019240
709371723
282786549
549906
692187856
42742610
40792099
545768655
344598828
869823519
44872737
1793030
397769172
193471057
965168948
936436565
995574543
510151683
848644587
907850521
215976848
595928123
556558564
482299409
440970770
949570783
36678836
469362424
707229874
842624579
721727084
674837595
879222650
157581259
151959060
47864402
438354296
202866789
186834712
494493308
408921904
330334041
17908681
86496263
915992669
354538212
161711931
381459492
642535444
454623359
977371973
600345059
269541420
844551642
888249300
577559564
221679047
135986841
763777481
447470193
131153802
487053020
508434842
652910960
284320505
163287012
385488468
964756789
858513844
669923003
129322326
644485245
376636604
566839042
235293847
595028724
133555230
540761666
139308646
744537988
419445124
724288606
602199493
209390015
715285009
436918200
665452985
614937456
153278270
594100865
790821615
362323905
79210781
115740073
757444137
122734771
139071607
703779273
873294056
434621165
393725434
435717402
253574025
620466258
852771936
726930216
199806529
520629898
297297555
126854062
147894494
694535494
654287584
98276151
735729740
237302376
408300784
83030521
51910257
148875103
251927928
180219337
904146137
977190940
36548038
779322460
408901764
61819207
914440999
858798561
797055430
514452766
794352987
496152839
796085450
564803498
520778559
71395470
729283864
805818031
614047233
697847079
344879934
390167352
639059188
450955879
658492824
725367185
484377927
262234
784264869
968575553
717854010
701889266
501170462
54466405
109538426
579872082
420349052
796054780
674845564
652831211
131125502
537725261
333428458
110698895
54166173
33657323
559150485
94370164
330246407
233915060
887921214
56093634
737988667
974090607
930671609
597662484
417494978
711573587
159783179
745553425
946586734
641789150
901039201
77848954
670698762
864509250
168823410
316212170
808472592
441830932
432672021
304128723
55130469
237377256
802564776
787571673
127037092
339023956
342923241
518060934
582010313
922335043
993734661
920989065
278441277
993621466
12703783
412503290
178744944
779318382
346357194
48509389
249406640
366958321
202849549
48284499
234364722
740326869
936367270
195506429
155474985
460475892
770579545
774767668
317593436
895927444
102100079
685322296
905335096
861128533
531213123
510991387
822882539
697350827
289828516
734091080
8149485
439631256
68445091
902484415
941306105
43193336
479313315
129355346
654352416
737058009
659288126
314204820
106247293
715324937
745553962
993104297
216359474
152004439
878224526
498773121
272395964
833894210
20214910
756235240
150783421
766714715
918226645
152230647
165815620
986629905
103076074
314436072
654868457
953020987
943407493
970918289
323748077
762474549
90432822
682271656
764675893
290869213
835546710
600031965
394162150
48228453
745995439
607940141
738308549
490511768
23225792
721053805
672270359
697147415
113214169
876656658
389440017
569176539
971836429
491482432
936582793
341246148
27902871
727419122
504814389
613465887
195871743
3868144
77934032
971900618
871789710
652453036
36643083
191708987
529721429
434325971
763615975
993664247
348346776
558381126
309182607
511470472
435134250
128699398
366920465
497069295
682286511
379263494
947778519
29312363
241801971
144970558
365958155
84282496
325580510
310180522
35264821
466831671
581464458
761739845
466377417
839864142
69346034
701358589
552610699
283329296
965648456
126535985
485163136
478726629
532924214
682947877
449119360
241598769
887374144
924367027
457588989
152589521
694280942
189341237
354354560
394373811
342082052
134011807
210647196
63731032
144774954
722910748
259408468
183115580
879103290
323131381
669392139
53773406
362985569
355869227
642623187
314459658
439814456
170681237
534031762
758638803
658321339
979840569
962336115
209098664
155427607
232463029
374554230
163236585
568993950
433715927
17036534
379077830
552416066
548970838
954588668
824844160
824966590
928444113
491431457
28011829
622383773
546573316
395054081
619481545
668505610
921119620
256730469
87415611
566773883
131258745
891018873
535592142
345174560
793994623
919461073
923461461
820715759
242508889
963521296
615354628
131065903
441946921
477704967
154722503
134532194
89086969
123652024
928782711
776552136
494758935
762510334
203693199
185047110
896649346
932428446
706049858
489331011
963227001
948374660
807616926
958470212
874494247
655275776
931802656
775396774
407526333
497411513
206046496
399380902
454398470
539909767
31637027
889263280
24261173
758019530
367357884
856821027
308638016
28999865
356376915
530791502
566589076
266093143
951146293
885443118
139435350
42154099
47239739
447379859
958735944
406060565
891150968
508997753
270008820
129964065
704158915
35539923
86983539
178655566
273123335
200470409
188302539
197059534
501253134
267121147
481328535
514421376
833803298
955784316
428856471
365734524
280948324
888233374
326499915
555586780
938358939
236349846
943284734
625796923
565908413
311484362
665023155
428968637
619335023
361048728
432579284
168464727
298510964
154191323
38415153
86522732
961450282
74640639
72358021
328342356
339649425
294040458
465082192
89653619
414202144
971576009
787091365
320280689
139600479
5175073
662183402
527290716
741012641
195434738
384549084
13722469
146135918
495966460
501968880
64420064
147715398
743984653
918444000
54629280
594116897
633516150
166554627
707352789
992951513
275100609
178782871
298642894
386959414
448312376
488693891
271747952
164740983
832608202
740363223
506368597
694230220
137038105
967051127
337446622
494648491
925437224
482518180
799094839
796897391
60720556
504329157
970205486
962330870
862943497
831780680
878024909
974201631
704971603
535011227
272022037
491665070
688605007
19325706
351326051
195377067
908110166
343202272
890428055
946980289
821127680
391372085
837857560
312911917
600269130
305513056
206348965
875374891
914498370
693931240
572556624
185600403
62085872
966057395
305780774
437168626
584208513
706705412
776791186
886357175
49644564
565249578
648752010
100742467
200062480
879267234
566021760
137447160
794150782
419941314
396693490
594401445
289290162
279125051
983301330
552526948
749094735
775143766
101023597
202530043
785079452
396191666
717335064
836130813
305770247
791475415
470300666
422174353
947450139
461205561
443233645
741526754
109675324
460221513
122348817
898731918
513638168
743093102
234459407
38491248
231673926
802021477
938416733
287604835
551835875
250536251
234514461
694330290
309638502
122514918
300586911
70946817
348297091
97323221
269813188
927966347
439698418
398150220
947774547
235366322
861459115
128417717
740723139
911293148
960323264
188567375
155625081
564507639
72417545
119633443
270297644
502742818
970198725
594398872
634339303
119141710
990958402
49237961
459608437
389013221
832138946
845549610
502471642
374075100
658746561
222356356
302908667
543892514
46114288
57708866
396292567
360857006
250864101
233855422
547302782
776338702
416324265
547933526
589296725
589806926
394799464
365668487
674703710
6159187
984570124
434559032
170414133
822401571
949669165
145874175
786850723
946755012
457144576
300449355
431379143
132832586
50798345
201353760
652277251
554458607
319613546
867495352
125650594
704725997
515751052
264680472
225932125
337428961
888896223
530655102
648299944
995561614
955360007
514199393
448440106
224142902
152111417
534008713
250226564
299049169
542137930
468480813
566836952
162693599
175050955
848899025
28183191
999920372
307846336
19122149
212299089
24904983
66782918
204555851
181789272
850655246
512596882
417258700
601741069
967255314
594467171
820436320
30425989
105619
844688892
313148399
798345859
748981206
572547599
389727366
362582352
321760865
350854922
7595891
648896953
332292711
548915745
136361200
34843497
500028642
580772019
49192849
160113510
544461882
956138471
306152471
633489361
692219114
813939731
151466386
464455597
666670309
592995685
345339084
613921494
693587259
605289664
887315388
925294021
358466939
122279751
220958055
500974339
445939416
314455959
868580724
958912581
898269838
961625791
743864005
425363975
330882278
842527025
561078081
6295066
777845108
371027435
300029205
455682878
782160403
207342770
768372294
68745530
138385906
973189315
847374425
837611796
760394182
53099649
950650504
196478564
210365266
446291886
328732110
897944065
281440919
645648660
653907518
981348054
470416719
668122439
409952334
859528222
228797912
769892229
261449930
926618273
887897459
118156025
485504617
280762063
538749888
850073828
73877065
949960773
833179225
315354589
651493517
406493653
41217931
511419838
507347473
937149849
538056998
557193442
50740791
430615437
973603742
829608330
308423455
174730657
511685728
148640352
123939121
99062105
261032124
324340962
148224631
737306148
841202062
307407522
927434720
338164319
700825959
144363766
650316513
690002112
221030806
195354128
35339140
345752776
930216360
317777387
578584203
531333077
974189578
789860062
332650420
87757065
531388447
751052873
525325971
128465945
272372720
754979319
462746000
278762103
661185425
749688785
392145022
626210744
723008923
642816005
309582316
70422798
248786758
675012703
963548229
750188098
966375972
757901423
606771398
569997566
886515989
283707284
778320640
348381684
684127227
714752884
654307270
404890013
241541683
512151865
653674584
934856386
791538972
707200083
490076078
795142887
753190179
537815308
5034468
380752233
56653187
207465065
182662211
899650174
33172836
92937740
278564436
916179560
918682790
186559256
586605792
49153319
161286268
978150955
542442967
308625902
216104356
164115556
705165067
388750173
108768259
534016225
827429240
628090387
774304302
451477221
793923310
206820386
480115871
849325672
769624207
550460067
681823861
805321470
346743154
831331463
485643963
48082073
457355817
135215214
15601752
531266597
946358197
655894774
973585274
505123855
821107622
908125907
823795513
86215266
402728375
722313303
384954898
721064814
778154281
837128896
235769376
613801185
286377008
263271220
944085866
705863464
864827160
140786141
415487422
639558681
96368724
903792352
617855483
107660679
379693469
582027676
321597876
33674270
488288146
997015818
413746847
131182526
892446792
801388907
882094022
723155362
41993122
125352615
431590393
235852280
924771206
816886852
210860428
225014901
626205290
151683983
185373676
377345110
418856050
999350539
248028426
701368768
334456205
150629305
64376219
494243823
746045351
801361192
356941153
538985222
971660363
881719943
846663406
17592357
170358098
815496536
806920352
876953477
346292674
14328318
569143571
13078995
722897603
839260243
297341512
569514469
768995252
216853496
711002416
894790524
471870606
770197059
795611990
667395190
731444596
249254581
80564963
679470678
542411193
2592144
175374088
485650808
83039226
972023371
941953952
485799265
909547057
332050827
464001851
675612436
561286339
454064001
999602445
177042251
882979095
512746613
894830035
958809136
157659458
126151376
386177794
339015818
412393940
200842957
349956516
252979580
737752999
184880080
295076035
420458464
128566007
434045141
148910361
661206845
922753830
275104876
170152078
924426664
519614295
220425332
386268130
678745021
926916819
655783465
206878018
5733241
953256191
741874152
569955626
961718476
183983267
794209325
933132475
87910037
73398245
716996378
84967365
905133233
707781206
875288200
221655530
587845762
11475010
883420432
24620045
218702498
819118689
895144545
926570090
68853105
10213458
247076710
457926981
251269441
104784585
701476506
555335604
307468970
957917998
88339707
885127063
360823954
839876683
145414656
619681714
368373849
495898773
999728528
211317498
125620027
509127582
995939563
202965658
34024378
365682844
381241034
642575895
483382186
127601686
886987053
283925401
810162726
400539731
140928401
262931600
175977748
135669564
753870792
102042877
52017688
143064403
571933341
388719697
168028707
834698857
23568046
525861688
476451631
847872042
997980551
678245452
503172697
276696143
442186762
879263826
680716229
22282646
77585887
780171602
943771435
221494875
324616865
444734377
275902578
190284581
248075259
843593366
109267773
163228243
386442671
232476983
840853621
910973200
236251026
269113389
711848331
729511093
162147166
167492322
470264417
527911835
55744786
831505429
378107135
101282963
436990738
255686919
300718225
336916809
179015214
386533897
721256758
770879226
373794828
307296715
897763098
132816798
508570483
195875638
318754682
309085477
700980967
464844887
248061663
331599236
447792996
580699824
914450839
148733317
375748073
733752130
379031444
994409353
722753789
132744194
357333898
530240751
689953505
953270650
642224656
617040538
473683497
93546809
9091049
664774016
983642013
604045655
309648118
941383487
72686528
435364307
864717536
526217926
629898247
588252328
78251044
148150221
475342028
460382407
489804
885894958
702358291
743531836
310137549
340054244
259473084
461062743
926631186
336126444
462554025
851131406
994817120
510339551
48030054
456132646
344989301
765624191
158234592
401929902
574804671
883919039
67231097
825374277
602018585
257372631
688045556
766539704
929453249
8032184
517304936
539554956
84122870
583165801
69946324
893238111
694744682
327657584
503292109
511668559
259499193
40345403
63783186
307722520
415960441
880053643
672137937
638527747
941524314
236048354
438581627
122496042
432593799
675136274
921142957
546340868
333239227
686717110
414409692
450957886
947610738
441969213
749308119
750629292
720452552
813977734
614024974
694421736
811582092
349919229
197940837
312060181
363034824
285965245
115170514
62039806
820926868
108602438
627751924
345333941
868428664
851599960
412256159
627616862
531581140
730083388
421771562
669517808
446686169
316708144
36517824
450822718
801490772
544273011
804240985
525315449
102258838
781716025
808273667
386192293
858420243
306835762
379561967
951042516
223256110
122199228
696881446
28347230
606438314
777361574
766011526
560044388
545524215
13792247
817023583
949062079
243387513
795070442
218060350
180198611
399359455
527123115
990625229
820952291
630618807
979394605
638734729
421336195
402724136
623463380
535390379
215984743
197253599
613682183
10026463
468850388
623638433
931907469
482641055
780941744
692657657
284628563
495575692
567026897
587580671
317215226
498200991
822939610
839156135
344335947
775102052
560182181
426599335
531930127
17438383
697348230
263254584
607991302
534883390
345795116
428944262
860110556
353941886
44892357
731712418
514068825
988266660
728451713
801408446
380727926
491749182
485330327
353150154
165408945
752601603
317207463
381911251
97620872
88957524
191062620
418582617
822729106
237966534
125155985
99050518
298952520
230498450
285434692
145702945
359256462
230172201
325243745
943705973
701716537
626239095
533256827
529845144
590746475
605877308
298286010
203458639
178497994
30013328
483060159
652351791
476232426
196903183
768336191
636135492
855556488
861355606
596730594
513107827
473070950
646660601
534994249
294497092
975580663
33189508
410566910
259028245
962084272
453092483
104605349
541788849
816031741
165807324
609701506
715434918
312223089
643786033
781009711
745579449
731524791
262172959
983297391
300598218
446594045
770493904
212494737
185838405
912407669
899542010
310311688
47829708
365899396
710858566
891687437
889323589
889322087
140958369
737681552
52104151
821204161
960911347
956038812
629536949
38882172
312946901
949986206
983922624
852437010
229369551
605748791
893354225
822585160
711391079
636214365
997076921
105594261
743327809
516964243
300403103
841738078
249863938
152270731
706261571
967052090
743739090
181819280
380519899
841627120
184805454
790144815
408192783
778273608
497027736
101368987
221407022
702994869
567937773
743529426
785409109
220307675
138869741
125382954
366742867
649230781
149112297
450130708
562937996
778474051
592444113
609634817
484625997
852280924
255778611
881590973
759700718
448381991
653031393
172649979
9317161
85402894
12608530
540030126
828622070
151022686
969324652
934961589
403550824
559472675
487828340
533985618
691301608
752707235
250909568
473300402
741998102
333137278
201334516
184497105
869529099
490887515
234347698
533962581
952854485
155650080
568904675
387059496
777497566
575509952
963896697
129925217
557020887
239377651
815574147
810066610
916906098
135874681
680590769
758442102
125108325
426618618
882327414
767707545
819769647
303895878
915022509
480811157
338269309
471900960
539126311
539162805
83149947
931380035
757498956
193154866
310312505
480903275
118676456
529973078
339085821
836806770
403773839
258219881
101329920
753221471
278139962
222753330
661460128
272635057
751297316
986771011
18692491
703620423
120874589
712232501
153532452
329146503
43983370
609008314
596633576
899134633
619763163
756252783
69769316
70718637
644068527
378629719
135561096
754448635
425772034
161617602
895348756
715682018
126162442
360553900
479967744
268473552
648184533
925890158
327547167
610215680
426567699
730872788
376975995
463538119
50341093
602904296
332020414
91693348
186015044
950736943
106038817
411561494
868244862
107868635
784092117
410327261
325480512
752229645
59415219
133408501
471859761
183285696
893975234
399865527
224832467
117784865
542430366
845579904
681506915
421876611
158018577
643107238
106534510
718989822
309930706
210194187
953355145
674577823
174741412
910124671
398617052
884276001
94493755
616594125
69641119
45603282
610085375
505941688
679663394
768653000
590029090
406875590
271846828
679038725
933395503
799425453
242766063
710333752
370199957
768326920
194746517
815610055
169523197
6073123
206894157
133018527
854205620
508508283
837624859
17283917
192319524
874376969
392776127
288735294
779494448
814746909
953537756
134449665
363268279
406984233
18003962
439543088
809424157
154018544
632489129
504324881
868110676
684990584
281495721
325251188
360958094
434749012
438187751
115887559
792352890
466466793
912200581
384021694
539295181
144712252
270433771
933106979
462017906
540281789
755318535
501418390
274144242
694983644
519408094
933559028
410670959
554398649
72599073
332654302
956330681
372158690
102196349
80454555
658460211
431487944
411027345
736115040
252255777
724151642
744074599
958691244
753382425
411499878
944074937
896926728
409808536
497277415
876842167
337489852
985662397
187607373
856861922
294352409
137985622
213997588
330427826
301910863
931722632
835642499
47839514
308374057
149486658
745367828
526990347
354706947
655323175
506564204
581919590
804681345
656356802
414899070
791071004
602211206
905048710
693980567
609317456
516871128
815535016
624273763
746787140
576157663
624140784
21499226
267403872
417440221
362542034
833653579
322658664
293099844
724013201
326433802
321117329
925904704
254260051
223350584
71479027
662576974
693652445
110195037
87500865
531457525
814263411
641712826
470690399
72809560
935459032
868857153
272371988
929549390
548507880
658098779
714030058
409142196
403820637
314597784
354339160
19741932
775620568
509735511
954257832
33421972
511210887
14106154
36520619
477723683
537413294
140534408
738384309
168979013
965495783
664082809
996248350
165191691
634173970
926734715
27181577
989625764
364191732
882956481
802895119
613935169
789714987
447805752
468827624
843052734
631308493
531711223
656309594
62632579
787929040
119430467
565730658
324446696
378894528
230711503
438358764
994452477
39920706
677668991
755880579
490748944
249932770
617373035
593418421
951778932
757638831
370121028
468798397
865921293
281379192
872788231
963582589
737268464
516613490
650327046
712364775
849904599
142660909
622377485
197430241
376211014
747605764
685110030
461316909
747457227
954860556
894139347
156820079
18180644
298104496
798257612
929665245
814679526
180075438
252284664
115223471
250843645
264047409
332994554
741237706
495142786
577925217
996904705
235614060
180475790
473953453
582714783
511150949
258999378
263792644
663194342
581896374
962548883
951213871
509060892
673221092
413884914
977802977
472113606
288658453
770244028
365523614
342678442
274298034
143676010
694797580
305460592
111172084
908469110
465372128
628969031
140805108
876522568
547399016
630381176
847942249
475869518
645612094
464430007
757809720
294397616
49811283
395356450
167859370
160469468
113814481
834585219
198543516
926705851
406781666
317072853
489876081
619967133
677735728
430902182
137851369
441863899
592881246
273200580
554136190
268591243
225368753
85537177
886812869
332094543
290543177
437109904
10158893
943905123
960235874
825617830
238732820
105945025
250995260
277880204
27252553
288328801
662055002
146669272
626851598
734416797
572033475
312001391
909317413
746308451
440007374
29625299
492009859
613929024
836419138
356506922
160082415
983301999
65910494
309856842
275860423
160099433
78924452
608984247
596936766
433877182
737730321
479953340
566624261
60902927
462647865
180795300
919937556
508416352
867597143
713696108
394774
436465750
136309205
213772527
902559788
936058887
977087239
257858035
87801612
39361432
354634263
345818824
846137314
842189225
532580552
439355806
510088712
235271242
36033170
568352212
282345731
44872591
770598362
554610390
840112238
156423932
861853278
254461201
324238477
419511620
652065387
572460224
952603023
491041357
985666180
621246940
504716227
75400530
445193056
21079235
97667244
141381958
286187461
952799865
53762633
981776994
381311532
780613298
757471599
265525802
747979746
96696166
912549253
189140316
395159256
516547758
423898074
432536946
732949330
955492505
261636915
842176515
175214869
998280578
975276155
991005144
948284429
752883215
850614792
669709319
490752970
730060170
445235835
994295186
578215313
977726752
351852802
357411026
739856674
433255075
457082073
11083326
664911739
360054382
52420294
213306838
348229534
536995179
399673429
933157043
685212961
720747546
807990834
669984425
44367375
974433004
659990754
406310375
445697477
631674925
897997076
446516701
365009813
743099591
193035525
573563905
848094670
257343775
787291437
838853269
917738052
487864959
12285527
677980196
442170864
51148586
848706245
317367798
255430337
537850900
883752944
691160459
781740238
20872895
303083420
973876902
152360452
150767946
704627324
85944805
380001684
870528481
138254330
231251807
493377963
976601851
221420234
739229759
377336616
199926062
833744050
287774070
610321076
976673265
557415776
278382016
217697499
402783773
177909168
935109802
531971818
442994322
917125033
252798831
947277230
473485342
428735773
275899681
800471770
822976815
509119848
6792554
192944880
678423120
300907136
980881621
156563321
499646075
670202694
590926021
399800295
91841346
166741405
238793208
493828331
544940603
780001487
244856841
647842921
740271289
893152547
751319069
391533093
232555180
810049490
69142653
37100983
380074488
387259522
84494177
313669345
26913336
409790281
567231288
150295741
757393589
538221428
885169048
973476863
515166655
447667006
722599749
449926370
866819245
705165629
337948693
510256907
366453465
500968356
393845940
835226417
625490505
848020687
6392521
492785716
623094436
635928725
351545334
335101137
457251347
213181087
457493749
588684598
278873514
851254031
216839821
3974584
802995293
838568947
601724920
40867315
526954597
27325237
880077635
199187889
378210829
834301754
267114058
326883064
983706071
203201365
252218589
43931585
248626604
947487808
600978260
342161853
329878201
517250435
766123507
713248904
951661976
973885283
202826595
214595877
963018656
261497378
916388366
376556483
342143788
907284915
388441242
969506002
401462777
381232291
58164867
859889776
479876027
401443324
967768809
570025679
625585888
440520540
620999441
128051436
258101884
259668991
852044585
888949116
289596610
166233797
986878032
310981242
849021156
830248092
127020405
911694271
606618660
500555240
595971214
455180771
943459086
719827176
945615174
352961124
743112732
630519353
837660604
909238721
20589462
422583958
424116341
758127440
231947957
898846881
92016766
292206567
248979131
878269073
791145209
358629558
647693224
189633138
8467509
242799181
573632640
629469082
914606430
298059308
820405367
397292073
35752618
817749621
991767202
328755585
518528925
235838233
977005695
180570254
129733983
917647622
584828739
297245156
452299386
138177519
511122234
729114966
268551897
337174169
70409070
515123917
50870768
629956554
96455286
352597039
470160520
75551619
349057801
992935132
704692380
176692265
343364975
862397186
999724161
407215216
493097506
412778603
18103123
481194361
737030417
471986477
583079982
480731570
593543412
978301813
461798821
481751121
203956472
802129084
583137698
278978999
336726146
796020867
604012184
139760902
669664507
675313450
264967471
544653938
525183854
221624910
677486103
633143047
665888158
605638729
536986639
494047648
106559127
904869609
912017300
274665218
19428310
606765712
622989150
966839850
617000193
665924822
304229235
707302670
249300687
524967667
631409610
463913205
920223445
271574151
442312201
158275648
416421851
557328339
278301279
944415046
735827353
932544331
13616556
592918912
390855133
19020542
366258817
681391334
765538175
446107225
147096128
536892425
10420430
914674394
158917926
344306247
809184846
517866535
237540921
25497687
905039290
858897142
822664759
323071722
811003723
727258627
214260471
470962506
556125517
499679666
709086107
341486390
206075508
782568823
679206236
451587300
953792787
518444808
565416360
419229699
238760109
166718834
603110873
305229405
639151367
802909958
533936251
845705599
817981942
999738392
118173446
589203241
500474559
506614070
946766925
623085894
500450150
790512748
114916903
904291917
627292981
648084030
739366180
662346166
992948462
10030505
136034179
755662769
285859988
838585089
463739573
157035670
690129746
688768261
364008712
722149110
59565228
674013577
484561815
397010473
495611187
175231610
11363622
346923852
382004201
845905491
146985498
871513809
276810870
753843681
990717121
651758397
75372715
18552732
797921100
570712688
786054769
968115768
141247056
970990086
593037565
392833289
531089641
916921367
853485606
94530489
596284864
935205407
683566143
741565927
104394420
923029745
658192436
78197928
180586525
137410459
377220389
154545694
824893330
653291744
886111097
864882994
863714050
716126395
531070814
382333036
997273156
875243301
273552297
24819357
301526508
812716319
123688459
378407055
975600288
537011728
723612634
882957209
331127237
749867201
681700022
352862651
246886182
106267552
867948873
172545061
735633840
220332940
768294964
133314144
872986773
780778772
914758179
424572902
807595679
453977409
739432460
115826946
999217939
488511432
971203272
584875597
460534910
868728196
670104637
782739898
607889150
795448619
71434030
660840561
988331009
796516205
324849356
184081538
273816046
900551002
271428230
706311175
903675969
535437974
319620157
802654600
292532693
905347529
853417880
325500770
404533851
239721859
313359558
954352154
904045722
95619265
271477851
450983095
741033391
371614728
833755248
877917859
503042125
150613884
308772632
895371033
151746862
865000416
183624470
423363861
555813257
977756485
564556492
20474888
677984983
677989355
817452856
396006400
322471787
135904655
628102604
397412719
623613995
363412717
750169238
302964030
167447178
229164714
230047506
936240025
48143247
232857363
278087842
577637936
629516964
275310552
962897241
146195488
658701939
40556451
427634995
448715240
480066097
568924782
456270077
106538034
486725051
748116235
618344604
694772733
556280062
978979622
873428746
63787636
838468652
601443500
591054392
159152715
304837166
139175790
977215523
686410293
931356838
997918332
313921798
663911674
685114344
277355169
591262876
761085913
707745551
103459793
107371178
335095548
546945161
146979970
114748000
453845133
140953072
806999265
476368208
353002839
394087043
169841352
126674425
344149501
231703331
115945230
723961219
830964090
191740749
821114116
288116793
398396133
223023042
347517619
936240889
227272548
203831609
638101638
845818796
132728681
653523628
580348603
337423072
59314794
845526352
889466123
657727302
386831193
851620509
683284214
578848798
229202350
754712991
682951969
517549168
434170162
503969448
953165120
873621405
831225983
35671858
165949549
45101003
433452500
731152569
475148890
493718452
996141251
711391472
420524250
972953140
425863876
600950231
739165091
554896930
988963911
810137089
954591595
534291238
637972443
448655948
81253903
445110840
213698708
610653109
116605783
783169150
848926439
175833437
765147989
526276854
153264710
556917188
537198529
364628204
843578973
481942635
971310539
555100767
602878251
524710898
889388373
699071672
823509804
648056771
682328242
541389460
919740556
917265746
260055838
104752448
571383122
628195264
378194611
205103736
476598818
337985476
597846701
766697918
349912759
774125810
921956013
548332013
581532547
202784721
87371932
772625920
805301974
649063845
723221607
152240060
709258948
361075458
744133613
596052550
910545788
681058205
717086894
912539064
924710393
443583844
189391401
630832819
398309041
99317822
524310756
543862051
904933937
825480723
704434293
870058606
901435539
485519476
982509379
106951370
572433149
996136733
427771149
390662821
871962096
180797852
48425935
864274155
53492932
230583269
755992115
522882020
589941534
230906189
460425966
735756215
921963660
108539569
844625595
842156791
883468711
907708479
931153907
880265328
231477712
477541931
554369669
24406946
958022167
687602305
34607130
733659732
142038062
733021038
557190915
626624484
765912871
611342792
44136505
491155238
735078795
943920540
685429769
906973587
795679278
386176363
237873997
794686104
395817090
859787642
403523499
900660257
503116690
643686493
480715940
557852721
29011873
444844380
350843487
422175121
313086354
692425391
939392360
744248702
847102187
319531783
159339676
326004723
827078393
717280900
216870412
555113755
17888749
137928782
359106888
887206176
966286698
228104426
800936769
79162117
810366223
972674371
462193048
682344759
616854417
254601077
634676705
119967990
20989522
870035134
37559421
938393063
479280273
34563228
653089600
66213930
498083696
463872200
4483026
281748922
730423449
772736151
405840815
72011804
158984623
975703270
480444867
772843664
594071373
799294142
697745531
822364977
478593261
536795349
644799372
10182109
363535631
170149841
215643027
801420118
50424370
412142132
927528953
219533608
868719726
277789453
316382381
312097449
994815103
507294362
123597868
871291160
515272485
308585622
664186228
280512628
645952581
968184136
464730728
311778577
675899546
840341151
956846710
373143926
454883387
416821447
320761103
521028223
14817057
566639506
224718927
397887655
281468115
765136843
405288697
178592672
579915043
247884342
761347221
143913375
50026311
575118538
705095354
252303490
81162360
354534387
613457137
100432217
802831698
987985533
22832159
36540044
464038323
554645331
572223804
761758833
906104797
940507578
566230805
737436878
12492323
400071989
99280961
221410259
124567606
270623195
259046979
740961739
722226542
435046806
859164393
666741987
427686309
384009520
731641690
407878176
869047063
661483796
281940795
772446768
163392990
695414911
899858928
35099144
2951083
54374235
292060308
68098657
194426372
890371321
618235632
189107565
640507294
530551134
27981162
960012639
321978673
887882317
463186921
227769504
130841239
203750370
273415284
497363989
375499160
361400785
702908637
810871428
992462148
201519255
405761381
489492129
905204471
757077269
625742892
793258816
358235204
257935660
966389548
535142042
574841293
665352563
104086771
946893018
889018423
973409722
834208927
488541099
834586520
13906102
590219311
705886642
831976665
903488147
414999255
474601332
929294236
787982869
65773303
917950146
60379055
174481299
433058390
704861525
501762291
667867490
694251682
781303106
183552476
662449991
385513135
866022872
663969654
332827722
275484139
703688536
778914557
904743350
832422392
292485406
841678089
613550768
873007190
407351894
621590835
151000239
246859651
442999294
573814999
548484390
155782813
923935845
950156427
869794139
217740537
306641485
822506761
78816909
584241877
732301245
841164478
241224487
814858308
802360270
421923875
574923006
907592233
46511915
137601664
156263978
349739098
770529179
817563642
874521906
984273479
311863992
729119930
362206602
360584169
42345240
71073781
771243629
43978967
726527103
491341454
991005961
94992863
839474273
360520005
434579933
787218565
892558177
716086545
983305058
972430231
595408419
485032916
143884925
269562582
619566196
317956911
331784851
757983038
659917443
228927854
443353012
658837468
965306586
680248987
179433822
917186611
117945214
180381304
955367902
332109397
336188649
508784563
636231600
496671830
964503415
556937021
861431318
399053356
494329540
441535243
991004839
942501397
25752093
599532180
800581881
197171402
800593328
19347420
791538176
11021506
767681385
946818313
392533443
185444006
146216692
281838748
1393616
967894430
38138990
597256413
493652173
656355538
566586113
534955359
387480484
108331669
611640732
367196233
537212260
887468520
814438331
221328406
189159729
250588801
404092133
558164686
220801147
62023577
767754996
874044933
919652498
794345281
492952576
992205859
210439265
659329652
470704612
373405427
244600605
645088998
922660541
316557873
890555014
571705643
245646060
835632928
601140776
516726254
520948281
274982715
523991940
408444993
420588507
161940581
155832221
575495211
407204069
730275238
977256842
16438486
909290708
873365447
814932627
765140112
392040007
500530891
634113425
777680801
485210089
461447947
658862298
808303906
870242795
777395004
825861918
953369301
199464569
579945389
54221747
540302746
21496405
426631514
392026079
702436327
917404689
234486519
47534561
150067763
505677785
755004315
451676979
147073827
969318379
946951104
595795263
386109888
169892060
911816719
442238597
689088415
10914936
506892778
776423101
894516611
358072754
285961131
614731422
430898327
200316712
151133128
161607830
578763077
982968875
871060189
888767305
478972661
8324233
636305374
382298397
791238471
368690680
750285495
88902609
814904671
794391400
904996536
834302084
944037849
900086120
675043112
121467405
42076335
578882165
624285891
943510275
55142493
195664411
486546045
575680896
548458625
778488160
822915031
303776240
852542576
907384664
877474912
259881585
777939777
158123298
996140191
242382814
326239649
888185442
292505020
466580051
340863346
92198575
135986488
729525557
731951853
514437114
438706901
410086939
708313670
542752644
644794877
708300206
367031912
798712576
554427056
838562320
661495118
959224467
416909886
54038014
116381654
85911918
979309782
576394207
655401045
611454547
675861780
999418827
282733210
469839395
958512620
739515027
93023410
122764235
593666077
570412652
435648048
242879049
112612736
808292185
920177504
889560686
358962481
208743754
625104637
953737573
62501057
173747468
134566732
435292813
217239322
364046565
844641608
952623409
263887894
859559255
784339098
791819973
761748223
390455505
263181190
985670896
715534666
752300289
756753676
24802086
293312800
559990088
111705751
379954816
872344236
981925681
418215625
335628903
670946201
623932494
778837275
852686051
285825126
138924354
396014405
661284449
81177665
887719378
905364291
34245667
112652052
77024323
60943507
133000028
545640451
9628017
963587955
348583960
596124915
543993331
467437761
885602855
782628665
412309844
901430071
77664033
719581094
884260037
488355050
767756774
548625701
451847676
902936817
397103863
395700647
816929693
853864514
86688473
793973087
903629934
731749808
947400453
277086483
677732461
985405041
14602562
775241630
36047558
328252400
113354868
72897672
859063150
815194062
20596846
587662713
124853026
299335617
977382269
967167446
942349127
127722163
670953545
330952741
805017775
366578936
376930891
147039231
65451138
746063640
75664807
453848219
501788370
513587102
112711181
941092471
520936584
705697900
380671923
926175228
2639968
853507074
382828992
566445033
602560093
69978579
876688977
614670607
411018466
749379718
527818138
384553911
394626869
706261603
347533853
386719078
287493315
928940067
630296958
205608301
822028102
525859866
524374522
43917461
301350767
194839663
134654013
213428336
562836030
536369701
217378692
817413414
14340141
930954773
807270544
102248862
599131431
743894354
862186216
853303648
801110913
436104461
553639725
78838486
807618661
163063741
633881189
880131553
771736272
192533319
620822251
164798368
552918249
725221932
118806096
303443546
377949168
646201758
364233742
585118381
952849441
839558086
466977924
430266804
366676177
271008591
211173885
570410584
426931832
989639570
519973587
767631742
763938761
541850656
528833778
196372952
239228235
375302621
424650472
741209368
179242722
674568969
269217291
327193121
147688628
834896280
580039725
625354138
523385916
233254639
432969894
458671869
215548754
599310421
317138854
402391776
655788005
591571997
212974868
199553741
424932431
351639421
420631869
282643765
844849118
947405046
155628034
453916848
214467421
925652395
755219167
112350118
895121179
524165098
299559635
758312105
859604097
504568578
949635250
353886649
477592603
115107264
480060404
826417339
638085879
195585578
118494148
983562949
202462575
86779961
561874599
185978070
762421920
943213428
181200837
869200994
13201864
565418532
263207064
474299744
799882789
59663109
169057170
387777317
331508888
886141860
414439217
355621522
381025660
796759153
919584833
935942719
458211650
187168316
372424623
622464055
585752524
511310068
883190789
711086182
122806653
429054031
954107937
233609266
4331783
672805656
331266469
193089321
166802591
581873867
863867610
385259337
172316814
433786464
244799150
405830718
697551544
475976017
401183784
743070239
674329685
426923132
155346618
989772225
171231102
612054278
270042692
232201835
906372607
270137184
602195017
354623641
749588420
785245428
210792182
540739793
80524806
525688855
164650384
608984813
984481271
111355187
926092827
788593490
31439998
873837423
917489093
909637872
608553633
276579446
823800604
836375049
722902302
738761547
230546673
285746027
766997206
2379605
521602105
820866384
371856051
49080327
907606162
777684173
279640065
304768523
87966687
316895872
575817964
683624021
124380146
738957303
922284526
625754912
260911223
599104388
344693934
186059242
266882212
131239269
844242081
641045982
429124360
413387611
855559971
476422233
615549151
105411514
914935909
335351356
936194685
648176235
246862
597040042
481050382
946252734
579659437
591788880
95505972
610579093
499821422
875984917
227376552
883723330
81290232
724742594
375171331
966886215
900014505
56038474
714163237
523591102
32050464
912595323
125053478
707469155
958025644
617629256
889941603
604038214
877650855
136352564
72347616
1967579
66825551
313777962
308227174
377052885
672635573
385406463
571291824
176054951
580774221
824238766
339419333
808872066
8214449
459308417
144527681
691040847
449742490
274572872
566044107
595200182
317472610
72973641
398078971
491304560
23074005
431971661
684335533
937355031
246643645
403396550
908015010
914896308
973293645
601113817
41418344
328180975
611307914
470388791
587264117
452109946
532725417
154847670
254718399
751048733
664038964
531818519
86491039
411322912
112434379
837814469
314707443
814364566
824619119
662495988
801832040
728357448
882309675
472232817
574568135
217565063
853730686
912867933
701035585
295351737
138417063
884051824
55922858
587311215
615270582
922531126
376675560
832194614
48862499
161767477
956358188
313184207
877003981
176254486
196727787
936486087
27766605
722857744
581249657
871325454
934669096
360150138
984478709
677113821
247562984
16558100
607121596
745931791
767218312
416976522
330240019
385679820
986067144
217249190
602100763
38536857
483811652
654252042
773734303
375784544
16572038
844403206
443715298
188949890
535771266
698592685
134594258
979006711
205305628
260887394
472946079
532039329
655474175
258072623
983817537
305707693
901143447
939675162
762612388
881391944
891043254
977673800
360120340
353664634
1743731
254602120
309712363
306767845
858963155
612804939
869205478
671017878
88812874
885940642
61093644
210587418
214474970
89887981
642308961
207934358
925147449
305783763
7698553
753409429
225519713
555310597
16708399
700120239
317926575
160520463
200637340
128345588
274461823
541230443
360031798
60238185
239919249
672206301
782795928
400912522
559961211
562085210
791078154
418990164
575370546
826988953
242143713
909773033
544567526
750718168
887180978
261295806
605360219
79475371
240056083
737560473
822658891
567836051
454010615
77393169
468403019
195340767
546192160
120312764
76658017
743105529
513356560
247139617
860774056
843619331
643557353
649856538
160384029
225003196
170499006
619468779
40351906
877692215
638869830
70508512
96808637
677478533
817528813
656141489
200323781
333217377
339963482
579455754
768828249
835926458
13130019
169895332
242201073
579333261
644371787
350918416
143891146
838939666
382464453
740740936
578104278
510699601
214541894
809964932
548751189
159441225
27982514
765024440
372672624
702849991
544336269
224439452
406122397
461048406
805179655
571643800
383405529
932307561
775138654
619319511
368954080
633464442
710764046
886792836
620536010
783563446
168372479
282920725
450748642
364342891
974454214
959649879
147489842
219450069
954547925
130753472
919947862
525939330
849699872
334832256
705826337
948605820
905126771
195893398
110978146
686314244
126045287
717772405
380769688
661733832
515069969
680629115
918285811
445926700
372635859
198214372
334893979
672317147
216040966
110545201
62308547
791786469
508886244
348275728
171631859
372721603
875213914
947713648
304179756
278683359
550481733
904092113
498320768
320826948
265115870
517331125
663826733
738568800
470113515
43077335
535940629
653909779
561412377
137481178
792861413
695742458
92549145
573413113
362480978
716332763
440706428
438375799
453506073
674985254
293134954
84883411
602151932
722587274
337579430
746508194
784062889
832838466
488454384
146808035
239691133
854895773
246296008
239921354
536817276
30235695
212291943
409513962
830506607
851756262
448189238
774246509
279635130
182188196
356093305
712994319
519895070
620468768
673998486
528021775
33933781
37806732
710356550
4015052
610877433
912462698
961774772
590883521
709772202
753014597
217689577
475771504
476476831
778268677
14076324
474720438
742647128
168460243
531156045
97450550
672091709
233400672
928791857
166136284
801108861
703426096
909167204
895216954
823507860
126629890
396036932
873797646
498068936
16530601
661519520
351308922
438653946
233855057
140282939
517169971
106236188
986354282
514016860
584511413
492576679
896129953
201952852
559897984
63202807
820288062
972036280
46061960
776257238
799748435
968825066
216490215
713774009
855688860
805370984
842515087
698980556
702201172
791506965
327104835
765482318
369211924
357274905
614755943
613165937
488214687
277097540
602521163
327139731
832066456
809414782
533047563
99965952
586708144
149571046
85587505
229739880
189808377
400601943
458852752
176984768
356471091
137017745
845872274
351618504
701905794
149026165
669656476
951342778
885527578
148403763
61994071
946693492
245792887
113950154
400946679
32790160
138881699
752725548
954745829
886852246
347511171
848329073
512932629
994829494
68223662
95984009
618018038
417630604
314687695
202674064
276360926
39502991
278305961
668194505
927987904
729364751
579285472
766258264
446130515
520158006
110130351
773979793
622908021
239926647
302318530
493490959
988619767
721045134
247591728
971602838
869359640
462527617
546748379
331687552
817236170
475971440
445570360
330429270
679213597
18421912
101377958
218394213
327099708
495169054
489949491
846381737
586578255
44309533
940263021
23434552
733197721
813197035
669780995
965959009
775296329
876370795
121251936
596452476
937101924
739727177
246456987
77329472
635007380
61034396
101325157
857199780
845081770
184981015
508760357
750377501
118885490
213715499
27576423
784394444
159533690
35097668
437925538
15733339
174906518
84048080
132327992
742777032
157170768
354118224
952630998
144388118
212355626
915987656
391647879
677054479
936071467
819983771
928377374
435061329
4729053
831274965
462142529
737271212
322129693
235377796
550141494
637950501
801086381
650130930
865203465
949243488
487105315
982989681
503865755
509094020
513930369
406027605
717231469
107532934
341602350
807354579
201348793
415680359
154385296
427678540
352182540
521797557
780036990
687459108
689419210
388590238
97323310
657958588
739562663
338070159
35045224
100302357
114120102
201769156
146991994
76999364
365001367
531449260
315483488
394423634
542456872
163918994
690465355
558575589
36119870
484702319
751159612
686065248
213020723
908445151
256542784
939423871
634893121
108026197
618284112
644354177
940385989
438261564
568324871
145930643
306728849
552616174
617592372
997118558
164129670
561131585
361282
433869042
60397970
154402812
344410067
585785327
572968607
24840726
393419409
890542609
633474717
186911445
550598656
989402509
466482294
876621304
20728756
314962639
460348773
804986623
431930306
107631313
665794682
34225204
901095093
866716887
263658971
494845190
598039210
505618472
13604761
712444704
926498414
31265202
379248387
134283426
520905067
512434284
446506969
737197304
986628360
102816573
233556868
705012756
678197927
807049130
51461737
757217699
705841815
80599960
762488319
974744611
11932990
17953593
165382896
169829035
339939071
496834041
734342036
623166375
626070487
643854989
945298233
626914863
533449652
201405906
823954652
518564595
782616071
818510866
969791808
77669820
361570791
416817651
685410244
287057297
580770789
802188443
261006136
832679901
55166353
403065401
868562888
467471117
54913390
662789759
478713012
799390717
483960438
341261085
57661128
157420430
968609360
590780972
518462133
988483496
23587273
475775191
859156666
650018507
892055839
465641066
452985955
566454193
983307399
185931167
90978778
642727129
509062822
537113133
551156371
251647891
489445126
656218188
986318396
659987997
648964258
91383201
951327398
887501538
548273958
304998956
742543612
870223011
758297982
541084623
777608307
281209530
739491727
591164108
815911906
420158284
61021288
71471042
690398527
136355184
406542737
540534025
322861152
829855928
160339008
439077222
372292328
815924963
37052069
534453426
309604593
200523862
95206266
3395682
856675298
244498189
1591674
951514947
771271559
171938605
468209441
786081153
151737110
500070356
698424807
585602903
724365273
195208991
402750800
775848706
622749827
547856167
237992797
494998846
769664848
135373687
599222858
72519439
868527617
211289005
238538388
721430356
956406604
617541049
260028346
981180875
679139264
614877128
832818895
580143664
792818652
57970121
397377868
757645685
575919462
72373267
912324085
5209489
98326373
637269038
294511722
468289756
708366326
459358208
295355448
358679841
82050989
96217501
572571402
758252708
599286208
679698976
215999887
406581646
272744943
116424278
375700282
399387541
489419783
931816785
614240565
671971782
952315318
247060611
568019966
1228803
168015238
559011772
442686993
35940549
601971910
96466550
635308522
678865014
667871379
511780987
614757358
792676428
86787915
37422754
705724913
339605975
234398638
384016827
987829278
951622485
984397412
543548743
709001581
386386348
902357367
76356712
889648721
968713271
825804117
725396354
874148383
630615249
198229345
599531276
569353014
651992535
183118444
201030508
725333931
695323929
555957099
222787142
258411312
176899724
751545669
83800325
873511761
901931353
389847308
220417714
590094240
464270911
144110396
45108287
602578483
334647400
283714191
986252941
852774963
596102448
82705568
724442491
841185646
327158805
509685296
266122586
958464133
502696325
729292583
232784725
164158722
708771401
455997766
628283028
455293624
397914787
549136985
649031517
77752868
817120703
48251706
351934777
529053782
774926323
158059947
233424737
815787744
142834260
324496152
931675593
241200809
458142773
689961371
233694431
376202738
260465794
597949428
277439101
441044130
202425525
11797572
814535222
514761691
154566459
382183532
931630995
84282236
882945128
486776560
178780916
277394811
981016042
172888238
466437362
350519528
835333800
231455124
78466476
335251802
799535204
459801597
615929101
834337667
201840039
411967403
126143124
707460101
808239001
586894841
425957576
733728637
638361282
517434023
496728810
620402178
221716678
114869646
793978951
99688764
196877536
994650011
836045363
584083229
270617538
567270576
93600489
898935181
784072167
770176428
579885285
382108161
981409294
551381457
58148865
203498410
171474500
15532111
166790094
757057665
189569972
145453222
299464523
245065376
973954916
431020513
41516270
126588868
361601740
758743742
214344947
30426985
789130039
998364979
808294177
971785047
376210582
952781397
448696125
506382291
945949926
115071859
205439447
755457095
882393452
288147019
807168367
715950334
4327685
437252763
986626013
598341824
230790039
791096317
378516321
526039610
839256859
964771405
774876425
18974515
729876463
52037016
64247213
393304541
288391480
813638559
116633857
731622254
996275531
142636251
934110915
847099634
676332769
936888076
916142459
753939572
323274276
528531003
845995284
785298757
356268706
741130155
172248753
925500034
491360414
148637740
287251779
976793135
90804159
400060961
179914752
488922134
545712898
95874893
276695836
320628102
762021235
276565170
899616289
558596313
83109124
179418622
346075449
714881589
571861674
211564195
503187644
197435485
516316182
625207435
424898523
161692590
581526012
779222211
552438486
905838806
933017423
57784294
754996661
112939397
679296423
846808492
616810954
781753191
112275463
463203927
581307668
416705545
412900134
624965565
118664226
859870160
282621395
841755338
98945850
506777227
916046018
737412794
224690949
820090421
37516834
219601327
533824196
861060993
701127626
952907184
941061056
544910514
436330687
404905815
371787427
762706881
794462625
22698280
655247879
910523573
214494984
184840648
949015464
549451290
416375155
654822570
174893865
100727907
653469625
294830148
224798694
489149146
27056290
509871155
571779737
116601787
83403218
757204578
70125480
633808897
702071201
943553172
917777798
860525561
809316039
162855194
223485318
586880296
879614313
217247639
396455871
64568489
495286802
319873658
725743190
326634
312223388
110041464
775396492
601599398
994526038
922247235
72765895
174880548
245091637
883040586
676170785
906629755
474189258
151563764
587960012
93281200
330296955
358775768
145082618
321127559
987879327
841960343
222590604
650773335
586402153
251388414
349649897
535302523
169655384
947560190
971042311
975703491
41485699
550268610
161840966
35381491
45932797
587827509
37874446
873061912
837779129
541290431
701817521
926124222
879798494
442048341
325336894
915409451
149111581
256240975
944994462
129628138
541194365
864874187
267395653
180954398
652983328
460314117
818391674
544962535
165187546
782337939
987860303
173790941
628953725
864421175
682995928
310088189
19093173
601250202
496064482
248429506
85026371
459778000
531261626
919492493
718191260
711485239
517780228
941818637
489413644
184560796
351460625
292367294
90078948
156081463
668693509
794414274
295112325
933674861
202969661
592611763
830966404
18483132
424494595
606741883
242368030
844362932
517836615
221986466
273942302
55341479
944390300
938940266
654928400
226903072
222047172
416413634
209071699
753430951
351156553
582784717
602027122
666479623
970277435
182041245
361452416
727235863
735503626
756738205
517851319
368523189
765243883
493742911
281801937
76108649
179920002
889866256
314010535
35099274
801754532
405354368
26991831
84159813
555652835
912146905
37700539
944724933
728009617
72610093
398231180
271201386
942804107
670505805
267075221
356379534
560612391
348827668
175308169
180164010
288222310
346764769
381971909
567931762
217654955
417750114
747544608
990991020
813187806
182921655
131031836
632507427
225704764
944713750
750853897
44132571
604273446
707522042
339376761
707121239
298575133
486948975
196658991
583320479
758513247
621288372
59529019
560172274
292987089
323560869
282898893
751397326
24132009
705524885
978893145
964523565
626079950
664579291
258792311
212461203
469207704
450442505
488170961
790293972
152474327
249558905
226796775
540349840
765254593
998737722
747112562
439827910
716217699
151683895
148135979
941606749
407347833
744406634
594418366
368833825
473485553
410255779
313855708
777210205
847001528
131329840
609089203
436002953
617395522
828528926
494395796
356824810
831197206
21092371
337296104
810901760
854613782
229913483
495916137
744745907
700100459
663818763
675498214
414154665
993144718
785836288
91567028
672395626
875927646
620678540
852392327
334053694
261009441
131036614
228494186
877061891
566307935
25661297
273097113
408257861
714881945
198050586
555639775
176857645
158687392
443788811
202230015
965901127
557256454
247547858
72953611
187790796
205811444
939056736
873774967
439325590
549140839
327845591
716125966
798914808
210761839
918346814
50704710
651790751
375813135
267329809
12058491
685489504
960590666
275485442
456602780
963202764
336479141
795790831
929845666
920975233
433393196
805063026
309484657
601270209
728276507
176832816
241701462
559026817
727228805
134728995
591125182
870375592
719882127
314447169
451341997
839541213
656809280
30524121
960425680
360044916
354567477
393498053
40830657
552301996
804945753
816173823
273311844
59471500
571655718
500738323
555383667
387142537
912516099
363257903
42079329
240988318
534178208
593480583
83144922
879623661
448233036
768117066
742339529
535454176
682993340
566044103
754475935
994150318
337047441
152770548
931933002
606931418
451140281
251128759
265072561
145554087
588434992
45481018
807054062
659577983
469260689
739903795
714834384
607095802
912361631
720899872
635181503
286981701
211743610
540365363
541614388
803716018
815068667
916339028
542626281
165884706
160847952
427558193
577063630
855207456
475062296
531963267
934802931
621234167
815152955
66549409
893107305
182436765
972970968
385176086
981344065
749808626
145621085
352751651
706012831
994819517
847880377
715481085
302349186
850875238
11998402
740307921
789971970
45591473
15330793
22438013
113576215
983834964
187446935
976264455
489503934
292132253
121392613
968855138
596255264
521322912
810091478
452536836
428914549
844066209
544482449
891805297
223453457
871517941
282945865
275078833
251051432
17563871
482652703
610314764
777411378
589581007
108139065
199959773
430564974
366022845
738287852
727319856
937083288
989629278
770775236
555715543
441998634
986692198
233530577
37514703
120832561
905894140
194811614
312223952
784105711
272303805
834791487
680789854
812602040
298538503
692295726
345370622
31983536
545959191
635136706
256470531
171215028
458405571
682777182
763723568
311563129
117644805
898208214
699237965
632865714
727708633
81684926
424879761
375487245
964091759
244737640
448038124
578402621
599741579
637956741
599714402
100916826
149445883
325129950
875467688
300786010
270768504
846868806
647657736
5170310
210440304
422560815
844544990
119055949
420991344
724487434
593933635
87309340
859668495
327950153
364465361
521970051
334630640
187981894
260148275
891887483
735772197
50069945
857603867
467261800
731030221
294593467
300803051
581777584
837086023
851239011
675079992
80602667
926028709
759434677
13881576
120363657
291711080
618581953
855541458
190111472
383344937
653496079
230903179
415523140
392099547
930178937
60433168
434871385
964459403
485923097
970922605
463858229
667757561
49988409
395963717
955724960
146556703
232440979
513470784
658984174
15336969
722332092
347302304
809987927
867613665
642287158
877321935
975664196
487706949
970171432
515866602
123759152
159082695
788707706
986829777
977395723
487824868
607481310
657525980
925385645
967882472
385278912
392103984
264752837
373027063
162619915
858752821
751653445
838516984
28970492
365724847
755947812
126459413
87544789
440907924
726535826
197425366
396856007
301336457
940071045
671523491
95310345
854473156
608808249
685770203
327329458
750199470
950683614
889217413
629783359
270493955
965640147
705618148
998579863
252305683
828496883
279593409
229008532
976721366
989800038
903521281
121138020
874032887
271120099
724504108
400974732
105232023
174338772
220632047
831976418
774539644
571917612
210908033
211452486
153037572
885929051
597567949
517056349
873317872
113526784
126554770
545859132
59486900
935619926
596656990
471450215
488574003
248990303
494301744
736693406
481922122
293118670
703460560
613925678
853050000
321815410
7428237
299948369
446422743
528437310
903006142
466907304
483942040
501751205
612141012
522746952
831246523
118286852
597903806
507220035
393617273
160965486
357134564
624977320
22156410
826319136
814281256
168323913
440511931
719619179
93871672
610051713
69382324
496002723
878857637
235015171
162432723
1195299
198957040
376884358
210300732
383195508
549915913
564768583
757519359
385826110
687399330
445750392
86208807
441003379
747319621
614384893
924986029
371012132
948889758
208695427
676195327
357507458
183825615
933584990
968322790
420932901
806874918
966851738
872322664
851309215
883955438
270859514
825279127
491989254
770093643
315537014
674113459
250908598
855835841
284522959
84036464
163593301
510869677
928634478
410751078
102330154
321461973
212971114
203169094
588470812
928610518
4532307
754901586
900471367
881451201
800613898
707715779
524378736
6701881
622030280
571987581
231326406
837841485
677851302
650970429
850379507
41600902
25688613
460978220
708982457
555625215
64559022
203499052
884629886
407381024
203888765
293648732
824863666
44057807
52919603
722716845
467827893
484577365
799513322
647288017
304441048
401440901
495733769
164279108
157388796
223364481
481963424
371142603
139177488
334978250
509976935
629461754
58682234
107034549
958445836
8601376
974817538
957312149
467706751
276750074
19659066
102901412
876055794
995388884
208627679
94409736
281956212
179623453
983272813
390623669
177268273
789859626
968161678
848893993
160074124
903289581
907899778
414824266
328909007
652135064
846676301
331838946
371433779
77820715
488590034
788725462
190430802
706422809
603357249
986301753
856046210
137348125
157782962
861923701
984594057
384037083
476103893
950231232
338651029
239960100
272781266
217661066
761117953
174122154
693054670
307376254
615744066
93989579
4685300
858359178
543281200
809077333
155469640
529819595
99600509
185400741
338340792
256128664
924903438
294234503
279875216
421363169
630433280
812461598
648806564
626563816
39752014
953100748
825478839
120102903
617054738
447238560
974543774
583983125
969538027
343084360
150582349
621075114
850579645
451022945
123483280
396306362
82482756
698812042
716360750
446263854
234798255
413788821
563175496
316996527
839444306
451913975
982535223
749311169
563679167
229707843
941071881
246316331
258537936
33588532
966671361
838526346
575387786
964507530
904851934
973589033
411613525
185867261
965705523
925581293
761004160
458900330
274849390
505382934
496948428
755807933
555023628
398215140
464372314
18570911
969899985
529012815
645758873
732234623
905545050
452523466
830574887
700013565
201062597
874233396
383110645
892828112
804649596
387449380
441609463
476996285
754336439
282452605
932965620
873454088
264749104
442682127
29005709
775541355
721005007
222669313
90575208
221398062
742954248
410720801
344372614
462858849
267018543
325852711
171306860
729576577
431962518
218027866
418453718
886693120
874746851
307519708
713188152
402077941
485077451
770240710
282829463
426518371
944782539
432082515
859687337
936202023
535197922
504853418
38525606
582644739
825462383
15677092
684403383
704403127
545748491
777324188
238429056
294516494
836017497
39632752
751878740
616658062
739457788
95432149
319521889
54512810
733480931
351679954
223460849
43477199
112011625
234202157
905535903
855708425
18408275
97411619
592356783
403075788
678452570
309734270
933442934
556304272
199859805
332961455
866469770
107108480
873133379
28366794
380113871
259547572
537309633
121702008
486185798
266129088
488146165
52198085
526886548
811401152
878190846
687147089
791162261
762772110
48734150
903807431
246166624
744252711
554512000
719032963
824209567
335006776
951211296
325738972
237351249
324999549
956983895
243750523
192268784
665571074
137990387
723387572
939859510
877614207
403454429
746627280
892853663
436562151
397900075
424996715
615200291
90992331
121270426
849154212
426184896
681581425
662435983
617036002
390804321
697740068
783876392
976039692
240205585
885808492
734680457
947547200
268274764
950813539
624754197
742071278
880525020
271775888
541350039
930068367
318254546
821885718
681097162
774532179
857153060
262875832
767745616
385660769
944526960
905381361
114003617
426323675
701955812
78680157
887260645
932253036
221108510
842490022
529127234
649877826
757968283
690098358
486723778
717695014
383787731
652825472
433714770
412141497
922075282
23306616
12791142
294803880
534783828
692851490
903129282
888839664
713435637
373369290
969291169
22363226
566981047
911500010
659767304
643691272
442182198
157268205
712912307
225436293
292602409
97382691
105906154
907211338
59040632
384348608
8539643
338102892
472553672
383229884
358878754
552946719
617793394
838787867
42175174
381226951
801090194
831910391
295420018
326671689
7694954
917709551
126538690
475383422
481372382
2019144
230950565
724059204
752465041
339207295
807962265
294710640
657639398
578910165
509212074
218405686
563423235
170270668
72231930
644983305
27226743
937295261
276538464
261096616
678936766
832292236
548342729
27165009
486340189
841723898
88858356
934445380
999018446
182866730
220688858
723021989
730423005
502526422
857047999
235717285
763147439
991474087
242116858
18529520
920534244
989821174
988882087
405769506
120392881
69834536
299665571
872666324
359997594
233543523
625125500
227806194
530225593
591788110
803569723
973320318
62246157
450178672
886991981
253290663
609559209
706524567
860821964
62552014
534069854
657400072
704308039
778773627
670623149
750552629
224658931
394444653
482901372
842689195
410142602
519013213
105867840
600767992
819112559
972418205
194337557
289058769
626920483
60269905
897661290
41062678
917295282
121363061
300019791
949702370
868742343
425698088
120066482
233348973
584109722
45490518
382865963
804057209
448060831
538156481
310265155
630271711
316182826
802119509
633090058
660700788
951388741
679876813
848001502
573572670
262472080
383445988
496252237
895257266
698271854
295903448
662440313
72617584
62928108
435041405
431766183
164885619
17384199
884348051
523250920
115026040
529129658
796850666
576988405
855568153
430886757
798451181
198346531
738207045
461421700
979265012
704844265
530893932
136982830
603466291
788441021
773638264
260200093
626815996
339531458
210189336
73434906
146954037
548962071
726905645
797264556
7522563
19700257
630108461
108256806
415713553
478521720
962940740
688382168
899342337
378699240
157557842
13570568
994619616
417271823
242064874
350690637
879991279
353914922
544622168
766366534
935175508
457253797
304478824
44851034
915881984
111027566
249105345
157801272
255756083
465799356
238245943
289348241
608528144
446731186
540975248
27137591
403443137
812277044
836111392
208199688
185071636
169105027
873444844
168137655
18365564
423646549
895683201
446278097
855467269
66638091
522813850
560434868
177743694
295644491
250271322
924483635
487719456
985032254
143768211
794963800
737341463
355508835
744914926
831564239
703875892
442519680
314199425
194622522
621955358
586482127
418855611
385191807
749631231
726981232
808873391
559709034
885516293
275274362
862990274
711796537
898214785
829160978
464743273
29674779
936106823
617565451
281986178
309332560
196566415
66990668
915253309
969306966
59134597
740806505
805610858
950955109
497568597
24242081
298581719
148412079
906413426
43306275
60793709
648146313
21547766
613325349
133415738
656142617
817110036
37943841
133607442
997259145
550893632
633425269
102983154
976114621
41919479
91612642
65385240
374545775
330684989
439318530
933201138
397813520
665668684
921401481
59942549
90527610
435349249
957997766
75411702
681914846
303880316
405531560
593502404
455773000
620190368
634577951
893961225
161904393
433170566
277739986
656381766
727607720
215967268
380331692
527348574
427862524
368766900
616529527
630259220
989528454
323736485
912169778
570916585
713535947
610355207
52172301
523757824
317473964
826604098
447246342
230544995
44775561
773902800
42273414
816158455
278340327
916406518
714425457
401518103
206633555
853731219
947378004
413697409
185890975
262118739
236396575
680774169
555859646
288040483
74575601
338135833
760123683
89750624
793573872
827540243
235830488
822860624
63685666
909770906
636120819
78031166
307961500
590642476
176959990
349588180
352704002
885733344
343826178
481457028
393308541
93543917
954235001
447124952
114292834
284501939
21131097
167075657
559259728
509073110
494322752
326568444
826827418
958932526
191064267
912378462
124699974
130196379
836205299
626036540
507720044
449225440
306360653
543461249
880974385
119347049
41537840
501968618
468882576
291684415
332526712
591478379
747363931
215028433
227041959
580659319
763346925
723693726
792126074
743459764
245430892
587781255
456967141
389504839
152128812
731902437
351460728
533749095
858931482
893143728
449789659
985316231
342494880
112367323
322322035
959688435
329230675
784118852
650940651
70189916
576195621
46616508
699706938
588700420
341479285
54304274
80666800
747040384
887805944
849297914
660548773
909186939
828448661
866942317
59772158
864132442
590907822
726147356
67433639
908294620
23760648
442065818
973378492
297024918
846495812
954306097
803464483
119494378
248210217
808825702
891606546
789775274
750701147
822916021
607691000
385469561
88995184
198942120
97448250
486305324
718980926
7798093
2507759
20317521
22598462
721104074
657977807
631389165
775224649
732558082
59539192
83979300
427721583
558027273
927717092
633915580
633931678
575059140
97050108
394646980
5204131
962324485
7817301
33065581
428836834
291913387
80078882
120634987
26767465
281994990
377089906
406728832
23865815
934068127
398748265
928627342
46147294
843989981
173308658
670208842
191653568
699102827
290455544
587052277
240045370
427408254
438188031
850892861
844267864
229984250
661717428
762406757
562445876
728294431
522689218
920630171
510689898
217024911
610502495
255540147
789335318
855154107
661895787
392717211
698447589
156495712
975595639
752968244
127255254
974413549
445024104
692765905
265020150
758032811
568333964
31995191
271868552
879567800
499039679
299180856
924019496
619388433
940829674
662381202
294255428
433207819
693715626
971162345
705843256
943375132
207693792
154023556
546068759
104853183
106236534
797872909
874579653
758598150
191990754
382497796
980318993
879570167
951796230
620998429
663088473
110605480
304798803
361718761
921892330
693539325
936042330
595091196
604022461
557144614
37097126
594860383
91121
608429499
829492397
214292417
905688999
354530972
54559934
476368534
196550206
832095549
51236088
120556618
545129694
472568999
110224366
872793453
558253517
563827797
549211812
179850617
588545314
28389942
818674893
37796590
897635129
15183880
263956210
91764114
201090963
974259659
394289377
490817574
751043658
367906460
207180722
623254990
218661127
437986883
512359219
87408701
713806665
647493110
843155950
198297332
614268939
838093750
698759614
855759525
459460715
227752849
354616295
8377743
313906049
118609497
825431065
85887693
805745520
390142411
986258367
685596278
368414973
470726281
980600299
151847012
728132333
305800818
88923920
195229438
264060699
510037052
270876577
185005924
284644214
673747281
794081424
373888218
921628463
794928103
676339061
733863024
971073544
532375977
171989668
236273251
353884316
116568376
822508623
73775900
21307164
226110863
682595583
301019697
642819917
807111363
471592226
325609216
640989716
744953523
192628206
322355530
183060296
406346672
396597747
770517610
393939158
968296357
543217693
704305666
844308614
389292720
167388438
724325453
458908204
802095852
111328920
923046956
991359575
479060422
63303906
452610596
124940731
649016673
184323027
440167741
266176054
