259857966
175012789
896864831
192692307
100019741
475827549
861461771
865882492
340807689
957551268
363653376
4608807
542056253
592184378
730614647
27718783
297645900
385336489
919166913
51531720
227750373
680014636
890221979
248974345
404023977
332894711
685024287
199483404
354077711
460672097
522364632
724200637
644277234
816892183
28034160
643438402
487014416
501520467
56136558
458929931
512082054
896175935
993636834
954254397
50523641
215336063
778097452
180916104
133900745
635188732
747625448
766722975
856308301
578186285
231214330
343468389
598325763
550231379
674652418
187013371
77954757
742157348
215918496
477667257
650862769
444633782
382851706
616648117
338997792
604021648
361108403
172980562
443855607
270646533
549808632
958174315
346219207
500741493
805791681
420275925
366458471
543224766
62701681
198640374
357399799
263874410
484873815
301586563
921776637
759562717
847099815
16162732
4390729
72629426
87964683
473798072
89052469
976082961
319416335
92555992
268900815
811031240
303050342
201256404
566989915
312487721
48722796
325006945
850845173
916877608
406691543
722450738
592763551
720268965
208575394
920287319
729517638
371432261
226085876
889386409
414827224
512475611
934668267
980462311
745905351
516848382
332878578
241555886
122977517
525803126
492038012
454829713
589597132
728901316
133787443
51005596
141096522
286020596
109298388
971029657
614945644
95476699
717096766
764016155
650777580
648391600
340772636
37007503
149893544
663985733
326144690
183844451
452486938
64878046
553078157
818763006
790321124
548944636
665947433
801719158
440464058
59216188
146647916
162283608
370127878
278064091
302897865
899063504
889717016
369739683
303816914
862456646
429135960
470839043
251653072
46691893
911534095
803582486
891178168
180593795
986428069
272529712
90261689
691967597
152108745
210740354
943483478
286251890
935280697
101007537
331128125
627488720
215573743
702430654
536814745
155659073
178431766
290041518
753973144
241501536
455284596
643838865
759190901
483176893
87923395
124249967
961577916
799234670
244074959
973255053
148790875
899897952
21575935
757643948
367522316
575635714
572075963
421987564
906400747
77290987
976039444
118338902
293685879
776215615
492111164
964206200
258157264
617936917
29297881
90429124
773842771
648618192
107764520
140569953
86291463
971480175
936411374
747677423
303394278
81637397
560266746
910131112
948757165
678406878
757103325
339647084
640703486
233874763
145240120
935074283
701881726
128985309
366018434
93545422
612374180
662978385
887588949
40582046
846875597
8055286
581230686
839888472
631848116
55208794
828476388
268053450
230245467
192295639
82910814
628484285
303856579
326389589
453666760
912618328
694438821
722663107
448695509
82949204
983970891
404755077
872390065
195247209
944775417
535500252
45637946
645327381
304847548
132914871
814776462
939670555
358643573
661569226
255664157
813746697
807283632
642801836
445139292
169758107
153667751
79660222
349710862
283410480
696188289
63650288
221207620
216729986
308864903
614402743
297223359
264211603
540275263
343962641
691339706
461063742
468014052
148110495
742966948
346380015
757734883
841666507
932395759
41963003
391373518
468821473
506473752
683435082
607927745
658076700
837320179
546403395
53978512
76069957
28952814
55141549
818840180
654825684
935166216
436908534
843984520
755238697
272869268
883236972
559564085
408965583
718243070
592963561
104554934
397587532
210184012
330640651
97945563
867973362
555459687
782256655
800421568
21495197
599320457
516626323
365924358
76567445
89957218
843613510
484316499
908821255
174411060
239152148
659081274
941930336
359782328
449338420
775329299
140114772
584045289
474328790
255378028
229588722
807508033
138677969
227509939
4995412
111020893
683512127
760280742
588527568
983843799
35545430
953916397
816447507
547625113
870619261
330607016
437432235
955604949
539721383
846873296
588865354
596408527
688620534
7493199
165595300
519527748
642903307
497806171
681349538
150228706
432919422
752315005
725703246
907667389
311091945
513756774
847191355
768569913
295379466
684861929
19388148
23786520
260917092
815884144
435169464
777459751
773063784
916557277
393049534
490580203
487412488
986666836
834894347
946276025
376781101
255251775
466425005
19925915
178717840
37921599
18553727
949781454
817871588
574004669
649612825
962570097
497033747
726366404
810396494
98876172
295988160
450357537
220566843
585627297
252763531
118329440
345150614
433461068
211758953
260060701
6079773
78040115
10247058
16971500
219492919
435280526
580886900
256899128
487955609
994971936
673171789
139653827
383818758
984973935
335165867
695377499
664678837
119892841
185657298
778659512
603063603
120270008
371530261
807770496
153995753
115895779
694845059
950246813
787837549
436942341
936675727
139221073
297356552
256019223
986909366
455947708
397024933
273668439
155263312
551460994
246252460
21338753
609315803
688386669
66212031
834783601
662055263
784141409
929099878
298183779
127582788
140028882
125272291
752835445
469879799
420565283
845821149
672650075
712924621
981574336
644960989
219663039
732041636
417449610
387776303
282156876
713866652
831977407
502094913
799749388
503151655
727018488
108273251
659290013
966982414
334394959
446939514
419502456
353492743
380732267
389031932
934854545
494305772
95295402
453689454
375800681
757984453
223206162
904312831
707217584
979014716
308314331
412707547
417276590
735931783
831304146
280674356
56164783
211453878
218153546
926454620
32881393
552074788
891861275
122876188
456893320
584226428
741622613
978883090
756811279
226111054
200455680
901001905
688507434
492439886
202997211
566614404
629071662
733382677
334548257
961233831
966628164
109208568
442319906
876952551
700328518
284069058
414982429
19601920
766634903
11558983
654389633
45958157
912629788
482254704
363843793
433129487
14675924
805085136
165314724
10228141
556298284
638783997
807362941
396062179
7164238
412459064
985049558
614275851
918331052
438827213
480223791
316852908
163808193
645121804
199738933
898072502
488989427
304400424
83856645
506780897
168858216
202573670
96053674
677018339
313423398
572276303
544738319
219846154
847838536
35012245
726882510
57249114
972250612
280939321
773545858
859910799
542019225
436040109
64229513
570490202
122808590
580704040
806000718
235581152
67196325
935930245
336945346
752497173
291928280
886971513
416585377
566317726
243792995
977645754
613357361
539698688
589149260
451022807
865100736
619969929
965127005
488748386
206669469
442407207
313183592
722316609
642734326
514445165
826618094
808663427
385360238
88363564
327706161
24062526
500975638
6278733
944324632
669802703
357250938
581084793
673499545
482520932
402560309
330168223
451170680
867706845
60303037
223950574
725809092
460034887
278974809
534945093
362430362
506359769
205659593
927280468
588482101
958307723
565674139
87796782
618175584
649949079
948578629
339881012
3434198
178424117
496408256
777560394
636386964
122783889
853327714
486203195
643708920
834272298
105919967
226698397
836628445
402088087
930592689
553108276
947909084
96701790
965986513
737673092
224593557
542800128
480870056
907100483
528639114
88405484
302776773
676449759
280555665
586524171
48228890
344788390
222731945
609500343
765945541
395890657
340897887
122467900
219745110
352479448
65002841
167290218
843239679
19204142
397135195
419063050
317518094
97332371
504103654
969895009
255826063
925299183
144007982
324043427
738357350
742135052
749258555
488311176
901957303
684370898
993384895
649511660
875154528
908333829
467161861
794572693
207212751
585633888
879826047
732107324
911422525
324302193
506147191
573042382
904346966
568114088
594305256
632126443
160658636
561056611
338518399
727874769
133259020
678701475
559223914
586208019
477505960
986795923
920024047
21095347
817522186
314259710
162715479
820572510
332553633
821391875
452684050
60726782
457029880
651382937
834267084
470871820
298731197
95245692
910809738
928712451
596098767
330251351
557626249
230728407
616754185
983610758
166859539
447574354
726193606
529782646
152033580
282199617
832140917
184320881
719039568
284642219
993108662
109838291
47057196
276594273
231633151
178448501
558983434
107279414
697948976
246686074
603800320
577948819
851804717
868793828
592300593
558026517
517444585
626422802
339614112
216408139
400521733
985761455
168604815
384548900
452200534
101548035
432821302
184603545
447787290
89808930
812087224
137043219
58033499
641290419
35802933
484436319
880680881
789645192
236348149
312279872
840158165
971149961
240698405
218319706
153889094
269759241
173986232
207842449
19474100
599783277
199570952
339059624
5024078
671721621
178404862
987285845
99598417
100822142
747043740
669109531
427400885
721588328
981196564
702525265
775202127
266636170
744655313
301911461
303017630
321819840
440193795
524987762
660955289
813421354
374232345
569980986
375443990
581635761
929220650
728582387
649952765
879123327
771050376
917742474
329071612
700797779
209656431
82432114
656029692
530325125
729033647
187357411
953557509
986957259
205875402
986668897
186317080
757611024
605390289
451961045
391989928
269426030
302183614
317235862
138594374
928126177
605585192
450490163
268967806
85377588
902480717
527584636
16187155
238686630
318974391
550617558
578684950
955239680
103970993
273860931
23402561
571734303
575239085
315560453
433155232
286884921
43858024
225459824
442289233
214443209
862957411
657680375
230233732
570309230
960116602
406759233
488011988
735440063
242542892
385596282
239471906
202458249
379113695
574014688
548339045
250712784
116183736
388267066
790356370
951471415
646220545
165399374
186879948
676595570
449234766
681477287
90678789
746013522
273805256
572165611
821546753
25120900
835794739
962275180
605400307
423432398
331119546
679086607
172400481
526779940
879384620
922008821
143457380
542937944
397261067
791644597
277277994
174248954
539722056
665015442
961573108
411980523
411876791
842798743
161370846
363755562
784722336
669350631
156292992
674295115
63604792
159158741
593512236
891880645
656479379
537839754
232572962
909309968
787656087
343619769
211441676
457973676
126534424
850209061
385240162
630406550
987133428
459601973
523299844
116480740
54138721
169666316
205399549
189890553
17741848
936451320
390037327
45487028
792232793
189932104
85385588
855171579
732128044
100497537
533927978
419105708
336158226
584107618
432790277
340482709
314160079
624301051
707193237
364056058
990414388
784103870
143411320
52569393
155571566
336003438
715118070
992176795
834055697
488925097
539974739
447995752
146061787
593506604
838408163
215697959
116650712
535081195
563772170
874702011
784926210
616766644
436667517
213420433
363862981
254913355
239914155
930789371
972340576
31654886
170977070
282865881
959433663
663290959
87545794
959255521
851035751
806980095
136651823
131190064
351710027
977556391
952213246
128016774
409997322
504104075
405041802
84257268
73333810
742341933
983525613
423286246
733327527
710222487
345539479
828780264
21675138
95446600
724827564
344657793
513426506
6373944
760272635
432332127
892515902
346839105
56641516
877679950
295577004
626023073
16250312
129055707
642623315
680122513
635173740
883171503
610290858
555482774
146181445
9378830
749787974
491326600
557102274
20545330
159368603
150499224
115300613
128706387
295655627
595818844
971142855
775245570
42104140
781071325
283363717
393247897
544962388
733034480
48136469
127945534
195815352
631715029
79710420
261481199
551616477
601744665
103288855
930960553
916211283
37924730
901041284
134954316
338006331
394075715
927955785
573466729
294729459
616332480
95626491
288139668
120160653
98515057
789176331
927698685
327155627
214014133
148461870
295461217
348915964
363242198
22363058
571498960
491562221
58847579
490643393
71974167
609141569
265449029
199000278
801945373
220187384
80144561
383933011
370771553
523279759
573769127
252326011
615652890
132702967
97980743
950682178
732980216
508477937
115924334
178343307
233253368
858556756
975774020
149250428
269909064
197512411
169360951
596284571
872627408
154044892
940579381
916283280
72337879
250148741
552496301
288166310
823052899
859479433
300256539
9272720
824180529
122268109
951861167
828406405
160351417
404678788
416087889
798933078
804924524
267106173
901706019
651291126
154838842
901091391
127655895
609719594
290539369
618382612
177340640
113754880
275147956
282390172
634036667
844528756
744353809
636741456
269644016
223309291
630244344
101393162
980405081
708157954
584703680
612971928
588684771
252598110
649488127
747250427
237217216
107386364
129636550
266389639
931901645
768806672
694065620
665101086
530438482
224188695
524244373
851225653
554356855
120687156
415041301
533690505
482900131
394310756
968319726
747344191
549030088
95408285
976545871
621191155
452365670
94523787
994160893
773062923
445188894
666709489
754820211
531522213
141360519
55736427
782891646
515612634
182396401
564208946
981683386
801423636
27772832
277323286
569968771
942225854
197675108
455231185
8729436
339157929
583580071
182157710
740196799
705438175
780852629
114724756
90264868
352218230
353062952
402531337
513120142
499054470
935824388
753013845
525869574
685015752
478563064
663393500
919872155
113031529
189658099
446391036
978294288
195491325
731641084
410448234
848576686
32003731
79525792
400674914
591573289
143273798
726783678
246723296
343694204
607773526
708467602
885763932
178004189
663566357
213689285
830454432
820902383
353510622
428502099
993684557
790205115
579764538
566033995
253496434
129675492
683886077
481347558
612365793
461978429
995711637
88898263
736758292
235766444
113383250
632350815
414331348
873338390
912796140
150136902
330740199
941623634
295736335
310354604
548482425
994765009
593209631
668089669
572945870
793837214
346351619
754468038
983413371
955647865
285310148
663446442
898151512
697735261
165095367
843295288
152381490
88146162
371031072
310264807
485443663
525462885
52221560
309482124
641416616
649093884
584142969
39148202
832705771
224836625
542048126
435069794
379793290
397601964
378716425
933467812
154435983
403520230
620400204
403327033
461686897
380849913
210116998
510272336
699307450
924497589
855152516
275727924
408835243
43643523
928271805
926309368
94121998
843655546
480830053
679121699
131281890
583275233
791569245
65184945
208040018
10643544
957929175
410717851
405079026
987137971
283916448
867125035
291871342
655315997
983068797
902109336
461172923
148540301
151874398
205720612
263603303
799421532
784812922
11368324
635580044
183448219
81659516
515139450
422823772
750329209
916543144
544164118
76548021
8976577
816147017
169220097
892938136
962742099
96549308
422869748
159921575
31924891
815197109
974588155
346044942
424419956
858630842
509400715
433258397
193358902
572267315
588948409
312374220
200074577
526779196
33870704
829477475
422036448
380326579
850094165
507496454
940351081
92031117
860053525
208312774
363684984
77779968
317638072
16537223
436034332
142801970
918711709
155454640
720746845
931429772
895358897
90314706
892176087
736301040
200414024
522179804
798310900
935335973
982180182
437129115
991432927
566643535
44513962
665980168
952744136
30730893
802736139
361317289
798202332
925318047
77084078
168725784
17284119
648868937
630057569
585961338
805686383
849967882
301582566
590965644
733190029
839795818
78351614
507082022
367837459
690570820
613662244
276341134
657571771
946204356
741593295
850099084
747884105
668385151
762569682
298151856
181593905
992891160
153006141
944531620
746870142
971718604
464119531
195916417
468560582
773444081
795209347
616103484
554285825
30214977
314316937
906239890
997366096
550608345
382005597
818047807
610496056
791707618
659443671
639159781
127574883
203157535
53813561
84397534
599016469
744296438
677637488
303415040
4048770
13403845
581357485
969347336
663912481
785159860
551747132
521525607
732938973
484391955
338408997
975476569
494182963
28621395
347528701
183860143
673778316
624634908
622653045
714546246
408136402
221079581
649366204
235538931
553004511
840071395
759233122
820949316
284229329
410709456
37461327
787607438
324259985
418442735
706241268
758345481
660403158
762128635
691174406
309531651
460226091
546186824
690289139
140253919
175535089
251881796
905072400
402790538
524264760
483523598
771220419
418570748
193550009
249963151
147664442
599970771
842674813
920399501
886184306
2154317
737386664
689265848
616568756
149749846
975478991
156575219
843887795
327377055
454508872
76249444
889462079
913765146
600161305
310957989
488111670
996918682
189164357
637115723
372291493
134205566
119662288
110888753
354822582
408763154
194362981
881084312
974023275
949405559
980536813
850066388
529209933
777348754
222899680
400940871
254830203
32454927
956959111
207035997
892469762
878071926
190476404
772973335
235136108
884798668
612802309
65984808
747693269
181669233
111335277
146388878
46174168
231420433
777275611
600715383
31398131
51971352
169986323
253123770
494521011
89097381
99001120
209635330
204002495
204789835
120056044
393205157
641740629
668371595
60807328
374928076
203424585
661527807
823466029
534728109
541366421
231921293
288935371
72111152
551976834
394954033
298029421
268023764
942608426
59542234
202443907
553847507
856511654
834835013
324854320
780831267
465402945
868917620
252924827
449280291
267327188
47353038
443347810
156755929
924639608
345922996
881727051
52519586
395537466
54475619
872625067
623724484
821902505
651937519
389515769
881856692
597527366
316309065
829497909
361516636
185584273
241769102
684177435
772337687
482740645
382600443
763701856
198167867
165654874
770582000
18225768
100985307
14367654
493735944
906504793
376721438
284916947
655662897
639903121
278516618
661521330
150296598
198934985
404564063
326799041
469413456
558300045
335556360
100451705
475368700
482671964
877253855
642403494
208223732
256738049
366529723
866814318
531866849
536609357
532788568
876360122
70391065
860772334
632655731
848376269
427256455
133746475
280343131
6783519
348435181
988773479
574209609
863648491
903932546
8463658
330710995
436482049
183576639
84328895
395917676
926677655
571900337
316956401
528757267
566035740
59558124
609448186
176249797
975077695
589797878
530035466
302331366
483416780
879411390
464822975
435855468
924663096
166556659
499309236
276421196
749487664
67634601
973950191
64875628
130112208
685337843
680939575
159451436
214518919
254898393
784902906
539443282
271282153
724986323
316858639
56041149
108607235
139425318
393112183
277522134
322146862
924388855
601853865
314195411
496147449
64309564
516339906
470539319
376856934
292664013
738145320
729073929
777275293
280055200
776652510
16859475
408721854
461544707
398220029
506542682
948979410
640435146
689897985
825852173
713782881
231886882
462213959
620307159
896715388
317062383
914190747
963241852
734182753
41574991
236259587
599598995
676701062
977632952
208482237
381560540
706679671
858436760
224381339
956014877
29645966
161311954
981255834
571979200
747784490
265136041
166121608
746758506
72452804
914932849
810364579
991929064
611004235
46703511
587312243
576582924
777782586
865893866
247140975
804954619
81371369
348944431
125156120
152871494
219159239
570549579
667554226
871263028
47207843
883165060
265520270
971142802
95262175
207678493
156866734
238457100
207465772
211029895
158987908
162725870
430143368
879103316
493745345
282621820
694634158
572199764
562613937
686348447
476029122
213544274
456107752
658928164
67954578
271071163
804436775
828433179
916123275
864308015
691934889
94396187
41495614
878093272
635698853
438285494
938066135
53368670
195810364
435413070
388851759
809681322
269517184
313102407
608621375
50018235
103716483
563381979
573028944
655042096
205581542
81452419
76318706
394267951
399728182
399694057
987089682
352097210
115633782
349736830
837916297
930600961
147134974
76376401
170869417
874025517
495119002
38861392
864244760
468536382
846718840
645722135
33771379
834221170
863547532
310695808
804141030
736023755
720107078
765141661
559950575
38905274
910076098
560826573
417330429
795858444
434012259
571761613
888858525
695806487
212666502
37093450
905396662
434466959
126980269
568790089
557674931
966500517
921734574
29027536
130822508
940274648
640487152
419970926
863244603
368019059
469638905
533523921
935585517
801293392
174399735
576858021
18167791
231134633
854908088
828903447
562956297
586762469
788547566
456840773
750490907
644256726
228335589
863745026
371177387
906360427
541025401
730752816
119587508
656343881
411543370
9548752
427250138
481745908
258097104
466640819
439550870
227979752
738961538
829120352
527553714
685465678
48265540
799197627
197129370
216608386
814228418
800547834
676796935
544706651
231243703
216064118
853949392
418428445
667604168
531708769
402341025
138292133
333282904
701524849
715720861
105950035
208225524
521789146
804730861
732978620
393812971
830336615
353448772
502131096
71401835
628045053
528057668
502245493
149711935
770125109
116551774
246704683
303182531
967508823
669417636
609197813
651827563
923260343
928676223
429383648
184122575
841483591
55233349
780154251
688201308
463002658
138229222
921038939
758647820
670178988
11246591
66793553
508997165
642422979
199258182
652155460
545613541
516025301
458263869
17519308
855065493
951114716
132707408
755231900
714790942
663119485
563329304
84731481
711044144
460433297
734261490
624518662
31625041
412955094
222306681
915951341
527180252
869674633
288674249
631684907
722595686
768255565
892121543
65759842
260256997
253893419
222957097
199655597
763726606
146028596
58834698
2490987
205746457
96885737
931102020
390492263
157763356
184952606
575029673
648093971
384217153
446405019
49349139
293877845
337015969
964291573
138780553
933850524
500899188
392943125
367298002
139555544
942857135
545185173
763134675
675122004
40029034
704260482
112495741
839089208
642509885
291122715
14485330
32291304
186400729
56253852
480019760
311089263
893105629
306071654
603069761
846954583
308950491
311016433
624446248
693217089
698206504
203294096
106554164
465545131
310390674
102373837
431190783
575023304
25952586
703679063
61559984
890548099
505040675
416637107
286538647
1866692
245886826
300479189
975642236
594275740
649773778
7337972
754793815
812646669
372306635
643163393
161765479
412218307
449523750
218434589
14330627
13054428
658304301
676154161
112068425
808202363
576458778
270516298
960208432
103718782
721680292
904576569
4999930
845881219
760898443
637261114
302032947
365568816
419285657
639391467
889015477
565027463
207802356
138551241
67542946
326147652
989473840
361692017
364316832
245156965
876138462
162883575
233306422
327664049
220455757
538299613
407700045
579142952
667327799
442439152
986496784
981993471
368239184
555517688
908856769
611092295
12519107
915009849
557958063
305432844
243151679
749748454
14948978
66539153
815362914
502009122
95203645
984047273
279585954
754935722
494375965
130975443
656310946
762823307
994622657
285072002
647014675
516313944
820574268
266125727
747712484
564508956
931083799
363424435
774440006
892683519
377901678
218651319
339250223
865226752
285741517
818639565
171560017
793147285
875380066
765768772
385617528
120208670
506964036
615275929
640519598
684729719
313489268
140856934
333327414
693970354
88812513
958779211
405352974
96619590
897347368
924774434
533188511
632006782
241759915
769632168
74087175
420227274
5751036
356230767
169479494
717955531
754275186
127207790
456175032
649020602
606635793
194152555
631653297
123850320
657603403
536459601
50099058
103413416
204604796
838657608
127885339
643406975
964834860
385272736
814231444
885482335
239435813
378323097
27084068
695296346
279087046
81550629
914191942
854764328
569067346
343559639
320538674
348896164
442869879
28426058
260604103
980965466
150860697
329555854
99496802
200046654
302943676
378355823
735695047
696194393
833325418
332910104
898747278
567649453
623868260
456540119
21797292
875426830
469266622
689012426
210862861
221477636
787084775
355185436
542121581
155856667
654378030
229430764
424632498
131140
211471500
436496868
425442289
128753188
184785222
438928750
569192464
197885694
454701844
299107232
520421768
92958572
378016971
303194805
311770650
906724703
71140757
843146869
965174222
972237050
715608429
259286829
746982502
78921709
947096182
484604822
604924863
483642848
191888723
355382509
563798156
776930735
999257162
641105417
780499868
488756088
860045598
551816136
497674959
361717000
623869302
764385574
820948593
599311452
614948766
28967181
686396043
603232032
429834645
616969651
466130133
13030945
119286627
775312877
707772492
694428178
671188645
110802910
840703184
19764883
667002481
989979584
381723861
506646416
706974210
762272436
942692702
302099552
108745854
129438929
547513206
986852571
899519776
678590663
232678752
378638803
38609114
973823196
398922014
198349368
393696896
690628994
505821855
361124287
496980037
566707851
569947993
20934816
912878280
629682004
118823852
636554919
573227630
248113295
138588224
271302392
384100932
701088072
814906751
538219712
947846735
815864418
719050097
680860274
202921617
691883210
542735169
589439342
385024737
978771749
203254261
161458858
88560531
412854495
781897065
128294972
211516975
149951784
786436819
526727641
898890012
107344860
968402482
107670187
331546505
99706349
331112587
162849577
928926308
579576867
348892667
449763197
851129726
388891335
988038651
629932711
286140773
41770949
494499849
61873266
292108578
500504809
228092265
239071791
118849101
664946750
968065863
276607563
971268206
939869720
899458769
173751454
559345681
57794403
163663980
402570504
622774904
975566102
782938144
623385479
248061576
947474170
743530889
229228714
139576965
372078417
153654096
864623050
743180511
190027679
800838764
396961549
339746690
944167675
262457130
112747389
405970155
384646214
432906145
806194485
689272774
410811538
945086674
120159869
94200902
346688921
859083601
170713917
595759218
404679852
118995914
198322551
964842332
651400172
212142697
555706157
40130537
970048608
715929629
458698170
431919458
939076031
529542147
482627920
703385030
589808460
581826058
264617409
332097690
522266112
993542439
662448384
791005883
21261125
833341777
782881954
654629306
462930711
457506026
87329116
295350250
746211248
770362090
877027969
397831381
525777544
790784723
223715678
843538363
733599275
862268219
447592818
422958736
348714673
239440963
501160802
744990162
627677459
736711052
57672444
284027129
516078267
843396217
732836609
97039273
586370126
10336791
602495246
925674224
892012075
384485724
34052214
917913598
775692342
12309140
304291864
572144165
15892508
487633109
808941861
643378239
800103990
833896291
859377010
124756309
392573119
991391716
73354113
784178868
955775408
200499645
138994531
763320017
199337390
35615817
851855602
126326039
636586926
241713682
209703113
103693504
483491572
857746724
482618210
621258720
222381661
1692410
807140433
598643702
326929591
18547122
974325187
761292598
793007487
385570090
81456772
901398149
310519898
715807474
777883116
938757570
650309470
531885597
690468509
257378281
121786624
738051950
71263146
138148864
381212772
194952109
637535066
378121115
553689750
615829823
45192260
873270750
130853505
608048689
570909026
67003637
773383112
420929042
545868216
42834529
447736095
158608832
890457344
833700097
660236679
529343041
298667323
91135474
693731959
550929577
224246463
856817669
227830526
455824446
581816705
852136680
442618977
448754804
596109809
754709586
675897551
331482237
90357054
557979127
993715516
139657061
579337222
179955357
396478929
490221712
242937831
566434517
122955448
87227241
731332120
59285948
622125021
741430055
802686087
322815887
895541087
650933260
880778337
277936561
368589520
556741894
310968693
624210392
632364633
764504424
960260403
705673696
560526170
206255625
901265826
929506380
272740798
146197026
942433890
639909054
115027156
244119897
427504125
128542710
230190067
157970405
442375057
578684279
964717377
992885437
956481260
119376589
747696227
747131198
902613050
422901629
970578362
811656186
109259631
757867775
414547066
262626773
690240722
174075985
242928925
732484801
286558604
988281037
626678652
730386530
202428794
277959977
619230129
560743865
84889480
866610514
300719836
930438028
271098060
146721723
351673701
126832822
398583357
676260705
289166402
835708486
968193126
739588605
342917462
134221572
859297143
487236727
700077054
974742973
331309933
387886987
273096807
184776319
707724038
151052669
889364186
403199921
913689937
396143745
563675361
256383168
768005962
916175340
888408571
425571083
528627176
708968706
70842122
47146437
685235531
925998419
570419833
19362238
799629303
707505031
594111513
502559748
67405163
702076907
521209708
869357739
642715798
333531360
120326216
701371733
199115555
369826832
678017919
59656475
946440581
753581353
572024032
515985149
858846314
500095240
37652016
305189301
633518123
809549200
261849606
109961576
851335767
505926138
529601865
725207181
182834237
601778081
477537415
637455567
179674340
112403252
462684340
533938675
482685616
347674075
812906611
721262797
709100411
736606121
647876867
971658385
101543892
768753144
681512870
770262719
880845266
517030092
561148309
781323999
252277890
172941468
730604750
936029625
298738294
131080231
477688026
519688635
101610297
340518359
37456910
511086286
216153158
643660879
462081796
712909390
645661211
440736931
939430509
646544288
60717047
966006578
950660357
651254176
743248065
325608984
319996185
69369393
9434713
541825594
510022826
108247347
415275795
911987094
133900303
969331439
191671390
952745185
688476172
704895787
819667841
218893896
705495118
267701803
508290071
766242079
846028926
74306720
870010960
68729293
602902177
683574544
908616537
246480344
806846023
76290009
753011739
403956068
774117369
893985586
883447130
893189269
818913127
553188947
537811457
201967463
660309520
499865509
236161834
507720551
782750624
505000285
779907896
785785483
477922840
249685133
293606633
359462351
758711175
264521595
857383932
141138136
875410738
665132909
409939392
760332902
91072439
376014919
597215925
683032169
603751618
381356419
457067143
176668728
514962454
482992347
695694297
900613731
256622519
475936064
430399576
838010421
738199376
714203606
708807205
473846640
920951194
808080958
863461929
904146813
99751069
703399111
231104973
889834080
888249200
691919908
832785171
382755872
632834477
546139934
795256944
527289367
375426615
313961408
231448385
290792198
488307036
949074716
225058147
113366446
846573297
357373912
926889336
705289744
693660420
244476159
323643145
302659433
334465733
83273961
537768827
350883398
373839178
654742588
705197333
756707236
966888493
256329541
378700795
388614904
423067476
172119608
644981401
163962461
629700306
762788610
168437690
855162682
822234896
650638694
462676388
232405678
538141003
909337885
807722607
490474156
779518439
275934387
954751064
348936410
875447730
208689760
524547005
923513579
395863785
945346994
217357943
543841536
764202800
536363690
400822618
411475668
406872362
50077213
322161368
331366291
445169090
809522813
406855534
406756076
263122123
694400045
330578709
628493447
303040299
140176027
489509589
539637453
750471297
948861294
368618366
932489191
947179347
242155635
598921729
931439540
685593006
120254909
388743267
546920898
698067932
214013595
513417343
838571862
92303245
809189839
84124690
781015205
561245640
930055435
460126121
347747009
40229897
803905484
167500740
342212350
60644597
440598336
822718924
885552405
526198241
706519268
470133661
264778584
118921095
965668566
595127153
983562503
572472783
660131483
96312494
757474718
755655356
389174107
51190604
878986962
608407884
831560125
233160189
392304464
939113166
564959515
779032164
967893288
316746656
69733288
50892996
904916639
702281147
785681963
854854670
681210782
119914770
533005962
778939842
328924715
643314956
339782421
497474255
542401412
438013758
24517642
121993033
286957347
693760660
118282840
139388320
227161838
114232769
949233776
471164964
191085533
810282180
317658176
891593859
374499110
756530890
468445903
16111492
632233435
301772778
291044191
202982176
510735922
193475290
902791806
29996486
239006511
939879221
729548132
162780383
539721905
141664186
503218492
520505767
702513354
137681027
635493965
838463886
817176138
234841804
100416724
680603744
965966372
288186137
897822463
433835700
125314376
43660935
264045938
5745528
180993654
615933431
753679118
444700405
98752014
384073092
421878732
711365035
382078658
675459210
916958850
868939856
824697997
854067464
478111822
961343985
145890933
581417715
594833311
431205393
653756202
575202079
153364874
717789239
596323684
295542639
447210331
454196480
507734823
838053545
930044152
188329083
440219553
720195285
1920181
861461758
516122313
335765577
225410056
688790025
86972932
604938641
791067965
660745337
84728476
22031070
101830561
491139257
672289767
206875697
410138838
10158526
240855085
15237600
644082
105188107
745247908
258413441
667978432
681390412
948389339
725892463
11915666
381634235
112035701
591931785
620846472
438052535
24823353
500192952
726673418
431249337
127081642
357383099
609653480
748313887
642280750
522285335
932129346
678261159
730360232
365983818
662785084
572062029
262392975
120379862
570217267
155130606
581041862
147236107
88154238
388188664
136979813
111611357
544970943
324159099
737414409
414500047
925008027
776255939
538183608
903810067
744487691
949415302
178506927
380694800
653119295
414044583
147320427
810012161
680093082
860120626
124008102
996504962
235817530
41653442
733136623
541839849
990223590
264570879
479519638
541708164
38138944
180799089
467774208
72898013
474633776
737340910
597167292
365629751
134579015
460322813
731168011
799240729
763976056
174080861
879253133
909761446
670546349
772245051
339047648
714600244
610967702
641987888
264231197
323924123
810235902
317987666
379041921
366592714
732799332
487872693
647769661
967765106
373089833
889220099
456082687
413694341
96404462
397334866
157126133
477257792
219940529
279461533
733092183
261856222
551749168
153677754
698494244
62780112
515145557
755769149
858945376
110934380
624030633
877060602
333583788
320776410
359552408
364780818
546414895
713774656
120778865
645425504
768088554
151600377
434062082
665710582
468481407
355370817
398362477
361542634
168544927
820885428
647192240
848188679
688127013
347412903
338105367
114925793
141121442
531238271
643877802
996699652
18253257
102854113
324759308
733190996
73279551
934456017
786231644
335730643
499688728
430824202
13949525
955766806
45773973
962300773
418308364
69428566
59555166
221206085
501555370
867477838
214682177
32545954
25097474
668352363
708315691
216955049
536586291
516400120
602100064
440121577
917504142
521133282
493159564
360223847
26570183
534259090
344241509
853843078
465803407
400056632
892707091
943593933
175311373
451361746
775131363
950388704
876527970
534835712
682985138
254518491
31358990
251441264
165642148
962150229
116517992
259245011
535138835
186508394
373476966
304596060
215654674
303251630
394797449
215178424
858125231
750483391
511436399
287395066
848987049
813217435
182248077
738816948
235651526
273198576
861681205
379962210
555154945
706676642
559623064
777024444
847355152
135710170
354411264
201763602
815398034
711368828
649223198
839357958
536701009
637811288
551672696
201745007
331804418
564204325
335008123
422922088
987589321
704307263
598528502
327141339
54155102
817418368
835955413
189681978
696774647
255031559
238838764
313954214
586229327
96850644
502283789
422478887
231354795
176687839
405095466
967588285
235000837
272504923
920249435
121778823
802564769
482052494
563220593
629373580
601474984
138012464
268197984
680311886
953423800
850217320
108619610
413310995
295835729
845196291
730049630
907936818
702398221
840063563
43536188
343197394
927753496
106070499
431362216
759043048
272051405
411974640
813253393
854703967
795524372
920176745
890218846
355827707
360207610
461321430
619367973
180871912
105340088
793014612
707525168
614203806
562230703
155604964
104689167
780127251
489692531
286217754
528485977
99371175
777081697
153815265
932677737
266029309
615862895
12518043
501418944
597991692
969981159
479588545
840835685
743596576
972792414
951783191
956566154
798865558
626768289
499070856
415900237
138159721
852604962
718699340
694078945
627697520
669019696
432622541
78332975
36924242
1331374
211761812
471452202
508760133
109610876
265509633
582637809
743481777
588423360
526958429
512091310
890052780
207132734
204981807
972982775
212909541
214711185
814538762
424427846
721657804
37462611
581129973
282431881
134708748
244842539
379427383
75001630
340728284
821916604
822544908
697633040
763504351
507452323
981870914
834208249
46604907
299678734
246436972
769761057
21463632
251173152
651967960
667638846
960550529
715512009
699059825
431012751
503616257
228456720
454503331
72298968
279881527
474138437
185960526
820380278
762069138
539174433
581328347
248633939
60679477
112342741
628864448
876134466
212623839
867469274
840461983
322650579
777574697
300025971
762368729
756127543
661335251
14329046
430105063
976352360
701806764
595843787
97269476
519057951
630398930
99299830
219975719
32571692
192144523
273208239
206452339
202683726
555567091
111115976
128293133
764219866
290256648
219980949
690525223
835880486
589990427
370886795
620484328
253618914
582351134
793664574
344980258
148530903
255071350
502952439
826578976
811869738
91125328
552504702
220885407
300065861
982653369
262309039
590213554
607876548
669988440
484299470
653347659
475913814
798835691
837617434
57107879
851317209
297907632
473209214
530704784
822086188
881505755
296448956
41240449
936383360
966413648
1801376
276162145
711486813
583484253
226223221
616873944
480378037
194178077
205061487
457872505
33541119
169999071
428113033
174201176
479649562
251766725
332197215
610476988
890600455
775315225
840245408
69558437
268436275
583298945
589481213
600406271
602677760
187685309
942986181
811823769
548601841
987174522
156837209
884980528
617972658
997551572
67267694
910000111
219754676
596870155
876467378
891183421
354722732
328311025
334924821
943130986
552936065
522534579
60348279
986317375
341345635
440707703
715152652
514229697
399971256
522903056
95507975
405332597
337256177
661254319
450727325
375960613
400250990
337771485
404477446
188631042
822003038
910068625
432670366
739443501
957101530
890874392
289438325
393638185
887907768
581084124
597027235
281185661
431368432
959541967
301703022
781062424
792368184
152007446
535192107
908444550
802024918
441539379
31368029
45036921
740589320
228331842
635844721
652384072
734284925
813541628
845175311
292319355
468800934
628820897
265335663
812120703
213580178
854969309
349313439
958652543
849591160
154898477
873559981
941885316
874808060
536913582
871518276
395713191
933271006
15139601
133605850
107578448
15597693
31755574
476640749
294325994
792208270
544276451
907379846
710874078
619947845
590893454
667145318
328522125
717688419
102197582
841041913
90845649
640015052
931876962
232778719
609115711
733484703
888410195
222880412
189308526
177088071
725594262
989960963
484688474
778594381
974500081
118954929
680350230
946110703
666925402
648616949
775826322
486893866
864546248
71002580
722836581
967783777
734798645
45719055
770879459
820269495
674763586
427971727
364962641
781633944
459895697
504811820
916549529
945584572
925969732
832896930
987760762
819258494
723236046
855890940
151430064
950937478
608742302
630945401
610525354
417962075
929886724
374122911
619576923
140768191
119652397
860174682
477043221
110679010
939128477
561628651
627287553
370539848
985935055
775009258
873901251
160501991
588460235
472673285
893144096
938284398
376271137
480702934
586019311
927253178
753664337
673726493
238112415
373326555
899146278
124967032
426531910
161113019
283270677
693491388
14845953
12792996
437530076
742267255
913976352
896894721
892061844
643628179
21745205
545898403
539268953
46843774
227899597
563563524
385570490
750071707
177523565
374926295
123229688
288979567
277986432
385444263
59663744
431052063
986656201
182620482
746357735
909148334
147441426
4043463
895885024
303787171
502206859
383491998
52121233
831332774
820788254
861234322
14613273
963157014
557812285
248116129
682716891
692295710
454091080
177312322
472286508
334495056
227380741
955195351
721524928
293937685
220687749
396209025
587690825
661843267
141232731
964403753
466052484
123948805
204944842
441164706
632536721
935927435
442377077
630192052
486011877
321647912
643704332
427317928
773194380
559941937
297755071
777294775
421922979
561676377
754299237
118892044
707595320
582182093
443131753
92380092
676551651
98701370
705001848
583718011
154014390
365776149
295395383
750376135
362405991
476989282
193068319
429997957
585013374
151733564
123745792
196605952
134499896
346172960
610707805
805484356
771816532
224782671
639389545
844715437
508473328
52705943
427287015
609298447
567641811
617886368
13386688
709058736
282121870
375201464
960672294
80562420
702154007
184497672
977623296
567763114
892876839
638638725
527991536
543020859
181835042
605475753
921383362
753259598
138451808
639926336
197396015
210896232
308609935
406074509
776462299
147735821
326634603
325401983
969907434
400595854
343797430
238023316
326790485
569994615
800105488
246682937
318066828
30163130
820508588
78812925
400448133
903579570
208831302
773556071
994567784
987139846
64872697
124285744
393892139
6622309
479831836
463982984
983349357
827041542
84143565
566565548
252785973
495477564
382724734
968736110
417203253
886390747
95027149
770453835
543090522
974665564
866679034
353341473
339694798
633543856
566560538
546002854
590031169
819551601
987456961
919583823
521583258
760852169
697653420
317414556
639293651
59349790
340926362
950274012
661779377
606324676
855403951
184732144
349197406
748907708
212260308
265499957
64625082
238231381
98350615
890113150
764124594
659572707
821650586
69921417
230060768
386367519
686037248
558020244
955190196
876240015
712372794
749432492
765428741
964784463
453994353
159035258
114189221
752959447
699030075
502119664
355795697
476199523
970070209
989472098
595397857
252489488
516542923
77323621
114219533
842934490
171988557
870232612
995373736
257443779
907127796
362454233
396467024
884308817
734727748
382442969
691587457
788406580
360633508
723954691
926216993
402878683
749398896
873177517
566770329
299008661
390838118
40935958
84850403
265484225
499681580
650366441
398016206
140365971
780444655
251881490
378123067
535499004
525893676
356541343
137588609
346186033
107247119
392926687
497864170
77852405
712371795
719183544
218852112
820040215
14610195
852331024
472133327
970865356
867938295
169113323
939391735
92438805
155510552
744986007
592865450
893999747
127545041
954979952
369350042
171717060
570287129
117529135
636441053
413793658
49591911
226905927
796639910
734913819
476033106
269097104
55569131
43490491
626629814
153589116
661993188
942405829
670396099
155835316
338158384
621984780
747858797
670870240
813116720
363790357
690735131
898877546
356137777
488780407
183464192
163904343
492825837
912314287
410247998
386163118
619867690
80525808
72311091
682468142
528265769
624494245
738901802
756561107
446907518
741065312
826648107
947839491
540903761
436531106
797483511
727605856
16929105
267416897
557039089
72317010
729214665
960854789
515939733
191073485
317404405
673942533
995013933
530028197
400138955
289579159
651170868
837168489
615780177
148410505
798206238
273360337
303045629
691764311
681855558
4216963
343699111
401373441
779240087
955303353
334719051
452985699
154174223
525153018
902078179
110507817
626954952
942125771
215928822
217991146
872724832
443661680
913431740
335327557
999703798
887784621
997850597
193266206
56189565
965562516
33197484
26581069
346838482
389178586
871324166
25667634
111182473
403617133
62212690
64745024
703735761
173494548
789115916
73036743
312810421
798215861
306299979
191369262
806734537
462998268
611877220
154254164
167771004
184942877
972469753
670016013
431010917
763369418
574662989
58041891
309649089
823257154
193031620
758465527
488041888
607157827
429218487
954654720
937285266
992838513
127268214
865809792
437675133
657251153
922123547
897969224
132343355
705799753
256607282
818527147
235878509
653132114
315054782
758274081
925017828
687248138
406361131
909574156
368730643
545895706
534370840
562789337
716019616
67772714
981545127
542905050
932650823
972774690
837926251
914137123
269574268
929920968
210933020
718995909
789231124
713619034
760427425
427299440
295233047
254719938
159352798
186831682
555017436
925187595
591042364
721389218
539684275
870001904
436797297
235594272
568251559
330681893
629250310
499208766
492196271
66239978
958584094
374790379
440776418
427134695
668489248
470039885
928661016
978282065
882368601
156630902
323792100
373168336
250121015
747623988
532022230
389940058
42388107
936090258
288284027
451927560
575474455
867126396
295278369
823952926
930708958
352039816
754153352
242935208
406566939
581732346
560259607
285733319
72633539
720016
219046509
712774782
854714665
907011813
9433583
446118190
153790666
915240365
409693950
709197115
389478367
162153028
660987085
858214823
117518785
154800520
118670374
35098647
288478636
781554157
399471104
157107276
694419911
634693321
166804459
629456803
411735971
72684180
448639392
29947782
496185345
147563768
701954180
987918501
554504613
238596161
768642673
902851966
787873968
261294507
454014675
813147019
474069652
941202122
164546433
785634930
82697260
287171005
428616993
818062623
69034323
583343738
173161309
936912095
965230105
675417469
582498963
685258151
668256911
893712187
310286125
559053674
18932944
354270209
969040612
451422319
281795332
836388251
183282911
518670638
642015804
466764585
110442849
680731691
269131599
843505331
381254527
732207952
460586407
28546539
641467207
761156745
158845971
710892609
565034582
304104669
653106442
317141385
724570406
985129511
343893924
157169059
990801360
579828340
624208232
119721024
168316582
502561313
472108843
918191632
106588794
591649492
277588302
973478000
593603438
214799359
253592863
439364003
990572692
124086658
646745
455907954
793260471
367499934
512553073
254722268
754635611
245272002
465532918
558077452
717557785
908368612
300195927
215005693
437255242
818342757
79187571
794097339
223144895
33784362
985307586
712322533
956332232
696518233
101944393
859125637
662704371
143892039
120894840
862099402
733890296
817776893
203796715
948338482
977391835
959870515
779781774
684622530
197198604
235647914
419393869
270677962
5120914
613167458
195949796
467972818
304421158
91182648
331070018
220787640
77967441
666476885
913877442
995833380
220400409
273617491
571128337
629516526
726661171
853667367
257820621
956519480
739952456
433947497
270404431
325919138
831111255
537083429
735705358
23463577
30323640
246532400
521148387
735203072
183779573
575899446
46207674
440347687
745551760
801326030
811099522
357173957
266636200
669512165
631025312
199978679
390669126
378123666
178117211
634331823
289828483
566692421
548094192
138642473
492477692
247686379
841963502
117809550
826395683
862507921
995002277
922448485
130946117
230140395
809449328
731965326
24833828
596965565
279194923
855780749
275782627
142716497
117687585
449930868
693744636
286609556
535662846
602247649
468090873
536287831
709590353
897596509
758111479
24122320
126170976
311831392
508884319
630822748
83146908
633354477
816742002
259491674
942211565
207971514
554034030
436776997
840626102
176152345
883626141
388412228
150633664
984610149
536178019
227056638
729012335
5843850
253664248
523969505
585699460
564949415
822679253
158580732
952687494
422767350
555914463
851897208
778318142
761613611
331622292
862778522
143816426
433936019
537815677
615996713
566482946
943115815
850576353
774227108
862142331
971486489
251637524
666076989
803234271
209615569
304678591
235173562
663937588
405957319
731583030
619894136
278655559
940927267
569985005
698099362
904803767
269474562
47207172
32037581
726199338
656973141
539494719
521582950
454463916
961532936
874374826
522245296
481036642
202565127
376672013
45399884
460235365
120900014
10123297
874654024
370448562
685772990
708782316
116248593
667914910
684427458
699043003
844493336
995354600
570387240
253937079
14569099
965139320
235223601
947204794
125226353
335151147
339930586
430075176
566019581
38335668
471319532
586765115
711937515
152362791
169256859
775264738
971773228
869663074
421163295
369484667
848954871
730698081
48966343
793157972
579142727
579202177
64926439
818573437
913015027
21679397
246951531
74922952
400964911
925201937
116377244
316258818
912892691
801466824
211517321
319889165
226844122
641106246
261062855
790662763
610441580
605027615
12560129
848325111
788440576
757205591
800406968
697661578
646173990
854373349
340905762
201801909
565959458
370425359
764382684
809457263
309583919
411771274
576147791
486673183
539640058
695079166
514880466
550256371
635403438
721692138
775772801
908517827
405307499
18585593
486361754
446528609
860263087
916298570
105320552
574604381
83928632
663361255
833746391
670861237
504301875
423571746
676935633
307428440
810521780
65726035
293569387
203850345
951338579
524387899
626609486
607336349
923471701
941808473
831448627
960416201
927331414
523508317
190508010
688577081
541481696
253217847
980246368
501294717
902750751
395777008
832293844
645777543
586632200
487215624
206766881
601687834
761810565
266371624
845327268
997197794
11466735
204900279
761094290
270041617
124226183
323506185
873194490
791589801
819691306
827698739
946430891
472573090
114378202
686212856
294258543
332039171
306010663
650447619
570668983
135492077
770838977
887315616
91157493
628983246
103959201
336781999
708176792
939150558
710147261
492452147
665425195
750051261
672601977
206062399
88270540
653036792
885092550
992976696
295387302
575725687
128209730
562346814
571184360
908904854
524800791
122618339
580187116
593666609
63544737
992121196
657300169
780339634
762157774
571628878
373523843
568998728
846010494
934894357
218411906
707342210
600110370
195232125
478325807
976713476
1231437
227471317
419180293
685778141
389931624
244220404
469073737
402624515
70551853
560266546
189590617
100363230
29483855
802884292
916091672
271373397
679181751
235353992
222719454
143340259
488143300
970563956
98082067
361843631
317362399
214658049
759628085
76232574
732062150
433257111
853423763
860851644
493240084
778161172
817777052
630746297
515365774
143721564
201217519
145179539
982981207
393719111
18523674
545224627
993346473
859065807
21909495
949218651
549068054
885326214
671685747
877611754
72913538
794468770
583319724
547092338
180364065
899459764
597866192
940650042
871745312
362878853
312061226
661387695
500840172
954152753
982727070
189344999
417305584
486866588
599465464
772311247
443110184
149108193
589050228
791977259
925609297
362208533
167739202
50349863
80969394
39034343
937609639
341909764
722785146
509395677
475289206
650341238
461183881
1853214
340856448
542238439
682868722
702620022
208098205
857039927
974625198
31770565
737142013
108414264
108529131
101217630
194135101
170727980
586799308
103903762
460357730
470477569
771302123
601101937
454329973
650014712
221724601
959652532
596302049
799405471
470143045
894383505
934553132
930138094
898716331
725942076
457009336
534488911
143211603
416342731
904491497
625171629
77208814
871502589
586660581
936951089
670743165
996912299
810440040
346970534
688082385
683108609
6245997
571770385
434730499
123774034
332907997
961417695
301609561
119011704
660205034
893139436
629727431
350439082
444664653
848124721
485350932
374136878
661844291
569424437
85318469
977129182
663001448
866943211
389028449
590375138
224473770
598494783
90332873
199492427
388736183
820446000
194038347
661252202
101208392
416673657
271267476
204752958
62920152
943818030
526645948
44488000
794839797
182695226
512858000
484786472
539334834
221128351
287329186
271454620
350819541
404659264
603926478
981657065
319903651
864757307
463548081
556001146
937869864
832357580
395012831
73475196
980787114
95949391
280526167
271088501
520638340
98545985
509962360
969066214
376072887
458853131
227486891
654665399
947916167
598135539
453492966
177637290
57577117
29321569
34460115
631481127
702661588
865032449
630780252
399610249
165797191
459128670
231518775
921286589
940074144
88725999
433095899
74767861
898425475
653529614
98735245
194718330
869195452
232886821
75972089
432327596
913832217
161003637
705451497
755570062
428789901
600818138
327705717
688134849
370142625
692605858
396977324
221155574
961343936
132232300
203771451
744388866
592016391
358297765
693410555
289826452
473581236
197508423
728639104
107915145
788719055
994902097
329794906
680368233
938503696
886831900
760847180
627526315
318443751
258022210
552638734
756525330
302817165
672047009
618371205
682319469
929441643
486447376
429050955
424524013
304670561
643407080
193563637
450862906
847122101
960129338
583009558
507986693
565477817
634154288
127216562
889579376
94669635
816223263
124455938
666443824
515984610
879550520
560213001
513089735
527145537
941143168
341121287
928663200
430798561
830778607
634406927
454896971
659112962
521720
750490039
374378491
357803457
771463724
823147250
555201942
399306648
492999061
158772196
769204447
841648413
360272760
356866868
471531919
421448738
587855835
490582467
422216421
232864194
139144331
323161944
396995707
462056228
410338397
425594655
12928052
635055970
551422074
214897730
614622805
694439365
542896120
376498582
92412811
295844073
158915343
777064930
361521037
960602082
88848653
23278051
699640519
373090814
139364635
444703963
418036199
462814865
39916453
368351527
826330587
632474805
605781252
524855173
862569172
795241144
43213936
121412092
742343421
924538951
85387378
88522163
384589515
41210167
539845536
99521865
366291969
788140696
182759227
818907844
949126797
243025187
23855803
467385121
554370406
160905058
87425711
53819564
712115880
429432954
515071439
536042831
332773310
4307808
861655873
519249676
171329006
703331438
180548556
79832761
435755993
863310373
539533677
620940871
346748868
193324982
181217488
564802021
75015189
286229703
124167856
769932446
546593617
780268306
736694482
497190589
938164032
299213034
590097880
398344665
635031962
510990359
306429025
922958588
69236246
747772427
303087176
76572905
33513676
951822574
420567807
263176723
74218608
64660836
289708860
920593000
715458460
864505300
648947272
769695080
183595000
892612822
338572451
22082261
543677169
571783877
482219862
650984348
107755191
263536106
727549232
216850929
716690825
401264149
575600831
284840820
540946694
625139136
571687302
293436197
871384896
490277207
485104989
710875621
369350848
997269203
269706560
903380010
984885157
283339732
190302630
343138889
871877210
28515623
131097858
209921458
420207728
139592401
614060467
68972028
689871356
589011482
357441891
594374311
915941218
39211812
1566757
218406179
370101928
500181798
29760791
841952169
587684457
422227636
755799983
54604850
609238108
334439972
578291457
451365404
318733921
100238629
464247347
649051172
157052545
155014175
990625581
711487653
423614848
667583096
298745052
431555544
847191598
41006414
142494826
912293914
202557298
740140416
205245148
700255588
366313656
149058660
893589040
557859205
262673371
445010528
12790967
388609402
136923827
380646460
98259510
763754798
714956453
145287195
789529361
84104009
689674228
256694736
688990278
779793616
165081248
253591634
444615824
507392536
211431243
627535673
737214672
309190231
301098741
554380284
934478471
147651305
668845813
274320041
862545750
357484780
953671675
512545188
916187390
412290921
856819049
528539757
549951098
583373695
213154094
40646693
294642123
487115226
957161661
350617414
129277259
71226332
702591718
430816297
520407149
258161828
824302725
625323064
71500520
369906304
276556926
4417596
266634289
421362405
160982284
312241950
572790186
627443114
685273566
984868570
907027826
753754525
928198776
174886345
876849694
730562752
313004805
960902738
257007591
77902811
917797702
569504846
351567856
351600800
707536138
387064614
33898568
625815738
458200635
75679597
23212722
249646169
445416326
522980368
756498681
341723197
227636167
285062148
702551638
981797412
285485693
857723724
164113374
941659597
5178519
200876404
865739321
146553308
680133820
765888574
377649057
99135048
358549324
376251020
980692806
624207730
493278713
42330406
103607926
516438516
560705702
29864553
304095777
596420654
165097933
914905719
484333959
438746258
519091639
941118107
379877803
876261537
605029956
721008241
27240197
443090282
579428131
767693250
47815940
383203470
904814939
526180675
607900004
87914296
685078943
792520930
647030272
931210072
359653419
162059403
940681691
51970846
269603587
525073228
201753668
623113275
647102829
705115579
269920124
739699213
658382663
282645817
375047242
527365539
2175904
616150552
606275680
795057649
474039953
599258208
537612010
20580169
544815112
517226517
799517358
511914268
663580315
413622838
270139505
369060755
951041640
584212442
612265650
630178661
465076262
470327866
557960252
893471299
812492842
856408459
537069075
621254054
932156561
369437356
757748804
802641833
498325846
261932842
874059542
699566152
142348302
129762035
459499937
488305844
742512719
633208370
401186241
863395361
586996684
828925612
47306922
397925967
115373645
152856887
790627799
721325044
842058042
178153791
713340614
800508422
108252393
176069464
336938497
124190351
592011130
429690788
41741414
321527560
811240713
35779475
875452003
12606302
645321577
71146826
341573416
311362892
718261765
836468394
443881873
74110899
869147048
738174982
326611614
402718806
795595713
813272362
855190280
401535924
3974602
998225663
542014526
276305970
273522173
319489404
71180483
287654892
489098832
813312270
917806404
48641606
944441507
180519047
734867624
91118826
113928074
554010391
104181981
373669899
26011654
865089781
130436711
373766130
958362339
352646171
237837264
150728490
450063248
232227892
328443015
431454290
24728635
625390161
789148796
272485447
545398502
167910207
42971181
790579456
77401990
830843823
504965764
811527193
6053824
30906965
490173633
205999108
439422341
311045159
354107909
642540342
968464135
278804518
446853001
66271041
340095584
194510576
198153423
41131935
145322288
785846306
544356331
444614815
508021279
154077762
578609170
804516623
339164359
222399516
366887743
69640015
291845370
343014528
382330749
431106219
613141126
37900953
246823783
632564847
5725428
94479854
55596551
758848629
707598232
292797001
455411039
967207934
852827371
936448539
388303461
812507226
932904896
166291076
386484625
47640409
395739131
517505225
512414654
725007683
608030255
581387321
594202401
701940791
812872297
842278821
600103821
787807106
33952499
445449955
58513935
35650583
147930217
917959495
231524856
672229814
601967137
966341039
18677272
650116079
828873706
279779670
57033027
550684123
536422159
572466239
583625000
551840786
986818128
72320073
824633691
767302067
714227419
866302616
517475198
939716050
542518905
769354155
149938832
608366834
538367806
593254171
478413518
536002034
220715674
312000527
871448990
52068440
358703012
659540981
193242960
655848870
644248440
628046035
368766620
145039837
238877002
966268729
473962169
89621209
952195758
66702906
485286805
229362467
997845733
238898485
570102763
235510300
571734458
811852737
279676615
435381995
367594420
553848569
725249365
260252286
428400863
311235662
687913586
593182043
796416696
701879935
510305338
212700569
9216574
443753180
162059680
359077954
134207248
641558292
574044843
565504269
226613593
875006090
541545174
532606645
439088238
769621532
381717632
614495509
52843115
448765993
609124131
466524101
692370661
716785628
869403734
37937871
46248289
396850337
208597712
777227302
166281062
932993726
449032346
409261032
315510175
209870690
341558532
459354621
642561502
932415296
373032948
177514735
326117987
344861668
518651150
890277212
732663673
225074855
841149946
758834966
331723879
179953831
867217635
132949525
875446561
104097230
251275966
199154009
646082917
594297394
287772796
222784637
43062712
533254614
851988499
594050122
838264999
429214477
326647174
937388112
291094788
253840405
790256854
745251395
695431699
678364273
696712349
9881808
734489950
337725172
384012626
686057443
491025617
346596994
354167697
288124780
859752070
899493691
319810631
882978485
112934649
922966462
400497722
573815558
354547355
497793541
642731026
209526099
979216601
987209011
304090221
54900236
351039971
399682270
253013425
145671172
865005260
274615343
366486525
377963918
968276804
867994422
106131845
38839712
949719351
346352407
957485797
485924874
448951529
144326606
24421873
622503642
937902651
712971891
195246290
478716209
510163943
79844637
330697267
413821059
234585374
765035596
603810021
421738183
529371423
922199377
77050727
82787257
948009457
392887078
995867903
595283472
128830357
553242562
838173818
434979270
249238993
788759870
168429688
332973635
371954010
842879014
656223791
417941329
390427547
554716994
827950978
730439658
398386022
162447025
61496897
316132001
267729553
636072420
507805182
277077782
586928604
243662079
761648210
870588374
678299542
519948202
103736731
388025148
678724956
618973250
851814829
623829670
610350456
810192828
705532880
67741522
91448686
142809848
418332155
641670723
957338998
2372727
748815057
709544008
407937115
696160525
298969982
141524390
331883310
222965510
201882593
359661443
371104459
441006706
898867179
374149028
11873175
369992027
881499888
802129375
251949073
990699106
716460290
532143972
694348473
428334428
868197415
76705353
435834833
395542441
956778632
816355405
551259828
587475673
68447565
655190616
864580354
610927234
128574037
592393693
692067560
274195333
75542827
209471519
999136748
68561047
236470260
402183308
862419372
688531893
363320358
296884703
511993122
336956367
838437275
736370962
142161391
545820485
622533175
686769814
25335728
814859340
85744898
145164084
792227102
103293028
495460458
943477995
225376962
499416091
506513847
240072439
553537665
224228574
855501482
506126559
995213624
407369553
744516963
757840279
633127791
287458454
209940542
512109310
662869869
12357310
565367143
731985536
577451294
277700028
188967853
361894243
588577713
942683967
532461439
199140891
647382628
644098080
879583739
254183554
128853969
10701928
539687465
705576064
138680973
767187881
462941620
555883514
563048087
100584607
812339390
182234705
866983274
327148442
865340574
632042911
92143414
529588946
105941270
129589693
847930082
584171139
988405741
477736134
647925366
673644263
972524223
190618218
311118942
397540194
933773155
3483569
707383800
356284072
366921473
901307265
138987713
119667655
146637473
373807065
830799373
558049649
881443145
473683078
283450570
737077382
463194336
917472647
616805660
920836827
28683987
695561082
273028354
151937437
774500902
345389901
745260442
649352571
524283999
627449893
999018941
765945545
256285301
97867448
719747660
150256799
292957266
753747944
506695812
49547119
988467428
735129599
21740065
781668979
636237836
723935506
926170871
206103866
726385455
193971857
331179527
752454760
853469325
303047577
748701385
524977622
383555858
619526329
73187199
258696833
572438051
801047276
845083643
273270894
593747907
806948184
3009025
203051057
732797939
725418345
621577553
660653470
479045021
20630233
333454816
231078488
865339464
734085232
425311349
534957841
59747795
614168042
406062038
714707828
852852163
225431276
399548802
631384280
178544202
673806097
973061503
437910528
498756654
925745642
320277223
604516889
934967319
356691966
269808070
405203110
160146639
589021272
739926651
192145824
34011799
995492019
522281090
767477897
481604470
896384321
782532445
542705552
80679778
8260387
679950048
399374277
259343600
751177763
619783512
415339869
5537507
109244684
974945238
658209912
613305391
566174930
510969913
971765032
322147628
343060015
649118726
94684926
81383923
723872710
791615221
592104283
964223252
90695876
701997721
451499190
233487162
680973000
587877723
985766919
192567189
623820353
434222922
813685199
304381169
367433931
688510590
180382289
470040169
553930552
182660629
147122098
517952357
986647086
233158061
51266361
247478378
402446501
441257534
258742500
235429521
103369514
668096564
363703538
215803278
203145942
873057288
77900373
752837295
80752522
157616948
470829714
275196079
402734571
134387047
835430192
79373322
592675206
379962657
791904732
404190602
144890710
371235609
298629469
882445711
45821179
534898750
647352273
948776678
553927652
133971579
618827610
414598508
19211450
335899210
621226159
314925256
392407470
339618988
318800531
424953485
986909848
343193878
365055432
130785844
319431105
854235550
695887893
909372398
620388428
716292369
116187462
424546914
250998687
553765660
370097320
901374218
657914576
631501341
349988997
819616162
110935482
552863069
526058024
292132202
950814538
41986205
381607944
891644095
351779338
564919633
22917312
503948333
867858854
976210446
45001929
73442266
209414904
985323627
690237193
291910221
323424809
750910324
645604556
184882382
132643039
890532855
239404120
774659921
758734637
454886477
837417364
755040958
58307661
412502219
906929868
439069277
791891992
726291072
527563970
801417784
833298225
368071528
146442155
143817986
221275684
537853255
141519195
4936350
29852828
747010354
934010537
159471435
616075408
394529038
332828082
244814289
488682730
167197585
982395016
721389927
875957270
651353794
442333479
931261376
934282343
687126550
139686717
767640469
894273887
397881202
865745117
117454172
543158112
717587668
680113534
683828153
708433367
97051066
187066161
104882303
189028241
250852329
631479364
596426778
841694548
870709913
619480917
220394243
611937814
191656761
465246941
581624184
485807793
8478789
713685869
825402557
534253080
228913902
809701530
498297577
531577393
375168638
427438509
836580889
913183505
905315043
667916716
255947617
824112523
1103943
758426091
816494993
249973227
738320091
663466445
639079989
264795140
212140380
541213812
153889539
726455222
196370096
959357524
648498764
609601516
547869830
740045344
623577504
975813034
664161888
771268870
947069920
947752833
944549473
162816715
213128569
280539773
146774897
404168242
91189529
54073057
103411828
497716246
52634858
673290347
926976549
595706511
213281030
184982778
453244442
311533370
493309465
613216362
997171826
498638329
800103047
658004947
410849472
339892159
751866041
740864506
356032101
431356392
194828232
668486289
178094376
991066334
276770603
626326934
389399437
13072080
356724508
214320849
632065997
660014234
814996545
49808971
483951182
738677714
803829351
784191832
339767689
525761855
345053377
596400617
829181008
570632874
535071261
671572479
253979965
737138504
18834331
445883272
138375171
871179072
232720056
405176312
913710912
726374043
901790570
193512302
39819928
287679469
310062874
33252981
872136463
291027768
396401553
533406844
854633995
520783755
948907377
335483555
217673934
664481928
610822097
701728520
877114275
999245743
439818623
977144565
955520273
770254223
314664804
665167843
423149227
412394630
409301260
216370995
830487572
145674881
538651698
865021797
502059589
917091543
244724052
637252531
766349199
762662702
355243644
382913377
839095278
47613858
391907105
461324251
97003712
78556850
95372557
682173360
493035835
358457672
999500229
665055525
602185936
146571062
906003103
378569541
787245602
759455045
237655136
98204368
626489578
491791112
822619461
144049747
232510900
49327486
888915973
391456924
941633318
739035497
715021256
578737569
113653997
466448596
837953912
243359120
550934490
436529071
518033535
383124950
934031934
660272252
166867410
464751328
262134431
234917991
815508233
525809830
949496652
282162503
642424203
337648278
703330474
683097074
776419650
12593785
664561806
1525740
662493585
594414954
648904905
85544680
272330070
181258917
960081842
617422774
636865094
237970483
708639045
61900633
721049977
669686495
404393022
205548928
621957804
573575085
43385658
960997585
255132351
634350909
108153710
968462799
281308501
572897066
882530286
251854003
708704561
780455162
420063556
224948735
740838223
34677677
894206200
612407959
979963356
153136596
671330696
64235068
843539781
283313088
504489161
146143465
879360195
84940108
727000008
606180052
853436847
867857370
909419608
228445814
170784524
318450437
910594963
314770396
481725609
640355127
541183794
848307165
730825053
596316617
388253337
688291534
621394474
512574155
302791024
143429304
733537625
618889364
673647048
97326831
318054961
171659382
742521051
322840838
12450879
788457254
668720937
144837734
163945018
106372440
32709013
992159413
947249376
525947017
408237100
374644169
681583903
726954059
500588540
555703369
912230810
779799946
626803894
624491628
966707894
37601384
520732436
781653539
92246603
92858229
152045467
602997212
177187197
363326624
528969380
1953365
557545761
679296088
152348847
587719319
944925200
92549999
352581064
257200684
996189621
460075686
487744592
42056421
862930632
353875198
36921395
606732428
104955240
742689911
807383533
671646108
716327931
146520007
602584810
194908889
237090302
931906349
707158467
173830439
309313101
2425577
201155857
288881860
262838793
700356960
256569174
726901879
631287527
911042722
934697595
668083537
484346469
428678946
433513857
216917509
686871816
679770695
525996441
184195364
408540449
189916641
620282273
970072562
736458765
764275482
380442762
11034445
531905625
89789007
674385255
167065299
162723971
815641510
912866183
534590896
933955183
409471865
891650605
699620847
717143301
840780461
939052362
910246496
848171599
454738041
215873934
137978566
590162655
878073391
41569802
353560609
687488755
262283071
545956208
192377145
387864013
338013247
141502810
443900985
410179416
676391645
660804018
308882899
489942821
370602319
552968819
859748357
101418107
464191229
833403666
555870493
496778259
325871225
582227980
346779835
724127333
389417491
246006322
133886731
714160883
413350695
83794514
254619024
239053535
892663634
914855393
656827462
463616073
916188943
128014935
172204876
447930677
516940284
545827658
646904478
140965227
687188275
250866117
891679808
136181397
376578968
698671711
335281219
11573913
112059579
913434412
915568264
415534755
564905564
948540715
152724903
986160742
903264740
620261935
846209870
284893231
706697695
943717029
633993271
988491553
596375358
734003952
944173219
708489958
841724216
770254977
507319719
173653505
681724118
299405025
772076787
225445084
262951236
740157734
609451352
518215779
251696472
996677924
330403988
481974173
140788218
382421885
983259987
597290873
155137382
527420412
909002300
293610397
210905516
256306097
725331951
117550078
140046014
312703163
109943655
335024521
589784808
102235149
100572946
983214936
591500604
615791187
914194760
658132609
325625161
417464759
787107548
620765402
179047859
756944813
249343478
926763292
312298896
111723603
690685994
627923921
114565715
148810623
169874901
659988501
930458486
226805483
363816832
878623265
881560231
944914300
551951976
748738154
943106537
480108951
445894685
776581520
264799271
889333552
40620676
685683655
338901699
162710418
908273659
678906648
384062466
127118931
993401383
773050119
362168302
253636065
592161697
476689694
906855342
112645932
35564505
18930976
562367532
547930794
656460051
429177307
443094110
42644593
269769878
19431430
22162475
299740113
353244932
856501452
263840817
841093058
188384489
531307440
846781194
661117589
568423731
833236171
512067964
410198718
287827828
188051704
340849672
747159692
818674903
897212439
773850522
245385755
63317988
698040658
637614602
222112648
188787338
763053915
203728818
183556751
221835250
702299661
275833695
133182566
166754274
336110078
147738704
907904584
811501517
503773789
575373607
321935485
811131090
857807857
676803710
965950218
955457434
752783299
379031165
815924728
74068124
378463612
956392826
313894787
492025323
565082991
794989237
379771805
635924049
616539353
231396475
512102916
307688
603478268
119330222
987891947
986968824
635916570
479236145
32165630
721168638
260834457
373337602
780368189
714220029
805688063
771883051
456938970
528905381
426655348
872236185
441945964
77373010
637644959
683589500
441569881
317589837
673046383
353119456
184116692
182270009
289243908
288752135
672619203
882485401
786773
748939459
727729372
38153923
509799093
440723925
210188239
529921687
647423658
559618156
535905965
850482289
479709034
416323081
346126455
507854972
673755118
176565805
600577558
845790803
174376534
995211717
337410787
176235231
527713352
926013923
735042644
79380882
137519798
936477892
877018003
646097303
935863585
115249027
19465033
865971127
935009196
139544054
757238971
377131566
870180655
390625592
178969560
978254707
767664594
923653078
680862026
831415083
341303942
571136940
83554331
361568481
399322265
500898700
47938340
269841895
139682213
935693289
577018418
765803337
17413570
109072999
476727211
18278186
448037894
487304239
567712874
421202986
431093309
717542820
261034194
675819258
981615546
52924972
724198175
209208560
906880091
596760035
277023157
376472284
756442792
460037910
391820966
356464416
740868325
111668866
796091711
208282717
173135231
365464581
264124530
462558620
133490115
227688222
264817991
61775648
855514569
280958406
560665972
897173165
103243316
551297245
445690867
33271303
265300053
953754743
498614335
708480142
380625569
245333492
336887370
759287605
955206717
700388331
91360439
724858877
384082870
181465164
134162341
474407591
865191275
549199685
139605307
919241401
245258708
154891906
928062863
160497625
264265124
482308988
606959096
993050295
978260075
450790911
450159474
580254972
776425028
899355326
748492196
85688501
149998078
72792915
554416679
530840435
817874659
547579550
745933585
956036897
699854305
640496465
705431670
886952674
44586857
74664909
219862479
282325775
615102999
684249231
572971793
225334106
618609137
492657984
735887323
408212470
367322187
136279335
654306651
88255194
14283765
601579729
792850715
481922123
66386309
421704454
854291198
629447399
800130280
425398275
616596074
974991204
881190671
823997716
966021468
987284912
356902427
820212401
587161780
621010154
110347388
909491099
869338019
785943337
123084002
443195672
716496450
482888973
77074936
806747837
195147595
140370293
959885511
464917931
594328605
294707499
757956129
549551206
849103869
667513790
88782790
406373450
234229039
133513519
201641147
440185645
428615611
224590077
501849499
404939261
886524938
515946407
532320941
963331655
262155802
701854544
474895933
687189275
423627641
206134555
950750752
45911566
781222458
763367035
370079947
58686391
254818229
602387971
656916224
744704339
854008894
183290098
151930956
763355941
748227172
193667461
635954889
832301412
413939745
865724089
115268895
14010857
108408663
725452978
134610934
440730883
937343645
991581950
477580005
602715016
114239042
53926195
378800028
404827634
356172688
645473709
520737642
64237080
805019707
262207372
307548367
546596191
704361949
422474808
68714214
422727643
979645016
609629534
649912947
882390230
522131775
626941986
677296769
716434716
161618458
282854995
180398204
189098801
814731185
811375987
403754610
213980103
839613276
631502715
412210358
627731345
975518714
686571709
626751655
834196458
109500760
353878022
736510477
560099979
212057819
198812085
429895818
8117530
75795590
232147137
425011454
235900146
698820459
83450233
994156024
45372941
307713614
601759747
55070189
611139632
991584658
172896868
585078
428892450
308204354
466482868
262437632
392175943
552305636
633213691
230549905
142146512
782799322
679153796
605063882
322257460
558152410
738909296
566626135
251756095
8915357
876952077
652169973
795262379
537431793
370031748
345680450
746816119
943148826
454521266
124703998
728555954
51993219
252441337
791149936
56795148
353998814
938299573
508687921
280539568
639771204
265612420
783694025
720552510
915249361
551983997
379967716
36986205
486462014
278269365
17107217
706443132
591542787
416233651
226139860
604954583
752194074
633223709
846850427
169782303
269005968
903516915
891399490
818183774
524518522
181057456
195977801
659498293
299948706
561897831
953708805
35010008
797973481
883039321
742248152
343570756
825849991
368673018
227912728
764343142
431404559
960727468
381699310
72910437
719771341
982417329
306135085
907173336
379906390
306119003
564008469
457857614
657750766
488598300
488386874
607458237
421346865
954823339
433700624
322194512
634934577
81992060
213114070
75926200
968952735
700216119
922034740
236380596
290908887
157298667
113195984
978875297
476330290
166376826
822192718
454392039
347474578
379312430
642089486
947555250
8710498
809043040
275969667
536646050
685252521
496816016
224749342
441134416
171839454
599927549
432153246
301191730
255409236
510222552
286640594
355167862
792451162
744175179
941300015
814925724
260726037
530576395
578587367
272412373
568763994
488359611
970214496
600955594
570083751
85948559
935305575
771099324
189489651
841321801
812788148
3359471
261285176
380117753
451351815
478413747
618391570
793417766
298001571
205656887
703921018
615343935
688087465
825102417
606777162
617590623
721962018
696458782
713738039
838485930
854497562
597520502
984771752
135422907
422125980
800714984
562184796
703887233
28880531
46247396
609498669
8819459
17444696
8195940
371432477
648232966
457181650
831883971
674600956
60108638
429367643
884398425
378831705
85744266
770320797
759905210
336878509
806738798
978088521
968864419
210273958
427360232
780165554
453154544
770749011
247810527
16195585
704785833
1759034
559885571
629861201
840613725
511901633
819943201
714327941
902891485
100215750
703924317
890998006
933236859
274246111
392648266
878328495
66920373
693517822
804549418
685073499
514491015
982133595
169123100
40118990
728145020
310189172
598068780
162749622
702626169
975734926
329721276
153755749
227025444
362803044
503141478
374677075
830739440
201829951
787049493
881296319
577983500
673231258
546924423
849757088
140536149
672877131
790975402
287948944
27043259
633111925
933483563
393248457
789997208
43074254
754749256
16723550
592222658
734887360
356878551
280594255
403071642
447065900
322093727
237736606
430973563
971636350
262408419
578944890
795714907
926674038
61631553
293792772
127695851
320298932
380002462
341076354
812816291
397254374
482055688
210505173
616437488
752106461
869830175
789753240
977289074
225913204
14343078
227247211
999710455
238109365
734052483
850493308
281223917
702236307
523416650
309095290
297320235
212370717
404421677
398154173
692999073
308389821
516874463
337058566
187044700
345075902
452487311
296949034
264344593
562531647
795165349
260403540
613299799
390097543
527294413
34203081
637907386
136130733
734707109
140589388
552131230
452846180
994757695
657695360
49296533
873176693
360264112
327697074
630311644
207979380
83151053
479331820
690271128
352367178
299239358
10441362
778461155
723138296
115396491
893314267
938313198
711669518
743710310
461523647
210916344
21054010
232967504
779944494
962529264
640594708
879951399
257946586
516925958
386439353
162911262
605244480
102531672
767273433
141639909
366276247
384590219
952895596
302310533
982352530
841434040
24407575
563656632
688096399
488237644
492252180
95577359
322215686
592181988
348199961
932997472
815928169
326668290
699850834
790788574
178635397
281912495
547644148
971269154
447217312
25706980
480374186
605428287
573359789
58819896
888977709
200987087
375153297
410004323
457651757
252005283
748418252
554767862
520415190
62590799
641692339
779482247
825796299
520906956
253069522
76248137
258974984
329656845
927948909
977125686
788137710
38340104
696941733
718259614
135757970
992287540
621772911
429823314
771446294
876453859
185780266
984129767
204666548
535854027
590335694
253385687
121791299
889245118
534916603
579737118
684034119
504663525
627287640
139854719
916996420
90707388
260351286
332251078
469051653
524651630
436410512
559621738
372614281
937546501
851296081
6165225
731258004
284041346
296382380
787770075
510012085
667675397
263074511
943401079
753582950
305160089
527126612
712353733
440101439
412427875
970840997
108877211
145775282
102205397
25150060
698297013
52684805
654733989
432613139
902311685
260984760
445339844
144369266
64962613
46190452
165547416
508276381
956007433
63348719
670967845
181670118
408564946
837692374
197050590
315815693
299395427
705515576
623688595
141743529
451397934
241693760
387410166
784899729
247251114
364225260
632146035
246354980
297447303
73258578
564336600
59468337
282202250
350788564
68143428
409487218
326142575
204779281
541581030
237987328
748131253
640894913
35261276
435703071
479529063
870865339
594960053
612170975
625397971
853302012
238862094
692189243
642882339
226394180
544456264
253632387
966613568
957131900
533542402
916570435
639505929
570576489
489360920
383362836
562205743
643875603
80628223
630904237
259845470
893412120
768593741
209451652
922698826
677523898
106924798
144721635
543395744
907698262
195518054
995322634
511223229
463195228
422925803
784940039
668253858
430136594
808610707
646878176
167281363
860248275
775687283
801242826
587661040
906063713
384418390
718643396
446640012
948718312
513758088
232405929
353533745
867651367
335789940
326932492
926985740
8242432
52826653
200874417
259573784
161876741
518254520
544048394
340636680
42177590
144868722
230581083
762361488
834455748
863681238
321476848
248864883
682127860
627471978
941089680
744095950
862730894
185137386
655923928
523369006
394822113
186312744
462029350
473462598
730858772
623997753
430384475
774554178
144593914
597011676
555388749
236848691
67684867
337813348
495974534
36848304
244765061
911774255
44257846
423242183
396170012
445783515
738441803
42325133
159464122
974875947
448068966
982086271
730923097
191510109
589834385
689623681
620501355
100410768
354846017
592435198
58606276
367752718
973182352
958279771
475276294
560932091
978419254
490105059
113276544
520636906
754820853
801383297
573194418
81885900
952287096
295864468
519020828
732822376
185785515
26650325
950262925
428796586
955513822
763707187
57656663
285099251
867647945
351100550
109942376
537278160
208302096
746629493
408355718
786944825
591298594
880640285
76922303
657566491
415633260
251907564
527535013
302293999
141379189
966789745
654609196
684893371
986003750
308536470
701703589
463880669
480777456
457870243
763671402
948980859
499165464
878318820
918027298
469213360
799510385
886128730
916802047
201085116
556473086
271326755
902577312
461090285
220710029
269710097
981164794
67975930
967016992
794511052
565237156
517736039
231349248
699602361
893468328
270862586
211531187
733332781
796138334
989232668
585856416
564421253
546394140
596131023
86631196
566775959
627226132
251899407
535145691
95371168
773267514
78637933
650785201
597743065
840066554
875884679
89468831
358236774
22186586
125300373
28257412
295049791
289576047
421199025
739152112
732282950
82380047
692078508
219881399
922271729
85452470
904695832
520798171
161895790
668593623
279796458
207668344
367344249
791546616
627169871
465128077
876068335
158012488
117828771
192228863
537660508
170044576
226240369
228843808
327883768
869759001
466526102
768775329
925755403
502669320
937246158
324246364
405015862
383338440
14095524
971658502
580819560
672070206
370240782
137731322
345954564
686324756
58522381
936255733
784356060
148838475
589573774
498885992
952267015
928629587
64480013
666230051
432137639
860459021
521489972
533683080
129328630
650789241
850674824
559087574
799714489
209880899
903756336
743974794
688539625
700245624
559012768
591102569
266072636
448345878
318343061
624937626
351535431
522828071
593078252
607750562
746652048
548876938
204745130
615704939
870226457
627477768
957100554
300224363
187651229
972359224
483194451
262884699
246275997
351491463
510520395
35550815
705985615
357776084
65930275
803777038
956818877
24233544
69586536
238258563
201015363
539307219
83984352
316297227
994391095
281791279
989865992
949165301
594260440
740826172
825842914
463256414
177250161
133005414
682989865
193536171
638473637
443246690
103650949
970812905
317650670
194229236
909498720
899226924
671144410
508536426
460189920
806899012
891647083
249827614
933787691
332546414
398742342
764427062
50830832
845865364
200431361
834760649
105732077
987244286
552655813
711203135
562869220
404168923
261011986
333942617
612530346
493098961
548727877
816024593
142254594
288326069
984669075
298387985
928668971
859615414
165602372
704815292
857545596
125582167
910919117
392564602
358477960
297269913
7017546
261429413
390478814
635350326
45579505
851529763
229374337
643031389
508843744
850151983
707223666
585934094
981839149
249393944
465292815
288885605
870578770
987820477
993359928
988038463
173262976
776971906
231487753
363485598
9098392
279128180
991942014
375489306
547267838
775350875
86641005
555874699
184971317
838468805
267337116
329027221
832266884
981988769
339948505
551036280
885855524
798616068
249201746
526564404
872644637
313651432
372029547
667465718
274922799
21511008
994238940
636015346
559509365
80919041
399318926
626039777
613812823
785846394
220377552
782368244
920595041
644510616
872544830
323424473
190901549
462941139
433824919
956100507
712272737
678030318
998481107
624394713
915895524
985093479
560627962
491803619
115719352
644040007
825997017
529622985
590329788
859359779
67016538
314747449
649487930
852669811
541519298
76038422
828353086
206199702
942513191
972295127
393474209
147820903
142610539
267618737
143688046
218178842
818871692
596083432
137065598
662436831
499254695
707201067
560901226
534972653
634347878
473875873
18277660
981168404
641914048
82126968
171963285
729011103
975491900
99838483
758493993
370511197
516509845
869643236
963209204
825989324
738442022
473467940
444348724
969258435
946946934
371918853
195185964
736079836
471528656
367510826
791237450
769163727
225125986
48461956
400814403
624304761
969100859
171305139
29770277
30960171
708265801
573619470
376322515
976248340
875709079
188332633
578752377
982385641
380458661
627093847
919149130
760290407
758367039
997286137
344856694
59559165
527260002
118037990
944067682
671871513
294141080
899104819
829659872
711829520
421451636
544859107
917272546
12813438
745567098
5054395
524306388
282035569
226526404
382475645
627915308
626365774
837100472
186830489
238376508
491315282
933072903
232505518
48791825
695130763
437519823
31515568
338143288
265785320
159148178
637245074
889013212
594245720
669784186
516457889
595690441
741124857
557894142
620290255
258480714
547789838
330695100
691834412
152957137
339628442
27883623
527373953
407246809
723539726
355391151
132642481
29299410
92286748
521991588
859662562
502559910
108725106
847330797
445471327
197757655
529153570
260732213
452100676
148844610
973572484
107096350
459801
439027560
642846486
77596786
50665286
251186972
985011917
731425687
237812478
292922460
636537648
546939706
581614204
526703292
415256883
146050703
333725475
867077469
977368759
471318452
253002152
236186217
750490202
556939626
641851288
702513528
384243823
164515342
529765974
259988273
860086171
566416302
836047838
369612602
344745737
144308314
712684002
388661555
943366791
433767392
340958843
946906359
760461901
690272119
235920439
792347740
578193948
101094525
634152600
496373963
935204153
23087713
956803343
182762739
759043735
110441019
131701861
146027086
344493926
35228445
459607538
157457321
139824340
779764252
728690437
898622398
68273823
658119100
900802505
385646890
648418137
176499164
599981689
784561157
280980296
763274859
531128226
810823896
801502176
956769400
279460118
250386678
160752338
65661402
859344851
455724410
617000841
80830147
718596288
380206492
538487492
482048934
202846561
76682365
824759601
438051252
627867878
900610709
523570846
782376420
93217064
470229021
327804260
858630511
976688472
124808675
487519734
946978099
113060251
93506741
228845214
736928206
24696938
170912647
363851533
537238741
951720270
111215993
655994420
882712807
83304663
235552533
664348092
234277890
522494797
907436548
793891611
918195970
304849142
370007975
937582310
839305526
428303810
755976782
404481330
849431116
553997550
464836936
436733161
900881532
704636952
137355095
269619701
461293102
18070183
562229140
826451308
304829510
807716538
869158505
351043845
540839411
398180648
629714838
154246900
719253443
87937871
301253812
938786811
525297451
722660460
643800071
662310915
567766240
44000829
360309374
133893590
403044994
39162646
347982246
576626831
826865163
635803285
933110574
905452640
325916957
636855038
555176429
430401498
426555489
628656229
650410091
707283628
963813286
197588932
525844634
20352563
771325465
505922347
453212682
938570820
593888266
642790168
622152501
817026774
668492376
446634099
357634433
388724822
666306306
850629397
182119560
2583426
259601526
251605346
350076175
100474644
778906586
30884894
671539937
462095286
534459056
388386410
456697216
383866540
538530724
845618585
581398030
928940874
930437156
918234976
633575464
757472126
792742308
267345008
763972282
997898653
617107209
669074092
981259011
412782098
186594161
670970585
429198519
715028466
237506852
489361530
761453039
271775910
100387247
552662817
726238364
88185442
224649274
924628030
512572207
458880744
417342907
125954181
911534013
12151086
605240284
453466969
95053342
939450013
984622702
137001071
113309771
848836431
348302377
273615483
757474772
586569994
453793205
473130308
827382544
492752667
341190006
678693515
95371847
381180554
171682437
372949321
730759119
595887058
412765300
702361659
590628292
394708741
394793039
214073941
41241951
497902136
324037416
706108965
665981593
227830790
10964954
208617546
970472094
397696495
245125856
969191253
197637873
614120400
734385463
941219366
531264537
625996696
68217744
57757174
68653302
85898855
804946615
151259260
357903778
652873913
574859978
733087193
542075325
817583207
179726899
9940392
202898072
35901699
971775766
631578771
914305209
434118292
470387463
562143830
793142860
254726569
263244945
781990445
830515918
355302470
760550248
155591085
786242148
821233025
404105325
24480267
259978120
189947851
609945178
633326294
460903684
564522805
571901482
785725453
320545438
732631473
697778042
790464919
385182053
744264332
127654425
472503835
761678124
694991692
639400795
735205648
233857312
427593548
344714989
333756121
397354821
855945209
374512748
89428409
740344497
353982769
194372749
977022484
380280502
138652337
510684620
312999995
310532707
558590857
379040614
385624756
469614974
457361431
129667779
483624394
112159355
808931821
516192524
537170579
64408419
57701867
759953263
27529296
705724480
101973097
167414227
492723265
135666278
986218236
967864973
886847252
937577602
178958492
954466434
730378343
48291336
808778714
724343217
804099724
43267991
401354765
321664988
664464651
347484888
666734426
520834730
515439508
241901742
632437149
160590712
409524796
470473938
87196294
290658076
880848269
892923800
31401162
2582881
354486018
621748677
697817615
710594466
800334191
457335684
307103774
396685832
577907006
131048653
943306747
357286815
612863405
725534738
97690959
252192481
129167887
764050975
910058795
403536321
69748441
771434700
294024577
591622441
231725655
767281064
193123970
920949668
64899103
440108624
791256447
88928719
431139539
728369508
758184189
527166384
885560224
271826910
332644423
342248930
143755290
977133503
288371195
505113382
187581819
299228637
966074034
893528948
559531473
185490559
71797550
258298332
147525669
468792665
615922140
48961523
760586189
489573065
307097560
370466904
409408928
378108854
930096178
695772428
424812133
708804789
66057891
416442594
17754902
316210100
799728547
893441532
308709201
732434074
134767592
921880391
195917211
730675413
776195796
983972321
603900120
883291227
582350742
282721976
669785392
671029378
63760584
680053442
722407198
900306859
160373226
833650556
955111202
758898733
700636500
638825004
85997440
232277661
335729736
343215231
898287059
137735009
413851699
853060945
732558486
320889750
269520077
741504284
1490090
509760516
978411713
676648313
86246503
183206934
131049514
405154489
589111633
4523461
588135745
654516306
237412362
448137810
485343864
203207410
65089758
576613312
285218464
234171956
162374455
474838314
289372451
502972275
366263615
229735314
706478383
612256274
664602603
15849970
194516193
38316527
700033033
753684774
563625598
48447000
486799194
575661281
663054678
876322952
927201612
870999526
692974286
197891759
551450510
679761970
124414906
658101640
125685910
922079661
983384852
559077717
396605902
327044861
40785620
346256981
25289431
591361196
560892897
974328391
453335927
709829256
214705304
322457663
41651597
537359998
282653193
764938190
228857459
864555586
498103842
323056327
817714828
948430796
531229787
86169140
488462995
309181831
846186255
358377142
293119162
811876121
818060832
330588007
402546728
202491121
60742248
155835961
462693656
251349417
178432325
301016919
126667786
219958434
463890119
837242976
989582711
969068899
452122014
446098511
626448239
500091381
105146803
324694957
455688893
39636156
865817615
329718993
371228425
521166017
244231229
877555701
908378185
13539049
498511690
622398359
226012823
720141368
944174711
626072224
209997702
921020587
154608976
864741511
68064396
734972840
673665789
239161427
835243925
947045862
353775927
44361582
405284270
965775049
83435559
123773164
635478355
385489108
668377207
528477383
115769550
161230074
418741059
230861941
807209234
198647306
902072637
864564439
144144040
279949023
634731349
972672801
502043975
700880882
57979219
115210962
776133469
25058623
329462495
77775002
891270304
4072947
695251479
762600509
216336857
209268929
56713131
475669889
571262496
449517619
914252487
124145672
213899988
913072264
333705321
171179976
250249099
605362107
466961162
236262020
103549720
76222572
947921598
755207720
719348264
85338288
542194000
425524951
907671761
185668272
252196835
701568494
683874159
933860854
675591280
134429727
59633531
93464757
898990629
4666647
543242966
800074643
23084248
244371439
384840701
757842823
796057675
249417474
642589375
873548527
77351073
716263927
141600278
668394272
445411579
998712950
383657255
933462908
360496367
795533901
625980502
779477183
370171630
590789331
366190737
946867878
591470857
136735825
809305982
223721000
669484085
45563375
731751068
102155371
110755919
674938397
440512254
816440765
866882457
91075636
422620456
530557564
214890065
21619417
730842373
213183353
131136989
325624716
153288456
235251660
138941167
966478348
112553751
590200553
285462112
144874006
412131649
79825374
975415027
918210808
517162023
799901008
566959004
970939802
807759042
409853642
399601265
494996227
239251805
879952569
82486310
519488066
464029656
239028247
433952981
393974908
887010810
787510913
930198441
692158898
371672426
921825364
342075098
185613423
49520488
710668514
899121659
328435718
640868788
649984440
672844146
818969109
559405586
949265812
36134712
360266567
494621706
217067005
580429845
635923279
105676268
53091693
933881648
684676139
523263639
296846122
803144982
344668999
802350317
881397575
828559468
951369471
473822768
418290237
898185257
173937331
393644076
179344628
757090015
804572214
890093008
209954562
849632548
88885865
421351095
837888831
965291218
549085664
455275947
97855742
754698536
11503126
896526483
684326111
255839078
555596088
672088634
579753275
140238764
539397499
288412061
185808822
48454175
823440043
512122563
806856626
48749023
649819907
352791721
44771371
364163706
692992728
46572893
51962954
363561762
284755675
603480703
887478466
325202325
9753786
434574025
444160473
348501606
398954488
51855727
226201220
397529395
987559934
143273696
68062145
680763310
729613349
628573253
133584740
588751122
445705040
669306751
571427378
808440874
368590556
888596091
921367619
90088221
495621453
522388537
418853909
641455030
953713857
513712832
738270890
618884870
523471723
300266647
549988121
469411672
786541911
954010879
917569441
530663756
313798227
674454128
996377543
566900910
277383788
923996731
831427874
754231242
233950918
123590226
187441383
805448126
826088908
806252659
900300004
199328253
349791113
561683786
393198222
593980705
477720517
2226927
479010353
760497775
944721977
810125888
742074567
743386139
35348765
699677204
787009131
520973355
78522660
182958374
524537226
736355288
683207105
56121680
932498962
899255555
255717594
476617703
530772223
3564084
885977820
523092316
733679180
593227742
78406739
381116770
979296695
266772992
796084659
555369293
35305187
18613775
596896776
876610419
722246906
340512206
902169779
482858671
254962752
952585395
483229536
979286145
854356554
899259779
409439371
477239032
199471832
588512586
206323154
465498827
312001496
823053729
384814159
667694515
13041478
917454670
95511329
497346372
281679362
650797029
371589714
524671583
901237704
545222533
221556200
90893144
368777115
921678577
713469359
79983822
107321012
400393471
736921733
353835975
90909460
551532594
816131125
152089042
878124239
583020744
321894768
537372929
719761670
317775719
525889879
254143652
142071581
531325563
597677629
335569866
304228694
751534745
771715406
595603214
79064102
300060904
187573836
791574911
205532687
212158802
42829114
159934
600210326
323269307
963314745
708520803
192544675
298872866
460790849
851507397
689495055
581729479
807287239
190536758
998109090
341472726
744872337
941900416
853091412
874875999
623932585
905024565
210062103
292594587
34907390
110521030
497938035
213146330
583153946
615790619
324377140
214662612
863582321
110205381
9928216
217848240
768788348
703945435
877697638
952682642
829086850
942480644
165251464
466334570
870593629
630833834
102447146
965098039
763479718
262254787
65828881
74143162
311673699
581010517
261275311
748734133
139119671
900022452
386956680
874213087
730517977
46957088
717017727
872175722
389002638
948365994
759412624
974788689
570814679
676555368
913023898
468027855
967614323
262863157
811339652
576906520
271861854
451183246
819927391
342521703
643927766
332549977
332726017
796712260
496958573
287878164
526536192
714797370
810983494
161590670
993871525
415224405
872522185
659734832
132874781
781404228
332461580
100874252
834058637
67808696
551205074
434986620
367324516
201554124
698899004
72888005
914918506
650845974
413314465
989726302
71608121
722296826
827140748
559314969
583246583
641338384
928231342
236577327
547314351
367783862
914608733
294537071
204968288
396448540
832460128
716146051
249549063
709303221
739642957
365079002
619100072
577212330
586538276
272815617
767758386
932730937
832408028
255928810
197550017
231722812
331964300
801598097
303807715
839381739
30180814
688165610
706592929
201586102
86993242
79923553
552519817
685495644
502773316
926924679
131416519
407511825
256026304
180173982
875604924
615390334
916868721
61202990
399940397
704765707
233846200
274835516
383801094
312802440
595942376
63001593
884797913
291301638
716449009
568219767
762235504
601825506
802143572
721897331
747676090
143179773
369953771
592127148
653401263
540196328
777565476
388543494
237256098
922445108
783095242
889383191
171940730
237309775
115322318
