959360234
767003358
995406671
860399325
230142915
327753694
377841299
579775465
452928128
660444487
753985665
627650429
973275025
44733220
332949574
482021943
933457332
583750830
950366383
580679077
987246290
152259182
27768072
171071040
522973290
114626441
212601371
391493651
148234410
129064942
190440828
842147067
126971701
37045226
531916113
260978206
633754720
509080463
239832501
123237419
710009405
107042607
331210008
575145414
206856831
963879218
951780065
544310973
575820830
479227445
930533944
356337800
522174789
954103071
771675321
572532084
204648271
146726215
3415047
240938297
653713416
624244574
182629027
266676518
275072594
40322697
934921453
529224246
355678838
985632516
939683485
91415307
424180219
366365304
875419999
365992281
54851109
840112987
245268618
103351329
167341853
925433562
853260782
223899427
146299557
738612533
84618471
738101561
973311748
554210846
234063952
147671706
355743891
628189174
545373518
414848133
393861969
399287810
783587245
185988276
528835802
699883929
456928965
590514924
641876859
748479924
613553875
581263841
822774665
495070491
104144824
812530034
630714376
926277418
718437251
312830351
249695084
913158734
623048060
650450306
925298811
265246984
630976452
847138854
445862430
597476593
54180001
305531863
487310181
155715463
127728805
982137518
527998342
491834145
978065516
805746977
49756320
591703453
924779169
422310965
293452053
204046837
307947909
210196657
515019640
657688450
331763483
148475173
17669569
20641151
958089373
194794838
84725585
234625587
704829939
777216788
459780725
627542811
140928346
584058029
266565132
849101749
178781407
434004434
213550580
536290273
354095007
326180132
976939700
508517502
853029758
833581064
724551896
711427651
176633807
853557725
483510556
927368449
807419148
885264367
929303830
966146566
303613656
311698856
581537424
536456689
327972406
714497459
799108476
462749225
42625767
902741489
967317546
332962115
192730855
35469532
229190856
214565605
100618032
821636778
650565198
828993557
740253316
298773527
952401859
508453648
713170001
741064761
481810627
66641647
323362767
552633777
791998629
766725049
654420183
607650669
915809786
331683093
238843390
187888243
534100181
163580623
930114520
990972312
801661172
977467228
908662309
935506396
80661559
440532775
848257643
205025328
248605458
173494870
677155712
31009711
359948398
221217613
867898453
428018072
107762035
955671325
909289893
995032082
563595940
895194121
744770970
72088574
307381904
309895404
463053607
255569958
188555901
417227169
729425670
412610872
135369903
44469414
366291098
752642760
82619775
298775359
977933099
508966568
78406902
457300678
854873941
67957991
55654503
993169429
798415135
867896454
557696971
40873617
420864826
488295348
42612011
647281222
556920732
303994222
108138776
915824396
764707647
667509058
674860921
685479255
621603288
275179020
538259767
151428480
136642212
223038981
281072108
836332799
29048380
994849760
431794938
966110053
874396216
571515250
823124770
962857692
870280854
221618720
346490675
190694349
541723186
643599366
818912335
892496696
144433052
365577021
745401664
772515564
487226680
657671842
834138368
808286145
694542505
646627502
818281951
830744960
286197569
193918891
922885989
629948440
505111187
253227022
2757329
348673406
830221069
109999647
509825764
196981898
128864858
230522204
890611728
459915255
921389570
51628404
80132491
589471508
872464642
992150629
113540946
883546596
992432176
814329659
397869102
898739405
575920476
693049687
401225679
336736091
665806998
339744503
796615872
881669004
342680786
75164572
523237974
340066115
871874851
827315429
286722858
455048848
382463220
477116783
171436942
845531931
775926432
968046894
839256752
183086992
699204822
212766803
455502090
608356140
134940203
432480771
795059400
605687399
90997136
840396043
915010501
579549706
814546241
955009212
899294738
518345441
350843757
501609636
702142772
796253096
173142202
628849819
699908050
439916376
477393834
781772775
672487796
748890371
399388008
966372575
868480166
987243491
8320420
785429006
220462809
135462127
111282054
701188830
405876923
696637289
716215924
890236958
842551278
155719095
94923525
557654440
152926444
941929385
576805954
66943146
405014503
218664353
467340347
341374701
785421375
652991195
372869878
778791703
231445802
219187974
640107672
237977786
763290668
277168677
69508410
684552837
810718269
811760852
229102023
701107392
553175992
593811312
160776122
380269644
513432131
948616667
270215254
669541136
148944325
777595781
685405487
800193203
477558082
746602808
44565795
376342120
356215199
240025376
971490256
486986922
538293004
251914171
735198917
490706503
67582445
83809289
29012757
437451147
92057827
801001320
958121892
350265710
577491937
380126858
74212104
755387134
846391758
55203774
840492512
991682763
792536638
600334081
520720353
371732132
136690272
155974724
969951225
324771679
130092508
692174391
816652188
139348157
855173245
162518702
512099994
752631269
876481248
453157564
40910618
835004117
178996450
926408943
72077124
535849330
125692278
83430144
991246763
915925175
216465419
79125953
608869126
693434485
51871695
235577842
176197167
694904088
703476521
768393236
171319628
375624424
665837786
355444453
625564362
423068496
78731495
509258183
306636974
55423692
472979615
989318341
618225728
95741450
736887146
612808496
542580271
257642426
171208702
94432870
21979219
421323403
425392805
427963418
482255427
471104178
481402578
386278105
769814661
5700573
215330711
576003013
39294001
406598358
246985018
745742107
70640527
183296515
507141698
195350335
508398443
394845709
401285754
170172365
879739742
452162797
127243690
603899171
144389199
432444871
807114601
506089084
236111916
362321036
733504224
816998748
493992992
639193804
120667183
633454081
493806843
746367903
567216125
91018548
575545786
763514412
920252428
687608081
330397905
500199076
881573690
362623943
413846323
583361266
180310448
884459896
514834849
753978063
959835364
994195777
688221836
888136536
267146823
508603757
955714378
438533801
394368743
191376986
142290108
126503877
944031020
912478348
121629850
924864950
36494414
996469406
256221807
956140589
131503047
455982099
18781035
542644120
338831251
133724443
451413274
625589834
64261535
186130021
312601558
80978053
792543306
63950722
448693169
341942459
411044825
490547803
210690065
158052538
9426694
870716540
473247479
972180531
696800092
157616071
297291446
115652451
306869573
625531438
397414492
978685380
87631928
830497501
35540420
53481593
890888446
181729452
363495548
666247385
960991851
895879692
790018589
210229763
64949468
103216468
254446794
76226335
64083222
930443006
843228431
364606644
101341946
875743730
752383279
171013627
980490248
991924527
495466350
432535456
594993807
780781142
131914330
27168906
13328001
251285073
138755122
390561608
182989392
572195142
865469455
29700570
179191189
726040353
423948543
807322999
94448594
691711664
288135738
472619545
923033924
286017106
499404552
953173658
131177398
642735652
393439559
343486725
884732033
531644772
894780137
332642953
550439160
491630828
992216823
848762526
836456768
535139414
35655738
754255871
869763234
936208778
158846323
649166100
290651645
176492208
37360275
120533600
904413032
243291004
206299273
704156714
314581800
758356406
495772394
859140598
554156028
188698120
639625183
940085210
481609876
736603025
671910143
524043063
724142327
928412709
895734167
887654950
440920852
194268475
741604891
879624655
681820065
715408474
263787802
136018694
821174141
856272630
615372426
980161349
854021859
5983525
92335307
137900926
896747415
922139336
119618231
636879393
654649811
673505381
948992581
654836958
647280103
622014332
311683617
427269554
905107541
263219174
625497132
278438648
749031831
25342043
351033757
901462031
447350124
751410814
480238625
875964852
701789430
813448555
965642407
74527428
701994659
402500327
502211088
562090360
610200345
624401655
195836393
570243911
800758059
614307108
918861966
593537439
891007284
594255099
159502123
151497472
990579903
190671030
968673772
966879835
202550412
784214548
315295691
443580828
764414573
747069729
726173833
878522339
745551269
994066242
927953595
495105669
535915140
377797441
894274933
225413726
39995562
987988442
725115573
479236083
466026259
842409633
481327712
375591370
818074185
826576007
382393410
815616900
21375368
164387456
218058531
866993928
670509108
874095470
671908245
912664713
328413429
272138539
362193311
206674987
52664525
880496344
125687483
922618247
69608755
211728690
567623848
261943102
916611138
11281656
470465357
493442958
623480786
209525677
429415526
31324469
170992992
427858355
704640391
996540836
251104077
330941761
202505495
990724366
127879006
190528914
739734242
242303397
133562678
382709428
502770151
218478252
986616620
942196320
806353363
778633943
93423606
731311152
855909888
640338439
227323325
827446716
677433589
938238080
682846894
641645465
713355785
662811673
129672823
673103373
210080879
416383213
205958343
80236945
394389899
546989498
753309958
522705388
542747236
669866222
117418381
915260750
803929343
825555312
784889575
503721971
277489324
422674348
639497774
357264807
575050207
766524908
566580694
652990522
619286131
719366465
426080675
32759361
192583503
133665335
819729756
271246693
79119039
104422552
721094070
8122387
590173109
300909431
621644123
283881871
395927504
968510151
163614753
764015780
502392592
310870456
35604396
822286914
552351887
566018085
566187356
416335800
750553204
197539888
129102626
859209467
721189483
238938590
719672458
951880624
952089417
308614988
646468569
716028785
453322124
196597742
203995518
37704452
380355313
489100282
623689617
195937566
188601510
945202730
637788288
798212384
916595034
445985134
153724599
603471502
177584827
41664098
391280878
774066231
705090944
134159520
372696522
99048842
420312137
935971569
196566011
781585100
299856275
845282055
722581103
188776284
538515251
397104009
982463837
292165712
534803587
382122564
874833389
517526986
543184238
197640225
818790629
24131722
424058592
994450867
924035770
443565821
16330299
392696509
902175221
861273313
131172851
162759677
24131367
530631869
277867516
974284228
989614365
4136313
472362777
739039099
146905343
21211295
822709963
954356257
6559888
662670168
81715230
733670787
440439099
954743391
470875109
525601437
449446628
333866934
705940865
402197522
767539316
190034354
233661542
450426249
544077084
57648475
453739211
641670225
843638006
246648644
952000228
920628933
570377638
919431017
861985052
575213385
553001882
12432169
389585776
999010195
724473824
509597967
458513682
466831122
807894989
729126494
411166777
883383391
287631856
550600480
429440064
507951495
894376978
838455999
297704353
500262537
761497246
327037279
337329424
468945764
777428705
591676363
835889920
424684675
542057593
8595000
26957198
673281819
158555134
995862403
939360640
671969150
391918575
741999334
378564423
671804526
266085214
266632493
82430762
780488622
238368400
715133073
530450322
441564136
719702673
492428272
720234884
899498267
437479836
953412607
486753942
19511650
985826041
126349111
562513932
340580585
20784665
550229560
678828474
210675931
381553661
76743333
278469408
842402252
513657509
927825522
915542889
466317824
115549353
402213237
340901481
677492882
226099349
372747756
411665047
437524702
49873133
573064249
366359300
949548408
955161391
296022045
207835337
871661739
770429885
949125856
939733217
842686243
247030821
504568533
184351869
417384086
713588558
384740159
496552521
42848687
917451004
922866776
597304863
677729175
83091471
91982140
123941752
512756
226866260
556920579
494914322
575759711
476919500
997878482
355439422
991326000
678025263
328025222
611475012
210449180
948782127
102160286
453200305
911792405
347542134
898363428
850981351
495691242
73575933
503090410
399676163
343496230
824178502
367230340
56697722
54687040
720100730
87888107
68539683
796068718
833437772
335449663
551797386
984642155
63619736
445037123
283595149
841004022
691645410
575489468
413564043
651105913
805713221
444603967
846585113
438330860
53964846
142826167
960278891
975664462
135059018
566925280
414361596
750956681
916353510
555889941
89608499
609676514
429044606
225857500
875921266
271683380
210752708
655901704
74147222
278697002
621962193
963855466
770298015
132987623
618941250
32208863
746695162
40870936
133906235
855156321
871328415
340837649
77481244
529181465
507187944
225975151
222195665
535898681
857865630
991630012
51057030
600464554
965694718
891738395
120973335
500540525
408957936
401087265
153228699
54458699
307376775
947808436
281121971
421557893
845042867
76434579
301950781
365907180
212006117
985040383
352434363
584598959
14412904
54706906
736710353
63158087
504629802
175740941
158194004
539523822
645545182
177585528
178704647
93069189
871455534
554941835
801614738
306940790
505757390
558042212
974911211
235571122
560121951
297765341
313509706
22570251
805828912
586489516
123545360
192292228
548932745
450490952
644328478
802456135
768830678
658002299
101393739
279653918
582007926
165902268
8561298
194346657
909126835
422941038
218631921
693881622
745804463
397037673
47986326
861519761
85106026
477412591
573010496
875430572
837991083
65633482
638231963
844551987
512725845
807898092
225170837
948526695
35536678
259486091
262526253
396936527
733432945
782151647
556383397
938031211
913225825
629003893
757484383
380187507
824451052
300679185
304867455
507314312
629264080
990447979
796429618
835243893
810716401
414688188
997088326
183974957
49915956
632997819
845901427
65064653
745496068
224384460
149249099
962704406
539077305
523405
237211642
78020456
553708009
902836192
84019913
693341584
915087461
441545634
922739661
209750418
753939475
934448908
835012524
974544746
903797893
49269425
86382090
592597127
779967808
644034829
872462802
246460883
374349066
554669975
959943687
515946858
905787931
799500023
945339988
961445036
962572799
430992307
577811528
252282487
702546662
683585391
563017116
267497150
397827306
233622187
689297484
168432448
271260605
417453049
878637289
288940331
250065435
17025592
65928734
621807750
787183906
887323936
315085369
374875104
429686507
47869453
112491445
956095129
195226961
644163755
589068040
611082786
780976950
552831194
716156154
50368726
129966037
704378584
151694035
96544198
341486761
257014882
946817014
507165498
694614910
54367526
297600851
493195218
996625823
524463765
522875158
180471568
654534694
908731927
143845947
447124100
284180278
952476054
984458831
234668243
500366666
249106070
664959969
731985945
42802568
845713410
710098597
534071664
338799023
60716589
382964622
370269792
455917348
484680920
336129103
810394674
752781235
49009851
452439368
890354753
834451432
738943686
79102675
907039977
564247405
725200293
753657193
158726548
121590850
355449832
66515062
411612806
487103967
216876309
405159893
54737957
908131075
944653724
606391416
496360501
101739607
480844453
397094298
738431132
614737262
655563149
437218982
724476031
365018137
387253394
627231898
792329630
856375502
928946332
606473796
750651963
335721581
432022956
650619673
432208114
943239634
917281714
130885947
437079419
880343669
408013239
876344202
891660346
335405277
573818502
436773283
876194478
332992588
62255159
791050996
671555115
626065128
916727998
837056560
57088714
432100837
26658027
447929076
498550900
561092229
747274294
909156438
199201011
146937347
967089281
95534877
493706054
137570534
410945932
853857524
156417490
788284324
514564523
319349717
119807669
98035368
21173500
266454067
590375760
634092244
929080472
990110792
956155432
571082789
200411062
120886850
390618663
365518813
433548876
125713887
657729873
553014369
205047385
303619814
743095614
909070898
796746461
269446435
136372313
64202365
319971061
130982257
794106796
689169589
920137608
769661657
447579111
550669068
215361295
567884818
54922539
944968772
2456434
983168197
541968017
540774641
444593088
734357523
503261765
522689803
495189081
692727534
136083869
293628789
303545969
432237031
986863346
165643849
76346119
27277520
938047929
447483629
344892217
997361772
360782267
520701970
99873763
699871976
967895890
761368192
781934192
546291952
634954690
993602310
520036193
974397345
211708090
389191168
55146965
891375959
68104064
280168228
651260569
956333438
79501786
847357943
219527289
103624794
202592343
928164668
801393028
501779893
133704600
396598971
798575866
93765154
977268216
400566880
278560204
877205251
234081600
100243889
91086006
302725512
504078549
217111460
966980880
246155756
386371366
473839643
346195403
139514957
764504666
681879041
144220607
918433814
741123590
889571551
403135736
661269031
157801341
398183620
367938466
34055517
666699997
835793976
177862605
101528440
48829343
799191926
605170454
890496280
206768676
824205319
935258194
399044190
393361650
96507939
102988657
544970097
691848234
162795609
165451852
13735891
721804827
790928796
974915730
927147197
235348944
791601735
940255738
957415343
46264170
433071489
559482470
231196554
943575722
93106993
791283087
970333288
101731906
908535821
410231627
111232697
216161223
745406948
366003989
22784481
129806542
133179120
705236294
914734868
427385187
691417186
851811832
889114152
79085172
620611191
512401994
267120064
515748369
251646339
413230851
118458458
47828279
910233176
117105083
103645078
871310569
395173008
217255565
969160116
475807309
49801128
555297199
431184805
606441705
902283411
793778476
101520125
189335182
642376154
91115446
845770766
428496393
718619223
988936032
743853293
203004803
822352970
993183809
213596138
658681245
564548119
145999119
842728828
416276181
872596647
76097065
917546862
400024443
49624662
692887622
733319132
972447836
851118415
711535575
841472538
578030856
799594903
250769227
510757218
71682607
489624266
144574005
414688739
418133542
770686256
180051862
145675858
849282763
984181303
728120387
833418480
697935122
728263032
491891377
41659904
536412149
682140682
454697303
439296463
717023692
583798436
81401161
885459128
395782847
948101499
940756636
849306667
346689128
353099662
164711244
893566330
48950654
42015975
152633511
546599971
194219527
962253460
315761171
278747641
564519377
689808313
78732519
394248271
45478302
196513071
325365157
840822687
812759825
361135160
65899770
670146151
759767360
413025357
806726896
126977495
576010672
100451102
875304748
891581224
406060580
591849786
564512401
617346518
255237486
405789770
550906389
688077992
878950790
512401894
766420278
512163589
847469649
252267401
923616239
821915004
824176830
806285121
463697173
375536561
629214664
477413125
801658665
713462199
541438513
643893537
48816464
743625750
888168566
309794212
778040833
41770342
331974708
220946545
290167403
415611187
380815061
130344455
599229371
607363025
309899528
906432122
611006825
999682929
766436546
469818590
169637819
106532915
347494306
468241339
788863556
248106473
660552974
604383057
749122417
336187632
589094592
497351952
394094453
29600240
544399749
390164800
441211283
930310420
900553486
174860330
900462052
821451585
484070394
261963808
837561569
404726558
884261246
63745069
136962357
876077583
413176433
563602838
888333867
634137788
61220231
355880257
826345732
432458151
262459767
216706026
392029608
38415995
16704842
465580593
977121059
396488072
495589659
972532678
162489502
521637715
699462568
192518446
882256200
405375894
571750117
49298974
230492898
57484062
695876424
406723197
918077655
91804594
166282511
771549834
377176364
430083492
557813979
377007108
682236418
268761122
534508161
253684111
602333067
566503425
527393180
916404447
774183851
919559284
788281035
48701297
420470057
180972726
759606390
490768369
448437697
685804887
57448188
116234448
811797320
653937024
152628909
71645091
116131854
591870129
641226014
963501236
982869221
996634916
477151954
361319842
86221605
889490814
975572251
89464798
835765601
140534106
608417412
637251576
132560370
301557074
140455891
111499359
638030073
459227581
156878361
208419077
796784277
37822865
10900501
111729788
676318364
402723421
293424148
234592978
285259949
130239383
772161586
942937251
548294940
435271856
449820512
615399388
633320121
837522638
738996202
911590706
211426578
860627239
732616225
935888425
455052980
516153674
617852821
477061738
496185383
884476358
891988225
889270514
294496038
255683038
759652472
586227568
935190972
227219143
888218160
917698973
479847806
565532820
946542577
672118431
935124650
611021132
338156595
137831491
494353034
862613104
209996553
469889008
495294304
935501036
652520040
685072996
889613838
228299917
709235363
332862260
302301935
528348482
124611555
998081488
88583254
253598747
743842145
151064763
267630274
143297102
748304516
331046180
915869134
343402126
717209502
402570830
116627684
576063126
992500021
295951825
8951892
37106728
920293516
235602352
136396293
962649563
503733705
402569120
125485906
534071371
492181719
572020116
718982212
632350609
545963689
418034384
155175159
96753645
368882252
568076801
348884807
673506983
127276388
217725602
355508200
201280483
298539998
277488950
806750395
873304183
664509881
417387339
604858882
441943186
302677629
389947901
311451614
954921186
195081992
609628759
147826182
276107272
19180811
983243017
7792634
341034460
766226354
63598962
9060648
827875211
426590847
713986685
308859120
180527993
726979661
314888631
815134433
817868563
650233700
810184642
652174634
817388687
187196463
396051856
678049143
768091082
14343767
302416624
102468755
832648631
565718886
21650126
605929814
556952987
891240563
667428757
877632586
558638344
890078646
904262828
205082052
61820996
42335376
368601159
737431872
42339404
647924035
671836598
235273003
708423176
10896116
935200565
230342194
459743484
281437781
811079527
329920067
809852664
792713135
317863874
457777919
886253197
91042795
543288612
296879494
587368722
994805052
219411659
503713310
113399255
314375650
227730133
145387173
853796092
124060108
444520738
891958244
183390959
93475296
438247237
404027211
235333468
636335316
286355724
808582512
353223992
579022997
914601497
708874358
371205409
862026009
516760242
152980417
379672132
580185309
226097413
401589126
410290451
983675621
443141936
560040720
506438939
541137746
301547806
64703823
392927685
77700455
682303887
662071588
348734713
886405552
675454546
648379067
186021494
287979398
927065058
835047824
342926890
970650513
465561038
679220170
763094185
307613635
492588297
80399540
586127710
138472592
216826142
556853094
400978845
609494664
446138287
274958682
770484091
470644059
409390311
949697261
292748694
95482720
826828167
993788682
440647837
689561746
63474748
646277358
573081213
986716083
537320053
780757355
654245964
563010856
603834023
722256904
540351324
135147905
215413279
482820599
465600896
971775254
71398072
247321651
285771247
360652080
329886411
111196846
434645710
462390566
995283565
237966928
460035290
437592261
627906130
872441729
11977670
104474717
409670521
221018891
391505922
483348798
716564400
567434126
246558338
543112187
619588542
571522347
109193166
439121333
286993258
313249878
414727546
291643953
37775848
417742005
245633671
928721978
548630061
234578651
207720324
369571664
103579622
784864755
597551611
961512066
691187515
552580059
85490645
857931380
844448465
528142269
636944115
883588657
878248453
972802851
560716324
568822694
115664680
36783379
971485543
420935206
182041008
986468008
703793952
408808241
525066130
176556249
919632642
531933317
604117366
533251132
893313414
712691176
126058215
734668566
507395760
899947730
601701569
561977291
217520120
33513427
120540991
758511901
93981021
9923239
877692374
430061467
434404640
542022493
514776710
616746913
944214969
712238024
877116887
582499029
466106073
807048407
436888431
356440079
244249318
974992496
513341739
492557257
117580888
18213398
415468622
486809152
726020330
210650573
508057580
219877179
197040179
89346542
310554084
948659811
269294400
879387719
105505778
711938846
987639875
537384527
463536565
777387624
681353534
46403967
150765015
992252658
614630576
805259130
335076645
155013102
918868985
562318434
790864364
332373379
954688580
714266383
657049187
779777992
74067125
226432505
735764693
885249463
117034332
745186972
366036071
683047035
779272388
2001622
5229069
879590558
133212443
727273724
438737355
237802984
350708467
651281993
329807416
946077243
404999051
236436480
730776194
33000499
785646934
345509326
886339927
387326780
97758116
471823669
164464668
631870618
308888973
641891856
141296267
382572156
997333158
45066385
222868070
623111549
530945972
328773460
629635824
27178518
68283982
805393304
310134095
787462200
664918457
554346862
142687199
560146472
945610203
186046629
852138966
148239587
676287338
966852544
71087603
162516350
28305759
162707848
553408318
51194889
840265297
483257988
948423312
123421573
274054110
211183168
630551139
757782928
543299428
325436262
275436718
582818561
813372324
807657754
503814889
664799758
284537126
442939064
703932219
817738716
435042032
735725888
454663216
582869037
431941854
515886163
134042094
952666329
676681781
74363270
101620003
303028135
756524448
42755390
267105819
169548634
947691444
267195814
390174049
202917767
519831399
262884139
507540099
248759016
197749373
371948240
12568911
255590714
593724913
17563746
842749968
893156512
760117013
715285258
232001796
558222143
36288583
708067498
41185202
261894934
708309944
51896223
290831386
455435737
776735739
463125320
497142018
204291806
397535771
504586391
481767278
290735982
766400491
317522101
61605434
742364800
990166484
835632057
614201574
810974688
99830509
196929604
332207493
508731239
788670573
560500414
521708475
162701649
535831290
667487963
570493435
611370375
312771709
12350121
301494685
767717041
289374427
895903413
462229107
190377738
846646992
510388234
971349041
658771159
694076487
281897120
101811296
183686663
486697486
181850084
33851039
641210610
852827920
421013406
12035095
463498909
2385772
209452324
156091812
51328757
709076607
613894674
284780027
989633787
246755526
448723296
434968319
590905448
706320486
778250883
845000417
13911259
533766167
981825721
720570518
486927050
257862602
915007583
65776371
859721668
877356427
555732953
338243424
530118854
290327844
181648399
664345623
827572541
260416413
311914065
400407625
26849259
645164272
49685766
853758751
266109687
258249813
456687543
997945281
101409123
366794906
804395678
345212064
658263086
179872825
289945434
458500631
108792246
519306037
470747614
608174772
676295518
857742059
377231413
636958356
810013771
238998006
540601990
627824788
881479406
881069734
552964745
834800995
740653859
340378990
217004921
395221010
813631377
841937531
544534766
766109727
808287228
95186008
988348459
705749437
387956952
326513234
727333703
751246616
145261513
773195141
421757984
677026823
209829580
944483855
245304089
400393752
853844710
66067875
38752916
362231675
833212588
244956208
581336648
25554749
637745345
217266897
430969008
211867025
259011191
243887757
336947105
562871495
403639501
456921916
532901392
261113069
653261316
580647122
181788674
91809767
3191912
624793042
297271389
958371356
241165240
974040831
152449362
843555329
218286288
3357613
849522924
464405601
141269306
204451710
87970700
699215230
490199898
765697751
751665914
814957186
524310909
908373954
841855587
873173274
420521142
244904228
424008243
348409998
455209620
114131434
100637866
611673057
314938561
104731661
2234889
124533354
754068986
54265299
71268521
129385915
985271485
894420746
482311514
539286951
296232988
369756979
943376047
667737647
458676907
424597423
224534304
938526925
162376139
294469773
535299202
944135670
959172529
198762942
149292133
886416919
535701325
776393893
388118363
258856382
378652919
553708543
514448020
325408049
377276510
687818777
612803575
938292285
216705382
9379795
132731058
548328810
855747050
102951962
926752446
24442438
997458472
491043852
913022595
916689779
595734459
280651163
421216748
423214610
656173257
218348134
64800123
296734545
780104451
744453278
390061372
419193370
890992350
65581154
821477127
693087368
424906522
671992595
236527252
555997975
111088332
376164697
589851358
874099881
640703211
15049167
825669103
905854669
937669040
923863488
767139338
421593655
142483992
735138460
448042960
479519506
841101822
747029021
447131697
619002350
495065628
767393499
366680076
493178923
859072829
786939630
749259251
526814994
201945372
216410717
98565136
838924061
427149320
35042696
797307004
185493973
536747140
321630163
555297080
785956774
57967269
640863653
526247125
443300839
375966636
54562977
470831644
701127484
892520737
154012503
153605476
275972298
711399548
760085050
219457143
283589544
914697048
658572872
903460810
546176543
508107335
718925945
756305014
801778847
628980161
469236413
216700389
899342834
160804846
241541890
525803473
929778347
589971206
762140793
867975813
983184468
996916721
186670582
683317555
948629436
428171196
563463959
954569034
728577393
124262096
972080107
760652600
279180897
679103772
180354017
961693462
616295625
161200174
657074967
616334828
973635657
855002960
818744165
171309474
649627063
472397410
772087501
784777951
35125082
781334119
689164426
420237204
653530433
321067294
919010725
748143508
180742786
182026287
5771562
579038611
180417149
132846952
362455817
685800086
191813057
940068689
492927581
251412207
378497642
762409646
264082138
839128668
578438901
497032138
924781298
172726086
223911825
493863723
735064307
897040635
461609521
323052263
698062757
255102032
945676193
904138085
419157493
164637598
901541937
929139431
728367425
160962102
533547648
432922307
399198435
772431934
706746250
858785119
906503701
194639604
897931163
929870297
166645421
710022428
72757233
733293879
258053065
756719765
199925524
760094481
197489486
142643070
959628127
994182650
764985714
192276520
99580300
778898139
885765456
387309134
442086104
637260182
668148686
92509187
376213389
163192654
542080198
465733348
742353250
467101039
547503333
969519668
405129976
362568541
737080892
932229464
492517933
942301065
819280943
344931015
423439868
371784649
785193406
986662183
696830267
73049235
325293940
436119602
819972313
888782921
702375933
889568972
22996669
877463962
932720763
574542336
772175374
991299475
948328214
835885805
48566644
804472855
711277219
460423865
23718829
575958537
356045503
86358713
873168239
7237182
969433298
521557808
349008522
821534443
21931997
306687174
335578229
83466540
353728164
842598677
618849226
209488345
642106990
915217155
937438969
518560798
607844917
701245600
285877811
953903123
371720303
232163198
867082180
936903043
489915231
117180854
735375388
83668643
721335645
765256556
570706753
261985273
59644504
526464986
129609323
815161067
673604425
377059733
712208642
65675440
554527436
228895979
260715228
922548130
720866117
186892304
4894914
654102802
688927763
504220724
292517966
826748140
714584313
42808770
173170024
203589158
843140919
856151915
863488589
350146663
13865771
158708161
803780826
346806254
211886025
335568845
939239778
280643893
553270113
487684078
389752042
572540795
534031435
564590643
327453290
93412036
35720912
311192844
992281475
40751956
565494260
504179265
302693132
656554797
827868915
521784644
38468167
532190449
366623288
884743588
77778839
766188594
62896452
649373535
175298707
510619039
47648956
614199944
94711818
629794357
941267214
468221644
886819376
435440378
985408786
51662284
461418459
661474630
392086679
920154661
623087735
985498186
13510929
405714587
160434597
740630126
695670655
398941566
931086514
336554332
293039062
651238752
283455266
645642246
935967781
980649659
998460856
515279681
829032507
598178159
140367483
716727981
318444997
317836990
672986322
702032532
441965052
125303548
484053432
857637239
280224419
551495216
387875369
272684343
266955925
390144605
63460326
3028512
747609561
565198947
401524202
280960284
184747383
554337967
757069195
955450503
466256760
855108089
477942996
437417016
182723786
953021421
451693856
879499533
519436040
607559120
513355125
959012964
750176953
508646299
52976915
229294260
806033820
57984085
890624933
76355258
987254005
798568272
605691956
173431464
892800308
421727645
303248217
604934013
620222129
48925357
420187671
11292517
327019657
532575842
133957262
248018324
418055692
839353999
472104264
745954195
57277752
295961819
746030273
683375971
715333297
191261501
281999722
367026681
204284045
911991915
332397775
765129686
433861491
142334795
834451673
917779378
950144164
665361856
456679661
92202006
241684680
351491981
391003960
859418202
113036956
234673447
241082290
723358234
751278166
141081689
593043943
947566500
342773719
198841010
505393618
266296098
522736509
985499109
731702003
699861647
296076342
760226100
716672999
652866535
988468180
477751563
670452137
155287494
410407973
455025926
945684363
752870571
536049002
597316179
23228288
223117173
309306787
26939970
469291874
988050000
374851076
776490800
130641555
346475939
94007307
763619028
171405286
112515677
824239311
445542067
351775012
26065656
340687757
818081457
432375210
72714986
339015943
718801334
236328381
861118931
578250155
171386257
760026430
864724774
942043783
249550760
124960179
271973050
993161613
40612714
831170160
284194016
638937313
675503674
657434460
823517217
833699862
275408090
824600094
879721780
850462659
362605061
339764352
437629066
600074921
94188536
368837529
438400743
426329559
15577789
609111009
952347658
765432618
691302988
922143451
995094605
999934137
379492120
780774078
763478627
811457431
888288841
957658022
349041985
873780239
802425142
234092134
974862097
841177513
375727675
829656504
454620735
555580293
898624422
797090490
139909480
443211594
25609157
61123724
729021908
839238928
942434684
270621069
117283675
11133348
577368172
218634914
32215989
967820519
632731910
393417861
538204922
502444153
672390838
797407959
481067086
386915312
299481928
377739445
442858365
329637825
130930124
896816122
216685026
766901840
715845407
71268676
458947785
381452411
801551023
49721778
938312969
28389860
787364610
485142345
757754878
190996394
843655746
169377550
365538251
860320461
251651597
317595215
738348685
291881356
56249484
794999521
684271122
999969657
943747964
477498121
295282870
9504078
67311210
266696831
89438657
355960932
713464040
812110593
804120689
181090018
772104322
760150174
588187107
635988262
328550079
129835606
118622997
608153458
287504891
58210457
477821117
460163187
166841806
348722132
360200860
592782915
703063235
844378279
772856586
817756180
641725232
926309930
858697967
577924245
328522768
42091744
464850998
576333051
980300656
133337241
555800613
735655202
805229499
990568974
648199557
27943152
672102847
404414107
390794565
638322147
513031244
820057971
155158325
289076262
495263607
694042123
450847321
94272328
202917277
884050274
152116582
124206919
718729768
901223436
308514114
351694352
737705021
442561822
980009756
881410779
490526443
420070666
654081210
596856095
572996074
491800841
490620898
109632030
542117914
451387192
965536689
759511671
910963116
921801424
47327960
220092615
272494914
426531613
33721692
998742937
500017130
89863459
22592933
829203612
332468355
853738969
265639905
140667185
871599779
110373242
187704800
332209860
970506496
852454783
692292232
206442465
807633543
768984715
679882145
661149461
456263635
672432781
30733981
297588671
292462907
140459364
957730572
151256706
845103926
99419098
642989840
884278595
972943966
668501177
937543945
555247139
221559344
928957177
570014376
947456828
959532233
992376711
790181870
499499065
278119127
933048800
805759844
751883160
159172581
398917748
12016639
513805751
370924476
649357806
398942117
66554577
742437573
793744499
533115800
775932802
353345981
363424611
834473430
113732806
744206183
632937697
628802324
478778804
697374821
907578662
509878786
400203800
509491560
741670217
679112678
616510558
883425779
288838401
740084258
934525516
152149179
935127225
701751258
593856887
615979620
395374461
591159270
388340824
750848180
213395175
159499327
735468218
292114993
951633495
517145713
19643531
221711456
29753789
693258732
539041604
433739367
480850198
244371387
866328407
893590153
304214585
552129625
893257347
338645867
111164331
649723096
934146137
350397395
137428123
952145826
622061945
468352909
898340295
743718172
9979167
717264478
988317059
712974748
311451122
985154001
317698498
324468829
988064696
89485146
884518917
367611771
332181155
506941271
587529104
309044068
766449073
456014018
353024521
333952588
947931126
436335511
84950135
375105989
7097048
616657243
61071788
955364609
72755814
197386470
218285352
650098957
338096509
187965631
6330360
153934731
94568465
424124859
85897029
66035093
714422699
503936501
244479247
464613180
220687458
252961510
891561301
259438174
133527898
915289690
406833873
736962153
937605360
723902807
582221660
720385724
331492014
459717156
876568630
766120863
868418678
455650709
379793400
424271915
846547217
886246145
159103626
107640095
919413612
91785604
191226921
234199743
613116428
696738476
508723878
765470662
530259371
39560457
378592486
912948702
735334873
760522057
473385783
14416656
388168699
991538818
402626782
694436910
68124104
576112817
6986828
989852657
794321641
131427232
449951867
526505132
755927318
462678841
694362533
644127198
128075631
715855236
901004235
178912423
336013374
290006041
961719899
35911146
749869783
114287029
865643430
110724805
837755384
45540572
552565150
690862897
550876515
778309691
159312768
619458344
791052467
247573024
726937940
533613421
753130575
848132335
239785635
744722445
242467123
165876368
192451229
678254162
728512653
376282866
731409460
411077366
131067981
611963038
955325558
616594178
106115563
839451784
219761753
227608271
2686786
700795078
910359184
967175452
967706961
526847483
295419280
246631237
563161944
634878282
733274111
771521111
413987657
782243505
285355475
603241121
578605468
108953473
108431884
729703755
346161047
981335077
259451144
782529035
900027197
66879676
116503164
158167046
952186256
114621102
960873420
585315648
715721244
784170794
642362190
855010978
865523539
849528013
599800087
464855840
641174590
933986348
310391119
134050961
537912818
729777185
434528341
831538763
37324494
198058040
779408613
343215617
882505458
923007912
710773939
987141571
569820564
78534739
20499317
302515248
818071785
190797247
104579324
497373115
943906315
446660183
649845102
804030869
888867572
360681885
836951366
616500216
486734292
497258427
215584697
940873934
586429811
20808649
802603652
61938938
455142317
982080101
936517163
738373031
231160972
799298930
455521807
714613326
601880202
912963840
749476897
965969591
953883053
508908207
626148614
711246741
651465426
983419606
662669764
183158260
105426968
425585958
613340053
43840387
813902609
467702261
948128167
134342982
4818797
738299242
578452684
768260226
617263712
135308379
96517204
737056019
282872292
950715596
114823594
357093245
704312697
983646957
627059593
458177010
488994680
800855634
195641438
526224619
277607260
170909509
286868196
155857917
243384646
805523680
445372983
445853708
158537635
172364018
295699078
667809056
21896106
729057490
718181018
753202812
739708578
77222263
454581598
909279131
369753664
622101742
832182788
625278184
488024630
375983220
998966360
390608854
271052670
267251008
208532668
979319844
713117736
498900621
879461288
101427494
879248053
699007927
94357857
413331332
370691062
153995946
609147000
873148886
557113339
801956654
195183797
893372361
983328191
387329407
582937807
9499952
954806632
124116533
650874331
851884847
836429974
991655635
575164223
932070667
859251420
270579467
52587647
97159745
649615379
412291330
200493323
26395154
831811302
754861385
137443978
191974267
801003464
535623709
919980176
883167738
513810810
919231876
687657481
538635373
887447278
969297270
459726600
244795562
993269865
912502958
870221461
41023095
778789084
64906545
958020016
501830705
194902561
395526205
886128753
742245975
585243029
95409330
928166919
376939825
460237073
575938218
628133716
716456802
555704128
673855353
959070323
558295493
89715513
832473182
224879291
115109399
992066263
651244434
850086461
922865127
835010558
571745839
392281551
287803460
359425112
568821141
559044136
314964461
514404978
685687553
454925631
796082007
459104038
831984646
539142220
819177558
247521509
633848213
435018194
775908166
334268120
400879943
129202719
569270212
828493038
76468374
7270010
768124099
300958372
176646422
497418168
165743263
497686935
646819622
963445828
97023990
892846348
105025443
865205981
746761385
131700845
690670250
910553438
117462678
737571132
428659961
10660026
583723382
478725653
459887083
219692547
808117985
498185174
558866042
743265529
491619008
986173014
640119073
372891367
493089863
620859884
908454550
311219785
7374783
763595794
447955089
496957325
525454779
251037361
529133364
242119585
918511276
900062040
454687606
486903269
305140670
349089901
769748693
266401409
250978857
573160946
499335445
113751641
580565682
976076849
807530098
40603431
275486349
601164732
706878787
91912591
551035916
14702042
921111046
45985754
928567518
992860465
621460133
935788084
548969908
7554479
901602985
506936664
821464252
993259237
175968860
126456862
339104112
736571556
275766316
64396846
85203927
261398163
805539750
434523306
278101451
655741910
861932659
842309133
852767207
655879380
642057926
735378176
235468303
376673348
657433814
620375657
223379812
871362722
413851857
78506308
750585558
518341789
492183714
604632336
23627654
911755366
360266407
28297771
212453039
861075333
393971989
556712240
27214655
263720426
228937488
746153977
391475734
720056039
408196764
527676140
796224527
4431677
610138432
267123569
265295507
726434303
216871923
769674347
583716820
28183821
547656444
88933234
28018264
39216115
891248167
939149501
756803192
526027049
21079744
61007158
668011173
271973379
543360264
607171670
806363083
112202496
851070016
682427231
652295734
55109752
50611681
868555129
998721523
541614492
510899960
599292589
688791349
490074442
529017992
96333765
181324972
290278869
763559542
149507984
769313612
449323639
681323821
755850919
302933581
438430995
719985197
789414522
987418486
985618018
843770129
664046782
7285136
881128599
522856415
792323238
775954019
654190329
292356950
39312770
865209726
437227658
268311890
544228324
922643509
389471238
636910134
431413275
697981754
738609896
426656633
504058063
785518945
734439790
793595593
39267298
73604272
863680461
245048301
166013482
296721820
129707757
863666389
123342984
347819226
339304826
936662846
48351943
165795393
23986824
996718159
334352776
585527082
87716464
106152715
666222517
36557086
511950639
822415855
683500129
996344575
445643297
365582166
733787863
835826059
471182141
397259114
504917705
809568354
336011912
670122650
669512279
426380587
177200377
133129159
828948489
929712865
671773943
222886965
947115130
465313512
956644939
470556776
87077228
172001906
463512731
240052619
258288860
20669219
924618683
949742936
741227550
528631818
620166847
690801652
854921727
896347905
518824630
502193573
717186049
717864022
584514958
801890229
316900368
524707787
323490360
775062265
631428050
882498822
252819946
693446575
655809179
536268792
809050083
12500740
658804407
888442440
36909127
236348512
312000449
216960794
893480899
504328039
680959449
446931152
726631534
211536173
855717367
539059918
141876896
459554619
515753951
642409669
765590735
848349371
699965875
526333119
987124639
108626795
693337651
922791420
264453687
619740731
326287656
79778038
91957285
595405806
247931706
344832171
531014005
873017768
133746698
780559316
72465597
171037403
390604076
530232490
795657644
433269250
586820765
649871890
19387156
285006949
682617308
341873686
557706009
559497185
315675432
890998139
392092385
996536207
240899188
521654923
510945039
63563281
87571744
251926894
457872774
78586441
147798696
718319405
883556778
600722468
640436494
460782
444882932
951259536
835328655
622073464
486884175
977017100
106466389
874288825
847950099
841905868
663681736
673782228
740876252
402420821
819558590
162796392
408431644
270677163
779397689
158681525
977396835
425600373
617942612
12354529
92386934
204589005
199403330
540560270
419142038
266628085
310681582
109971148
912981
668589408
984435698
986671827
275859886
320290532
459298652
582522836
206822744
741325924
743565632
359869135
43777859
795690588
376137459
635082014
632455167
394348937
616102186
85771872
803783747
448494937
578424003
614401972
550262186
818535277
732038462
89829888
793367562
614247821
221926592
378747717
863872948
332148550
29251588
622311564
316327999
101273126
909012149
666393104
204253628
590386363
200508001
901015528
159732904
37619905
418239437
230666628
275489348
883637371
473699906
841216995
13253669
750684213
302205133
211860010
93673323
930644056
948179066
722157019
224455655
306151835
14661647
659361143
6773555
39350884
273435791
485547431
669252022
595320068
859467383
621240829
378075724
453770615
987067703
875176725
172407351
513302269
632298913
910485440
993260403
208721814
682857067
198905181
967035820
979336625
235984519
271350624
772928093
211637773
316523559
200213871
129784525
129423395
810623000
293332646
126508068
270321345
39451455
151822715
11036037
184973813
706135289
440139844
267254763
499591364
190528031
284440024
736118917
959652598
380447711
217413694
422443093
148142513
551191257
910353291
448506398
468067158
552680212
705536230
523870051
688724379
943947235
746135047
235317398
167920467
154211304
347091266
878189956
841764636
630680154
502240036
666705188
862734480
351058572
373996238
929557610
367864379
272944095
382020254
516429710
112925381
100439707
808101261
515119656
345080865
27227105
163240748
728493461
658210093
642618181
819775062
499687523
542350268
701376475
126003500
658369533
378854224
540178720
802744725
427571007
530102778
930691704
937529814
276733322
888788293
701636312
12421573
611632513
498627070
955218655
98671997
300972817
710079078
214496
274584736
141819068
702307155
972032394
540688091
149880162
375975425
944481245
430408291
220917344
497255706
782444477
4219285
697380679
209481421
95381476
575347686
23735191
117156300
942030466
524727048
902249847
611031234
408879334
662634032
802606171
626492659
473070571
804363568
178460547
599156125
663077721
955239145
207375176
884889292
831527689
642648414
859913095
665775409
642298792
307499186
223865059
478439546
594078882
282417082
664399880
692979406
179660129
89740867
788038495
532440698
249301023
995698106
153138116
738858426
195864830
273152739
436936179
530888831
471130866
395795616
497555891
475327188
958253725
688676361
991950203
233795462
231148067
528108593
823403212
889637505
632948990
494793386
386619009
692694001
491918458
367845289
983269635
752372493
724832669
252995735
377997550
178822414
861080169
365630457
972566598
123432211
658958783
886445468
708961019
890546832
476601221
594441886
827008473
575998784
472566990
21919315
705061324
736515141
109360930
661004056
207605061
286003426
212542131
675216529
725916024
586113128
169071042
475363423
695332860
18888666
584578379
157366388
90178622
683095070
603862773
580169537
879488036
415861107
883394783
85520767
647823883
71423897
991888604
418315835
228931153
447968545
822463344
955731896
39362904
216876103
209945033
871236861
662459279
45819347
170065772
365810116
325511568
959840327
974619164
695287060
552858410
452706090
656747588
61342925
117883375
620391040
974213016
900505886
127288945
885468788
16010306
195648542
88313450
793833149
468693054
104613009
590457015
471498023
490881231
409429572
160926161
381339644
836401228
253188756
678113826
258042342
476204298
875434708
332362151
828536239
791717310
822636244
700201407
949560558
309769602
627157296
256554074
317923835
319747709
233278848
890539488
278475336
901151419
42152860
932149875
950671528
551538880
421936749
149390884
235923238
275275131
454770020
88888477
812448388
498355546
457822261
971017460
167187133
405332745
667102096
62673266
410307828
553052967
552452849
919553251
393275861
12792698
704563655
443017251
28095618
105915843
532979786
963164685
580723473
737639200
275463390
792403488
794213703
738001029
344323040
894411836
659365273
409901439
915124456
208208785
754514896
273608675
22227810
262109987
407708360
11791925
188654124
799007970
17368847
464081666
846796747
1870376
764470712
816108468
629089316
281854687
922194658
199474144
186888864
781250117
880778370
83280765
667347002
669388365
189493807
970829461
421345673
863808555
747518645
743170396
967811910
415535130
435217504
771218240
880775931
902819574
969288656
813945631
697514333
477249708
762151344
101035432
815317525
300180116
584656788
345590493
326242360
291010088
710783943
613723051
610822439
686503622
974216033
704673155
195653600
171510388
486942118
846158904
849485011
834494865
243306532
311995834
180693061
324057919
101025705
977330154
153766635
652537996
146177647
459360504
30562529
893344860
365775284
883694931
970550993
175380522
579011907
218247229
871002973
836291974
283771235
956706974
510054394
725529144
248707433
134393169
376262340
648440489
632552652
898871849
661174811
690804538
875494184
724753861
37046367
499128535
286767211
316386946
194226939
244694226
771061433
571283098
395204675
180685922
568035455
958357161
160079104
567429153
91913867
171092824
599389181
328081449
564520807
153438014
503502285
87906669
846335406
610503769
573679562
25188436
974020132
680861116
346254636
107688329
908383777
919295872
366193063
902015435
198730709
232348096
616872981
827291474
903371689
96552968
811745864
981658663
76829542
59863464
192768090
591455053
463960684
210375232
377642165
614290080
212702625
120065025
799240435
770234026
456633214
553476685
538039630
697369520
773059822
661105768
71000631
399581511
485235433
347706924
290711963
516158454
405159852
658175704
336823279
192716350
996532230
819525776
92666675
538472694
31778839
508859883
337135401
431842819
372088765
460328828
992314675
372023659
458871415
329701337
303674779
665440605
124380155
460946850
180068779
622654872
64505919
307325933
502552333
521664388
456444885
621616065
890393200
640880154
928922720
896161060
547931681
347249049
498702058
862690835
497201733
471198400
147347782
746152327
794051810
374776325
512499156
465586761
167490335
590854745
348507662
611674361
554483900
828217374
506456272
143812701
268883388
248453874
923125943
470193456
553251061
854802542
127977423
675073869
992447309
607029173
960684591
645446276
220321813
466496281
406831356
420705765
695572573
663352964
908828875
43598967
364434992
384916441
502081943
39555480
536760425
317423683
814633336
354188385
467737583
335658274
196701513
374635214
225162317
70092560
300361505
673925842
413206910
294908516
881942878
110244541
301829894
792370592
908820976
665400051
851031684
867707753
394939789
674098663
108408901
640683138
487356037
430479956
523909809
394279
733638635
564660515
322457906
509192019
670672948
734208637
765862808
211529622
188252832
384673568
939953270
41838592
535108566
692157833
77619883
993580781
771604102
650827897
297353469
939548065
772463919
911325281
996471672
509467487
101382746
116548734
496818193
654230481
605623520
891789299
645612584
626511581
400969564
202477158
944788162
988014209
731523185
834215247
343652764
829902381
260814934
116287482
860439856
639506897
369669608
573736542
830229529
170004418
215449008
394547083
59093700
422749308
881012204
717912691
910653866
626618845
25728223
277021874
505835230
955646319
407469847
596630225
246658873
55366299
804978655
747649683
606917616
703686223
775872801
880421815
556688142
171574671
632370397
508212776
694279621
358170590
930480341
181130422
983258118
732130244
658713141
768571089
63232808
319838525
227241279
462237771
663669397
54277000
899645785
499227750
453533992
84033039
611170049
819552080
89684235
340098580
281562429
360524965
959680381
487783943
391953559
823312364
235432306
773905032
873775260
780375699
613429562
482498664
601818305
575406446
884528826
198909290
632755497
198443738
960321455
337863459
888162747
752960726
787750820
720903875
897256042
448894602
961970580
639601540
348946465
339111689
951565299
220105292
682741924
29132396
560595380
819988182
503854286
309331750
555319686
95297661
322221455
526343877
309441028
478409427
459306353
817640807
939068007
260858728
279161838
463383481
153461053
864500816
14418624
211710031
839207752
296318354
437503333
626947758
313047285
806591551
934730837
587897410
338374874
89074123
826125258
11277834
482409947
514076335
611766419
632732259
108162292
99849811
744792609
344763392
99437426
143884713
348868621
193619774
869564604
712310930
994342781
998936904
279077988
728072219
65137072
850682674
333215288
630834853
112326645
798690425
708738641
267202928
122013007
961751781
315863532
578902564
568759169
817540065
539737088
577122124
840830029
331275224
205009701
521880006
647419456
137498510
426113297
2275336
198943531
998541065
375524281
431386261
880200932
773988278
632507086
273722908
515335100
14747203
163956059
303316820
72002483
568305904
492088905
635113792
105368334
490602429
127658912
57696076
164997335
993895778
473934797
891536949
335470597
43900789
743271553
627615811
852424927
282843201
195406287
743887237
713859839
7740119
540139769
969509708
567881809
736129442
47688201
190600243
185908450
45915520
570137233
102572275
1382662
233735701
491975978
452378694
706411055
460561484
359223953
450334188
816350847
376857514
420257688
438815430
418855148
809189775
148188999
694634087
586799461
78173365
930950023
219361325
914077015
899713018
452419537
179514804
811924251
946075486
361970009
986662250
221131407
174763296
312593377
191591228
649650780
153995099
707009438
156672735
493091672
594190605
8893296
984899979
507787627
450123193
307264708
365493712
201073698
113421132
271513161
994471127
684402978
371025853
547623960
735586259
785424851
238690948
378236155
343850380
344332142
667602186
359856485
259718737
672567254
9756698
445603528
659567924
764446363
656562940
514109797
993607268
365903382
442449859
827405358
943746820
807010456
235614864
548311037
509143971
784287499
697964657
997532486
567270977
433488061
884785731
121022467
187387119
410238427
801831513
289818904
713540143
877894132
528124243
466916633
362889909
668068347
921522274
498691319
442070868
382254337
349736152
139514113
175943348
536257253
36836283
435031372
785109790
213065782
765567179
20287976
76932445
276601245
667303915
136298270
441728563
969608284
778922702
167331735
262344580
911337378
187334670
524326684
85119152
691531090
862128512
47489911
547106767
827631881
379601958
260867971
678873678
164124244
316488897
383196535
186548502
442098178
313666772
454768867
821900139
253461248
175683317
806378828
737853817
737708710
510686792
62075430
819265729
775069774
536622700
315097846
336432693
495420754
348833570
664268501
710380739
256409386
145534281
592726994
246801066
828810459
299466021
463737079
971519193
254084474
442412036
62326301
398831958
102620312
47913890
919827539
540530339
476557072
546364664
614282396
210815918
407821886
934730436
181591137
943043028
839882755
773517992
492466202
416211951
185430230
583223331
508608890
349374939
582463337
456891249
234209038
148872712
955976451
876251240
667423664
735899457
616950877
863108898
39251549
712188165
246462204
134597085
45103337
370990751
898286583
425698033
275259457
28786071
656659194
399872043
477802039
901716389
617466232
869791353
731023320
262682360
806752613
987881018
775622099
153613699
396586451
322102677
684725439
186578580
428727325
250174597
281099497
980794085
211376506
157401910
404998639
703482919
912378429
406351445
628985769
516177888
812787012
38477582
9127663
278040332
644569776
631697191
521259307
600330006
849092183
362560138
703475077
464495649
433476332
48391510
951656934
928641620
574823456
196214117
548262206
532038968
766593067
416018240
43919424
772171541
922573845
214307238
986385253
661484768
921398644
843555015
321307402
777920532
153882866
521873513
793898439
939273786
747444172
396364978
861838492
295239019
206013124
610684729
60297194
650875063
920748318
277193333
501933157
589344376
26068658
624202754
9762250
590716231
494256953
699025585
567796536
270707304
805090955
562021873
557498774
781630869
230434015
900364588
923870008
610931353
370789531
320916022
378513365
870516615
324213669
887834412
500649535
420846448
928922825
628569351
213142534
223642653
614207754
476505084
719396783
643477121
98094687
490243638
571814124
374217158
420366419
14201701
447512407
188932680
322451196
399318395
82963503
542140390
53439033
513267251
529081178
489098430
565627657
777213110
280305811
18275735
861598331
606441997
15079890
592745668
51743626
460760745
452499944
37430083
93967542
539245616
432970126
472780610
791528298
773052577
288328495
28470093
969431173
713749883
299103913
279162854
600289685
401488641
737328252
699789546
657506905
821522896
669756813
301419701
100307286
738310270
893233544
779501952
275905101
735415822
488441302
625324272
416505031
771316826
988800581
675480267
67769003
46937860
481099653
437975619
31512885
974679561
931159473
600929311
85619506
428205418
404424576
22371748
520953098
518102951
166108748
608863682
837800402
156291103
722683138
305239031
273327542
67365206
6686145
665247647
699361124
582464918
491906790
660475014
940998308
709485717
277147551
433174787
417721268
790771413
450514478
420141902
758967118
85798750
47389935
772795979
367300524
84712452
836077815
310466775
982311978
570893301
78259457
228156698
420004998
7854023
763817553
710929013
664371333
151497230
527242083
290116449
75948017
343799966
299733848
984308303
404550772
712795483
621736523
177172561
918121124
200972670
367628085
331173112
727165143
160960702
833173557
261357933
990003530
328340665
46407614
633246584
817587383
938056703
884842350
480332155
809602966
983714269
161187252
189372409
113197381
422578224
130026790
416600609
885575090
405699637
926632300
523628571
624578802
513606509
422734155
861942607
191641397
266814323
697917797
634708203
553642010
846542761
765472046
539099170
569847771
791781422
599222480
21182498
164044051
20815925
357716695
224432444
956158012
892560454
151718481
716328103
562586167
378140403
626012185
755002011
26922997
924766511
359591554
350289982
158563745
903377506
255595067
584365576
526941991
613586078
356570720
177614049
402981719
289570527
204275541
332336661
798714699
305083050
464050724
765977763
377390556
372647962
566644742
478240908
197632723
983163590
180548642
146068450
419955483
620128755
118740327
999665965
850918378
785961303
958688378
585787709
566094292
993283441
623843226
243563861
393764299
524293493
332241543
4318766
229230000
46162982
732052920
73795168
342354270
469463732
483842123
638566270
802426543
278218063
285588803
583968089
295362162
701061187
259399727
180605603
293054914
749577597
449214439
386363359
777497216
603511769
421831563
936595276
863096213
231457577
680984128
353531807
871971884
528903369
213235877
966608208
899088360
937086659
112713389
331165085
708335500
301545115
611305336
22313301
748628548
792013899
809715968
385075844
121030149
434806396
982097469
34162592
338388317
597769863
165200295
546034760
895538422
956338346
255312654
276829461
894238041
526804407
921129870
677530259
984353610
379581044
304786308
361074108
679083550
539875818
770166930
947665919
342843754
590622786
826712836
149017684
196005240
988239882
201536211
690954486
634123498
15537162
449576085
648378565
247447340
413582601
814642078
344923626
802763070
253504565
913901046
627424077
21039186
617428036
350223887
750393684
632176650
709748744
111374410
114489773
245462161
264488954
214060133
777988021
82767458
716229859
422118247
931283145
438700555
540085922
746253701
262788384
563317108
824500695
583008871
831846075
672980145
535837981
763512454
445062962
646857343
264064432
813372174
500445178
696761084
368516155
343933498
950316213
775961573
108780015
805283742
201387479
867567583
124892950
463976318
413490549
12654697
52782312
36477722
53084791
706951689
834404794
159783519
467562290
393197529
462654070
999214796
946943622
775208894
497264280
118345321
545084187
129140546
595546307
326155537
883574332
501806037
842740663
22406164
33377406
862359248
645767270
340954657
701022567
43773730
660229761
752000610
441124940
296440611
700373572
593325999
333561395
863895524
247687140
656235585
113326592
273271471
671787797
144902490
449142968
252175569
252597310
916804488
857090263
548478892
955845938
248259411
775247600
607703071
137235591
397702491
777973177
393412211
968776815
899543362
477192411
327376992
108242754
632859463
280164648
240492087
643458699
189335806
996685033
499969454
804484567
526619953
278109379
682542525
94484671
689021341
186413255
263501651
95773356
224533943
602806776
466533068
810430162
581411126
913368424
359871463
389742059
37711907
864437151
655883147
490338092
162995612
36895557
159140942
991706377
485876688
718721949
312641037
850880178
379200569
839445511
197960760
161330594
536749799
182644761
56491263
832752144
976944797
576702784
798062576
56509832
81801297
845154020
722992765
567662498
962890751
765824722
820932095
647726225
848939730
606880348
427804245
975072152
545269650
581131685
434610279
130681020
355755778
483981593
410909118
987246744
369164681
449746902
310122469
269299347
926283220
511870977
962056323
109396986
743336025
182498521
855258512
988049449
943429445
25341890
328808469
642103908
153578785
270059163
321614833
972004116
838668030
614692033
673586474
140149521
501031898
943288575
544143369
202618294
688300503
538818625
921394907
669835815
125383293
857815781
677792190
752110051
874072894
168690277
435868434
725088657
193909152
173191971
503473908
701997190
670068001
912181710
774393245
507373598
902834339
931836665
346179272
226849555
485890927
252855455
98155077
46723435
270265227
883709840
299629225
187555806
548420912
461787272
19982490
285242800
60364741
389718057
928839553
179565184
513688209
30678394
274818785
128523157
745319802
745949282
850717403
328688813
811494093
91978665
224751853
145392357
36097046
910267069
893843094
428678048
458754405
219918345
503265722
674971418
931758292
315770686
389334447
5101821
92938985
381218280
520833558
616220624
842421182
48688460
531804478
526937467
782196046
671039380
599474430
628640084
498247157
402614614
925191425
321114851
456037172
118395125
787077050
594449150
54957743
265342058
838877178
896905625
245374075
568506338
789815500
272004938
481329923
580565115
541267976
122207364
759092427
649378351
474697479
692332505
538464336
574024762
86096314
543873315
551036483
929816811
394090282
493639632
339129106
152807634
369624277
843894565
992376530
750233006
975987554
470168241
951503135
792159503
150809973
945368519
783935248
230372388
618322896
531321863
789511464
966688625
593150021
733724412
131855413
789369645
392677529
230674644
847039489
905703946
614650897
75643049
908841378
878288599
704457355
75568741
520462559
680921698
6820654
362392881
647378608
470140975
13985816
306666839
58550749
517469995
863729773
793193981
186644100
148626662
337542451
328626897
68932376
654700888
731192311
393864343
27330845
665103579
926264534
79332759
187590550
589864444
707725574
757126166
679193319
264299411
869476240
403764128
157036566
63569496
139969181
254486297
740107764
813825915
23651687
889047911
985886850
57750511
745674214
548578133
412778772
222320664
833130027
529090644
875405784
364288812
163709920
660077710
687979647
902995201
319406268
73968071
26174396
761722111
35083033
772151723
832149044
952782106
226622836
670235614
677830644
957854005
777816739
771265729
796982018
792120220
564112109
922147910
982626496
505678334
894825919
506653626
457722168
483904160
575030837
127892280
133746940
748066217
469951747
717969314
569725372
872715655
103120511
646654987
376853186
770901364
758082390
748131407
25189937
859392277
291777710
342300608
53261149
286976946
967259649
874732600
128214360
805563587
994711609
114307966
924796342
365459751
25017725
899065772
717845586
155215113
414888076
779383739
472197090
990296634
289325701
965586656
375849942
903238960
265437478
919426697
819820281
728152380
266315743
758732850
94885059
924638614
518025923
666597986
613722422
771649587
29602293
265169250
931253147
410366638
755929998
132134973
345311439
337845168
939802408
387177156
225623848
268285212
803921337
262857249
17689913
102409585
277802118
67541753
904674149
617430109
651847828
855551858
863397418
78091520
633862284
873264778
976711371
22111321
475395568
92035894
351923106
170356838
936354525
210979973
520651515
11543486
537213853
747898021
75426958
865735847
242112867
246804316
77146994
637036609
221572036
568251746
26002616
881363616
637196639
354797163
417534386
840186241
376664452
794680287
353956409
715321578
251815166
220474694
313658961
508466747
857022962
206656411
990172686
612496348
999592804
751510435
214529903
413485421
156908937
467187917
44702993
577207064
462210490
479041615
64586127
53580932
888080610
112458456
763629113
865508603
115473922
395608329
35926500
181994464
629287783
387297555
285030135
118975189
661806077
194673057
407001085
824504171
516559143
878040122
611267213
651794864
116717464
79936736
831957639
367078001
661183362
459593509
988840001
45749652
504010135
973945382
471976026
273193875
5044750
902059925
961649887
887016152
536174485
73105501
432809196
661387271
611500627
462385715
714077505
58025829
874221901
801205823
67048921
674221285
595688136
581773408
611477054
516924659
582206437
156337879
412926091
902948123
466104277
377642917
193299862
14804033
483469290
977122803
197351402
133078184
387680293
350472467
570755125
34509834
432986782
259323646
624491398
519308581
535881263
81531162
289492899
879258187
319288402
209559945
283912467
948197932
102139763
320174456
980697294
634624592
585448032
867932368
779361435
721080291
486187521
996917093
3798874
302171609
617383236
363892520
159571412
332280384
930066250
323472558
162219808
496290275
899519409
173952854
282450212
607531252
713193127
316888002
971441340
210337296
138580898
410307566
206098340
703059157
289027798
69367363
256679488
510250569
118559879
153207264
780362228
905403810
746150280
100697632
643585139
469916605
898794578
656090367
504286964
63665616
469252790
740547561
291701513
265054562
185575514
494554491
730505246
282663729
804379801
930402226
7669303
915667326
442332558
517301835
423219355
185032733
419267998
488656832
585651319
302080207
674542616
264369513
434874451
883040824
953198489
525329736
143542094
282641695
552589753
216219278
35900546
381143050
149027910
166440022
813463961
723011831
209996111
314964463
352863447
767447363
373534132
226890683
304046400
787997767
967757647
113760112
417134434
486584570
421899711
896491146
331416864
977336605
588837695
76891656
233310038
551245491
962237146
825433847
864972484
345749290
356302122
995958493
557571841
866196196
535775828
823476505
395105554
23198464
158223344
149905950
992078592
217079347
613310876
865926421
478342561
489329823
308701900
665436885
760650768
346516193
898077142
635056068
199864062
634196617
441490937
921938240
634906391
470103060
70446470
637514654
538573274
842581319
294114293
290060992
575068918
149414925
173352779
546616156
424820773
275145315
749376693
596356994
791730001
661525598
602922566
962186380
969177907
467985550
525729528
967006093
908564538
892624292
843481657
134877102
489427532
535325354
98418419
896681381
239739974
746874420
125985272
240926053
241090424
355910105
690636122
329971955
687194146
906208162
427864862
516598797
313646715
998122422
981930402
260450355
171296294
863259966
23914004
127917967
921515085
684549874
723881513
83160154
690916670
343634095
188799456
988813108
575076454
283147469
807797312
477646136
56864092
227668198
218550671
6141457
649161107
30229908
965205428
665823786
805597370
63553469
175764220
300030584
256026065
633018023
69379416
515831419
218549160
332842866
185942498
613247529
621284222
856638695
26980736
903447673
769825987
662675042
531339221
727577298
355533651
369433443
143679604
824953872
830262696
331849393
568993990
600952544
437953337
47083137
625333743
60918276
59345357
148209159
232933432
142432763
653649642
788134193
591478901
143767483
565744744
932707966
161955155
840951576
896299519
427139298
927009389
461918436
844999772
378290417
697855593
10245498
734256970
897904163
898480228
476539590
300796245
776560484
734224493
318376919
985496107
115741489
850214960
273277581
266279323
486430211
788189084
19208494
509757070
287438783
374902161
29114029
766939440
487694151
304949551
250223630
171812288
826179589
941074141
222035694
252085151
742396238
201696893
340811198
412451901
658712994
314180530
187873997
632132476
647769717
583266312
955442900
14061874
686740305
187582706
380351248
838771447
277380350
279935652
785996173
525010359
41620646
80538949
301894084
978630583
734079123
845543788
383176635
237061020
790825163
750853758
347018554
60907964
217252462
556441628
91162266
689362647
898268619
340143104
972530605
217211217
178510502
500236612
548402005
95931984
190918420
609394548
538506253
671951164
370906076
818084008
353252169
178375480
178431775
618960206
987060522
463251640
881227921
691612428
155573596
305137247
970314504
556429690
853871191
238104374
546716115
181227627
412764062
19590895
476547608
429443855
108086354
107699042
851743063
116293147
448271890
348635304
481126433
41418492
16678914
190413680
96714572
470249881
954305989
23965619
449746736
574057116
781506633
331141718
444511330
45225577
443783798
846723464
23490224
338275822
827936534
280498307
231876719
746825040
846677416
800634838
258369416
98314014
211937283
745099464
731074859
401922650
864218559
379072770
396703160
254086351
813238453
413630434
614096820
482042133
189272140
933289716
667853880
757871132
742723802
721834249
8374216
320780063
569435463
303538508
929372996
620213037
317993095
728426764
228735374
226523079
612751781
436478169
985393349
194699280
195483445
999567819
438221082
451075365
81669320
119525761
84789510
263353055
894499021
128114102
616633557
317386109
763809222
927535789
328302068
681880588
106840473
226988103
242035349
641837899
630061476
644335145
715127558
739404878
344866959
46710536
765983381
791885865
55062244
185754367
360172195
762771586
163484621
858192371
495734928
991696414
925693731
111222897
985529076
799668526
167407745
439088087
247409044
836120748
241320126
479915634
424190608
940111978
127273903
139536544
561466199
882894822
583115170
360050849
314778383
825577565
779337217
58870969
736640051
166952073
283995782
346493916
716729758
685932523
11008936
520001294
704839296
855300677
457657368
18861654
104873613
316215953
448018928
492796963
595350742
190613544
697984151
506010759
622983674
321861759
802537737
520294709
580799301
834460959
886502829
508956226
566361568
700631549
629973817
55458820
917945824
424770855
2645523
31648479
136601383
937677705
523551369
750401938
848087924
82646381
845848339
471560239
266320503
863652855
348745360
410944326
505130827
555991758
555421946
387093668
21516243
471697676
899772768
209465781
707067606
723295080
254665120
55860012
492840921
276460720
545597920
624161890
176836182
277311574
53282143
862971524
635222640
113694334
497286918
990330886
83561086
966647884
363981664
430203141
886568997
392678983
716634460
796210424
634330695
245911880
579116708
765681289
912103669
965048813
241700012
575362158
485595011
898870554
510272004
696454554
601679124
551886444
867319058
72349814
384783618
566358786
745293162
490361134
623413713
845049547
887648663
492963936
770606493
654593671
174339282
779363423
848609950
965036412
954800049
429613904
992505080
475135288
150125499
231215916
160241274
822920507
54856942
788804444
366010975
916630586
48675203
382058844
850436264
774310889
653768021
836491075
377282148
707639279
175965365
79143196
790372470
43293755
734305340
483652829
389074053
390659375
431278134
468689956
537812002
934787531
599821980
543429217
300195634
742474782
926363203
261766376
888094665
661452020
330371674
809496443
249485292
651477428
621875639
642039808
613035313
228144935
66620472
71319331
352633011
698536360
543779252
535433098
810746557
844374311
304622056
543790862
882526791
204269835
959333804
990087837
266078376
337459472
256668436
885735894
414100670
32566179
650176904
259565119
938160764
3147113
597141514
532443095
84773519
464932252
434109338
247378674
421606259
794013977
49153371
166477017
54767868
982184986
559364700
648370697
452991353
445467794
469149692
496169653
708255789
160481331
923418368
906711087
269555573
357739277
875190440
82046979
536652286
698189979
168852419
207872816
927582346
548478547
893658571
510338882
657120110
624902348
189956566
942781273
853709172
676043268
805905492
407755686
21362648
147362317
305560615
948882256
145838580
286850978
341057712
173978673
41122350
280506006
403478617
265805304
656096333
756941290
844346655
632071921
805889096
682433088
857433117
422375129
440327053
928120951
797798996
60350212
207836698
587468217
107272867
919459982
264558925
814279086
850171238
762106025
343324781
27522750
777104152
282385304
107559633
880881045
505048306
2228698
844045938
993733022
776273075
930951348
184425638
163144947
354857133
748677158
798059641
849322210
863060288
994309052
665618108
76772802
606297231
475602499
250432190
463039834
282885579
2235985
708449989
476504659
361431080
50697998
310416983
331449262
488465942
971340984
333801478
468778283
487357166
95894907
507445335
38042247
338593710
648803238
190816521
989081915
800713531
912604243
775549783
612090003
580812025
536718794
912692326
733158834
530320537
843106683
935864736
668751109
513099446
384185215
696243682
853175173
849730589
87388495
120005060
953072956
50923956
460538098
420669151
369379616
832701912
473280670
592261924
962448022
847151975
407580345
34572441
499244541
205673935
821873759
30471110
515720199
583955983
336170890
804642175
368005615
956493681
176572916
569526131
674317955
660527979
370646024
13082991
153971585
436920744
342494533
31770123
466142754
763168667
7167775
26315518
898180431
771382005
973350288
156875337
440047028
398852190
845755563
342181831
558728964
221404492
419995799
815253318
611218931
506302989
140890706
920848370
743995385
154813905
761183878
875749140
952683531
13893274
201863052
545214943
691585112
469577204
950094649
802222129
82665318
456717104
118896233
205089370
376387316
689850572
339416589
624979287
402163426
228520648
462336168
12846226
143859133
199468059
669080122
471383815
638734025
865488980
391436030
51153091
715352162
729593267
720398177
508596743
29151693
50367527
589800674
626645927
809117104
113378924
523016102
926958352
711052449
609555381
634070451
126506893
51690461
32879536
803941780
213910566
498794942
827346077
678295255
775780021
144926597
274510531
92290492
681265035
355408296
470490580
195578899
773869632
254374949
350080196
960477560
75810480
545370483
797523261
697447263
707243129
581862610
847627677
950297519
331617998
361766398
76869615
336283448
238796097
24901478
653159596
547177690
474427672
231255352
525535937
498428756
553086587
409316468
762003558
704329772
305245221
342890350
398255758
712525590
52965208
124912573
982930330
549837252
799638468
555798796
558254606
78035065
393628089
276196852
531147362
746784756
147886653
911348679
615045045
887408623
235667461
974766512
985296891
103985341
635833578
656691997
383210964
951626605
393085500
833771014
571995829
632361803
942858171
55223552
761919612
236272979
378464627
877289390
338545835
197440632
243915768
3317781
869469298
710244281
831394377
495070891
409736213
453569632
881638864
294260202
904278979
116349440
249826504
94442244
854819047
560965450
670574552
431466204
412772377
178596764
124631515
595573674
967117980
913802370
166859625
123957014
58849772
261037486
127049582
710817525
840092270
84069604
973417359
605255423
706859137
166683357
818969640
178189002
121722185
59302761
566160213
749345729
82030775
261152803
690666764
460611505
725618423
114556142
510821022
421073449
127532128
57811879
205938174
490082989
952080960
295312239
499261204
787736643
228484457
957674813
593667957
609288481
289486069
913627988
133252085
100994321
745257895
667091611
977142831
413555985
283533473
96856389
175909752
115387011
695706859
825181482
620650759
735660838
647194410
716046386
523654048
342385210
612614895
495049507
847684716
840179762
51593055
954392683
898715774
399050720
325629927
626786548
811806719
550648548
784476592
252502670
627549755
861163382
773940122
84739554
843828393
529409824
851327322
485472098
331100658
30259580
230765068
243668209
666660673
358624977
720454345
415898420
207053159
710094342
315215081
486597624
180245007
811188179
376040158
505385280
12042485
77962277
362103891
971346298
464602736
229657387
961085215
508171640
587349721
872360046
310762578
418195521
184840008
320634315
684256710
360661558
126990411
327372404
95397451
325318509
940058705
759226754
864847769
972426481
581218401
763829303
926701281
457437289
858766547
934626488
3395833
950470030
322143014
473811811
30384513
604353788
609233881
483977064
820594533
755657256
776827266
295045669
696102329
137770648
170429614
489036997
109015793
713807649
912498400
153501975
556683265
109298365
445946198
137016519
128614491
278622089
221244217
236498120
568387622
383262725
532501489
244302060
863127518
324497649
374208507
271412294
228761820
846681594
465153089
326855407
129203972
117143767
724856704
491151241
422120380
334081800
4976180
524404628
574826418
954319960
240787075
614649834
932324776
855737587
843001210
224747200
182314477
403867475
466010051
166303031
532639350
468776360
849102798
27098991
209709667
246504365
895753425
791647129
85362106
270164285
766293914
780281699
59667363
65375978
918688634
671656582
455187917
780710279
951528528
882843964
66858859
525261996
356417686
773086419
949369734
505251967
883029425
441430085
565121147
497343456
76405673
725641188
429901363
413127865
438294755
412954608
20964907
738241220
51848652
892858055
756234502
175973116
381639591
17116276
739513413
222284744
768160651
18350205
718212761
567008992
753011912
912778968
735700998
146610439
300033379
557966045
598508075
31115829
647659253
680821843
538382340
399439421
139639199
132257018
825974126
944085706
745861269
954655612
93721129
749216561
657250526
475104820
506146851
806085934
283442539
834320607
697605111
760741816
813039808
769337921
626212956
706696062
100710054
762497484
401418973
388537269
468101324
595170354
934753410
48112860
47731779
633335951
523570593
646714921
598259976
105922910
709345335
887740311
292232536
577736803
191416278
611295195
979950473
331910765
227337604
697965426
935555296
991265731
358630165
364123807
155720343
83761969
781252822
298971813
931284170
440280683
387402475
379506852
162369705
380770176
362148608
85357212
840593826
698866089
47374115
463070698
337299650
939785026
131251649
300574317
761448970
941183517
898437995
63379198
862571331
63651423
905950068
690638411
759919520
818561380
847983306
90753821
578021833
858124697
316000436
838840960
975505392
102295781
660825334
232371809
408515453
777408495
590333105
346504959
110673276
596198836
695716761
537859913
301817214
362229795
724181758
222136034
249057650
924533654
536288707
685040533
496410268
770633898
181939276
525057517
622992145
788274958
641699478
368407767
631213987
69032436
625463317
428267864
411833373
599462994
76115123
960819364
786681646
597750267
385867802
710748504
385346226
436700359
191965658
613917026
958300244
962034129
813184227
314351771
117397963
931764135
226192418
686063150
147663493
314987046
541793172
514926691
916316460
63640304
561276931
784570226
12758498
229002156
254433595
974434346
195845646
806456735
754462063
321940059
876941593
460854489
332255107
378744467
72251508
44215299
185160635
300622361
803202562
713448283
690840005
798538596
889305144
730811902
898617567
175509362
371335294
231073702
636472070
163047944
808779328
405168435
829433614
586171
770055166
868505247
102458425
336857884
438153656
125969070
318512407
27622670
849200667
670410852
65429608
976414026
795902292
797395225
130255620
735088108
134931086
894074877
554619579
587956457
351376011
811175945
884540868
436323548
109172267
638099588
731400046
30329945
180509543
210859653
893561370
225725768
34272111
923424895
632588244
934298176
155685947
14753089
320541261
977101706
456761098
1932185
500136740
332299939
263559518
790512565
198075744
889596634
614700236
944948144
558998083
317632054
410209268
892202654
96661502
119371117
774968047
623187237
553088530
933964594
654940943
995828589
987156165
903246130
173688937
384248622
96293823
559070348
278420227
142748534
262494010
4082547
739042997
654997385
810414092
819328980
444392793
326700289
855387595
682635305
987251217
164875031
943731220
932259804
378689472
822202954
155556699
35199053
336086997
90202892
63858812
770586194
640504418
203814872
78181030
477098395
119809221
772220412
352462209
74762561
116662954
441070932
680584292
867290492
104595489
989992369
776421000
898259904
694969095
148721882
764987938
877930244
133088643
651859749
461750967
917422293
160778821
505329677
145351622
682220565
385020545
69140688
732564431
969238804
221632367
428703646
825311499
375515339
591349244
422894443
184244030
187528872
258946935
776311422
235537397
785361040
44490032
197715376
387517381
504585610
736643132
935116214
566989110
355255533
989782381
1482151
319651014
640394149
709423563
808039074
738570351
476872242
920694488
395224008
409647203
785162743
272484183
641642355
48034666
777488126
66147776
635113539
97398619
891360822
773876765
341127504
355510151
757627795
841592060
780430769
404578326
185962304
987392013
326703319
145569577
549552428
457758244
924545962
739605944
85876997
131113310
606110491
59143543
77385610
149119320
634190273
21280461
778507104
681077881
980640537
476101014
674197481
687707655
397845730
722752951
154494683
996866749
400345965
48779032
518438877
521997553
58300171
136010408
22165776
595713269
110802282
448617205
968671868
360191201
197401233
22672955
70999103
221118641
570798441
809335145
759545429
166519894
882994684
316476013
67332933
659356800
673808139
249870875
802093077
449566605
19966509
840780569
325263573
550015962
866577521
638364189
598786298
852432241
33946541
689636740
320372412
289449033
138747009
313809884
134287918
395130210
646129214
500343097
719842993
562615499
119252217
451289788
938059034
221142135
678729637
957317273
221416583
646867310
271387300
711536723
748351481
299781170
200745245
180184418
87590720
976810834
990522936
357643299
807785155
998249129
621422594
270096114
840469692
642625296
867570271
486605727
437853007
948647363
416390757
470588151
278638957
922309015
86280294
178653563
765439746
306616956
835864795
561888167
888911815
516287709
632450625
59115104
868537820
172277993
73812047
129064093
414999877
476461426
878974627
334711208
614390283
826523921
184083730
977648172
235862097
866331417
671737688
20621149
302085122
191779534
156106874
314366271
855177242
398075927
370337031
906189276
213916220
458699053
943286047
566988217
177173754
488955586
974317044
379967838
379055064
335983297
959086340
349168940
588188901
317534736
636274681
698626863
2075586
333417602
452030708
137001431
648969624
767461358
373475137
622111576
59743451
442312502
924993087
354125699
108934397
319567288
199182330
262002871
473302398
54321469
648694581
78088230
33377094
428631748
514837511
266439431
949180449
499988996
191498487
647739430
540152961
771463767
94879329
183588426
424740645
180596463
766760834
218716345
69404501
831924229
47399903
15213554
761329304
424081951
374964036
436142032
28446397
499744614
667030668
107349516
972395405
892120547
313060388
843486263
191971065
803678659
851174598
940841693
544123416
845247672
691890803
259835857
733597591
250940919
631764506
592530693
623222630
975866862
644818031
259027686
711964624
85878831
21931462
460670891
890427225
976944160
365685460
274619163
1872770
435099449
850369044
455040699
252740194
575912982
76395161
291145396
967421101
1470003
34131240
363062464
213062917
286947731
924485993
367772975
85307863
221857302
447673573
158925368
280993465
215099938
660348540
928207609
705050142
251702665
483331759
550430475
979505689
135744170
149551776
920231828
448609793
675460136
361368462
451522873
853065631
455459849
449292010
339562037
603167034
611901770
926886676
3119667
801090173
675936393
249794724
131955236
550921144
121336689
472775606
40957422
985959113
238405303
598776346
719078907
522547446
591224386
366555387
342778954
617847321
999636798
280956438
421698303
142363594
776722476
805518614
518441420
337747528
15273010
758780082
84996204
372668014
636351989
588009957
745316142
304421314
612027689
251229821
649356584
459529009
815972996
552436341
687329854
474291966
146365388
121675633
445693884
871694821
873226076
768322675
948810778
841506426
572067968
243806353
437994904
551046676
881498798
289272874
793027625
343510122
748600577
800392329
796632039
228476035
600575880
366886054
855553736
980880283
746732479
475964540
996579867
908868081
162106388
993089925
984887049
957561558
156436161
596651071
861257104
424151747
53003262
847167345
955859448
944609167
719807968
906660498
388023009
91450674
577076319
522713132
257164094
366988689
712387502
58375732
692553410
161093487
894751253
466457451
574222544
52783807
165134634
521630170
239991447
190394746
219097570
828914622
478456869
105853533
252721798
735238495
237928401
114893748
465666054
914072169
617160626
310631425
275071082
626294692
129043484
697003104
995143205
441233585
282437146
970628644
460446534
648781812
227033510
489212769
624511447
676023987
332866700
698217078
377094778
44568935
110697712
495020706
609628862
893797075
463782505
940359776
581647995
871921507
538553443
788863545
181039535
667375384
667339396
210942577
593209549
842131141
991696195
740564633
904488657
161994986
685971235
241975717
953830337
155242058
822352168
608573837
582973224
677253774
161472417
682517194
187010398
876093021
334608236
789334168
1348654
553110859
903611799
483188410
533973517
236345493
470262558
251378458
498606753
349682302
182295824
459767481
235807983
513489245
315077837
263226821
677350312
511894404
625070316
127588136
77313179
135974918
751479904
474694994
973480733
782968363
776765004
413249746
313994291
371681234
59522012
283249046
510810545
83663937
708139909
112189349
941060506
8308409
721571495
113261530
865777024
483135268
401330182
632671391
743793575
621159209
691854210
352116239
980382765
475498297
404996481
702978161
957668763
848283273
272030490
669721982
676571118
523249322
289706284
805646229
412096268
226881146
24510264
727330514
666087305
334898756
776700815
171284696
98393132
537217421
883901837
555382476
401817809
113782573
13951951
814791339
464250581
560630146
39304954
547246267
105000573
833367741
400536802
466857378
694630713
781250866
683245537
782358386
910038018
205922715
413949337
203173190
317984103
90299100
50437303
891790376
509452764
679041859
591399736
558779914
838395695
538235226
133786829
97275862
110302385
683373220
747242974
744211050
284958854
467746637
126490983
694260899
913691971
357345347
204207751
45045284
788885131
271933525
103907503
895172169
918270969
853196760
485160066
258121013
555742182
668896051
42223484
908744882
27324404
698242377
725697396
379078740
561927868
146352844
224766472
490987941
204209093
725153776
804333333
961308649
874389268
470035480
183344830
416689834
486380384
510524287
897275338
994667008
799001839
177611860
953740136
263193631
693579073
334717136
252066860
679911474
104274032
561119397
740461123
700917612
820645759
965744353
31266781
402040030
66834902
601706755
548374912
998409729
97260345
861364029
413315684
418732932
320062880
864907183
473261495
508968004
759340037
890745852
855847732
711019927
393001699
373380821
802159327
360816600
507510343
206449297
954048936
917556411
110544165
200522525
493559484
500101095
716673870
422753969
361452648
42578201
772029562
873970623
762043120
595838339
328272634
777844990
475405512
722771343
783872397
155019049
885296659
381242207
30400241
818140934
547886394
576183015
672816829
848964019
46701298
854990800
127485564
462081852
814034203
434055465
492236252
341963420
986695011
374929283
352859699
767068719
201668017
525983234
975879648
907570012
640996716
274016288
194475807
476650685
240031840
939898011
312106256
621715804
677711001
442746617
634027708
825466979
978089506
792514523
322562073
387151441
443967400
363268310
365371070
571768322
893349429
407725771
698931035
499836033
162485901
637877432
323358762
811004678
637996305
384290519
779262987
305353676
219225973
481188244
755733873
376943375
244053871
681875543
8569021
673496289
951611294
321647627
724856124
195406286
174013739
14621676
710605626
519340188
166550276
523633415
466671023
652924252
561629753
390312301
816842757
545132827
891112782
983130519
344615456
942757226
849126323
853133834
645990410
945252605
667288745
781959677
346614544
628802788
901004985
47305231
870930598
168191000
534707188
350237457
522674559
194259464
438888408
269885320
334880782
362656848
995017092
802767850
763359600
259227087
727199497
818566775
435350077
624826242
514522984
374590346
406110010
17872528
152329425
775712578
998454985
220899800
355424516
969520189
894781297
572776457
882229782
484755795
204164289
524464920
871175804
683347010
125382161
333125357
799513610
240857328
968392322
116246063
347097293
440957006
472713447
43528805
275933875
635812820
110507854
50256865
157247445
461737384
622972041
645030403
19149195
395409956
53271190
231105455
736341210
580958925
844078381
41126628
615196671
285777337
372948426
989304259
669033869
953660090
594796719
550211958
506974985
911099308
856142893
171239503
536802963
947735248
414935954
178855771
893267760
796424353
514621925
210130524
433176912
784610442
270768145
848193253
605612945
873418458
944836180
406371107
74385645
957943173
277407646
503305032
344288831
879126293
241079268
875627791
388587774
706443571
864278042
146424105
566412065
117678014
386737321
387887837
974690079
68575763
317196332
946784225
489171816
603540195
337116234
723603038
825816769
549157996
21043137
632990625
685708541
548334526
768937148
990086805
81375009
789962272
737631797
672996443
876355068
33764177
616429711
528679104
103621460
340125557
79143836
787503361
371213008
820857191
417449324
747750358
79905499
169015010
923927093
762233776
130426870
714777826
569295067
62495189
571205877
802557657
377420163
503044280
619246237
492788747
130438368
662908637
126624197
284272097
444547167
796658841
43883631
175808068
298182979
872516436
167858159
951941924
36611998
322800860
262960511
784592382
378242859
735024513
535506804
551872449
707335744
309373912
123054578
43489816
71397366
529894940
468809068
434711726
549634058
168518921
945384926
801179737
773557074
541260924
318942535
864088853
590310713
667649292
392387727
662310344
60738477
420363141
779055898
339084228
685884550
923625152
532766892
741855099
655064874
949228231
9903316
556621358
383412110
714190273
924559256
413780972
975569323
158763064
303636507
656237492
365195956
627326063
152299498
627181620
734160163
434235507
986435423
263960187
728534486
564774406
30821771
960400265
876405505
157080491
611591432
149266819
138671050
465569358
788388265
332086298
795099129
495847976
200050347
316016638
271529862
496856219
939632571
833849946
949460814
918628156
865268996
704717735
188660983
49080404
911621322
81843347
432133293
542173426
994386102
71774638
373733721
762118610
517462538
607815576
281180019
864833103
112740344
838129067
233597011
434259937
439959498
323341710
968519919
59324476
281033698
88991678
285862239
926382839
90500310
43900357
554921073
797257151
685557020
721812330
684844523
141152699
949867152
519423111
581986066
341803386
995252601
876329783
218628316
932686197
650639839
754071732
588745357
124844630
945340773
650438124
295774919
218148089
276499797
589401556
962896989
295595029
132084557
825431029
999973216
38021847
449128064
869696232
436728669
300954774
425083333
876524564
522625331
560237694
8765596
15641928
703526508
373037375
742832797
814482172
444965477
731106044
482146548
124963350
119625309
320028261
217319753
376252391
50891704
888286137
169610304
327218758
351343602
629553619
137345340
127287591
389719002
191665517
398674137
589790221
439572305
940221178
278914768
863450955
329805598
39121483
164023102
737452108
256846277
54920093
785911575
381756496
969493596
67614326
688129328
41191434
627974025
942068987
947967002
940470267
565940160
366813329
751831065
750061142
610594476
220849700
36311888
213478527
45995203
127395692
262382305
79982192
663248309
635861580
762816354
611302511
575298727
972181994
622266266
50066446
252117891
614748291
199255367
510752622
100565455
229646260
169533824
736513391
938778058
752029884
683806797
332064396
469685237
686064465
624760650
809305704
354888036
260147736
381222882
461374242
658496521
818054883
111954907
562257926
329269342
934110266
303205904
481879686
533134715
418220677
500602119
768379857
544255335
657934765
276917900
540478948
147271634
870473749
568732634
839157087
927661238
574155656
722716751
532723650
689567609
699056273
748222833
378579938
138086787
758770903
690582630
159239022
63826168
93533846
112252019
239186781
110868694
499622916
84714317
297511363
289051535
475883154
238667021
127230271
308780725
573673129
879653345
848583119
436752866
340936051
196487002
319519526
510697292
834893376
341032133
458031627
427043054
164500673
580958676
174391493
263413034
805678965
315315124
379084156
259319783
708196920
274133988
848152079
207055686
642738380
958961117
193009609
94934011
58001068
765363565
879191109
854122361
990791463
415155197
868664221
688834355
918798490
817606402
445206345
84752499
45934751
912569177
131773290
240624114
741842490
321053859
626954801
427701153
352858891
517814677
481490143
677714891
716757166
621961024
752858384
324351751
753510502
627471733
401514437
228098747
895873325
601116983
624476145
658013852
927015186
783580156
76377580
13644111
879307302
733685441
369953329
15258606
483901253
626676062
275511917
401357639
153374998
23214059
200973673
697774848
406884052
145609957
560077234
156996258
860924799
779483595
983368801
339649701
304823378
584728143
623979666
316968203
773231884
102510133
974085687
362077996
153589988
465552967
709920827
894070024
64454444
749195044
416538349
35734921
583909688
687116347
28460630
6903461
652135507
970782164
313081594
588018985
731917797
822103775
264315837
910447430
679774722
314318915
817456632
25100809
793342994
547971807
55233070
789655357
893996178
682795217
160033545
388019727
135042113
28784175
165722180
249893221
427733284
180016665
327790008
235260565
142347035
846377970
342005670
772277239
150609627
811316805
530449670
125615313
759200800
114932139
968451332
580102978
977169768
66125069
288190199
508417766
948598907
941862200
708920644
262832410
751168447
250704140
773559957
662722977
779037687
863206808
199521752
534230142
911295223
454725239
808914761
988445453
973638034
641932068
70615044
591777775
368602302
550126444
768036181
377915910
219968934
808633742
873883866
231678187
314460387
103442689
542236241
325097612
941326323
663535526
579193041
982242988
81090314
178206731
582845545
890080779
462946351
34182484
13590478
651686674
207048366
142940166
99697172
155687221
555888491
270383052
372511715
291735520
561699489
245014691
76898766
142366971
239932600
493935852
786516370
560612614
535750663
499328849
22838390
610290245
212837490
724768837
298463353
937395799
128723300
993105089
271451394
211501796
943213552
105232091
746884044
427663339
841810236
331399836
131848238
789835641
147108594
538626834
992882707
795623365
278648374
257073461
825745426
127514522
508829410
113625166
536349495
546032900
821216468
366568413
200307149
898555612
156603533
812995169
828016130
576854805
60298843
785999589
586788159
534051480
707862734
516101904
499343759
1683440
496818203
494985916
370497359
601003842
893166748
298408186
845766569
454326177
83524071
318635478
436084064
488735376
899075361
813609026
543547067
796788790
901780063
330704612
468638582
962846212
174351963
263961228
535495688
904888740
773186690
419213871
851789705
421025422
566132330
124979489
980936151
309964285
593872384
295792767
410747736
577027791
632123176
609359206
469220217
381608692
995760343
329388811
677400102
527892453
948131831
722344431
888358842
437041680
537413760
640720824
946163629
280305025
572699976
879543271
829424824
906006355
405122445
484045423
793554886
336514864
180840943
694978385
202883100
940289353
370494961
31910206
649301805
226530264
310973388
408171049
822909050
218168752
804624082
195846350
896394617
634431809
902506811
80653331
944417080
926040070
474080389
542223898
682304334
436353525
273335667
267518481
115662893
343271226
481338693
629895280
457104471
213299165
27528169
3025299
101242371
581667289
778737085
924668599
650201513
628486111
634626519
611974
374774654
377263743
32985552
367279956
295752264
101655776
374804539
60266872
182228854
486204712
695952686
274660918
953054687
207416244
764745748
571139247
689980862
424484839
80486891
883691143
271645926
487957066
539635300
501640550
665362683
391824470
981092798
985982917
627143689
859161216
705761265
281492014
105132908
737074813
902436174
158037377
942580583
801743179
481845321
721158846
805049308
41742079
853995863
219301407
799271837
185373929
436356529
372738901
174182592
203678961
297428686
486349654
456537488
216506277
743635458
84841694
785022993
318005535
155577950
67120336
741773167
89815235
509326933
2560144
469656314
460069704
932744200
881784204
489119969
755738451
42402566
574610601
14175948
42600928
899024148
362735742
637316030
607512884
407638569
601648668
754401692
64767566
662512338
485942664
761848674
98247783
565999589
725105432
295631658
986732468
822335350
52876851
46813058
556125470
719506063
822740255
962287127
174665094
571306895
760739887
414625497
470202629
135072432
271393181
190248431
420110244
552032552
680761138
158684827
229218693
917123746
97747550
228453839
1505847
274220020
227506972
376402581
277853787
648370695
218278872
662550095
790006579
18885173
131295892
684115388
322167226
436204355
749162281
425196860
55939890
758235961
779605516
774392530
865937245
689785817
895844443
261645804
611435709
859427500
545983452
588712735
478965501
778966151
584471360
245966656
823711522
786904935
500184214
554576454
53433149
278564307
346619562
861693873
643834285
465779881
672821942
343734185
931251527
204216380
962244890
615529197
656240066
441868313
985881028
332538935
805739012
49778088
603740812
758609238
839853728
303945702
778659285
525828831
501737148
341766417
862796905
88708511
533909771
93002330
357782035
91570206
672866748
994370703
436812306
518490614
343589227
719265172
215326008
261260956
661339465
407053379
25480617
188329896
943433930
967068317
990693763
377715493
610734907
959557722
149465798
843122437
257723783
814932644
431382228
711458671
156820561
963366920
519645519
72382076
728170947
702233159
913053404
33757906
284806946
326119176
169787112
587503441
965642116
570124523
565219693
899483887
351715496
750759324
132644321
45442271
384334974
71565574
136921190
464025552
540829328
932883227
45035185
380613896
143921013
720073536
308338833
194982618
