451871165
688246162
534521317
826090028
313099154
277852789
235219660
558043597
883331842
481094934
901956885
437578528
846148446
373164115
505478163
312126464
863841284
442760657
868507542
454143864
917746008
112756007
783361037
661724181
594953243
754361683
117299160
870719651
279887203
779996481
342204945
105110114
914101239
940375255
287047362
175690932
510889377
311785056
198349243
392733115
449891849
306849124
581841033
320867106
900148384
254343664
696613721
92647729
502148232
430106371
9909900
84212288
354234135
769608628
356923059
315480300
257802717
963578557
659058095
463914844
202355261
18615994
749462020
386597152
292196173
870726355
885067959
381972061
390165984
780710771
767401012
420586102
805176640
480116393
464639217
867040103
968239825
842257583
986964626
779708146
629395495
733228800
697053949
774206628
125359143
301149238
593629964
483881382
62087596
565869928
800308582
922971856
131064710
884024471
308827720
328000673
399317233
919395416
70759198
347052580
657124612
970654244
909260495
52083582
937981142
204677372
262031953
287775949
468604716
272735710
717912740
558527739
521318557
493274363
325681162
752111580
512671312
688085085
516772040
508749341
929807608
652745001
377898543
458215939
254717554
305191355
179693273
839883412
997188181
235628470
614967925
792889066
508975559
73303003
741815975
632551618
457461533
619423830
821045992
728956766
507548996
537277425
64884696
740717022
219205690
188394883
924916643
460437203
474106110
313397701
998677386
431736799
490574772
952435099
727915872
824853179
804919861
396263943
30437396
873176163
648944529
488569646
601155213
362575225
219201358
611545257
359057255
2000471
145552894
71915891
408704776
181247013
63164061
601476118
766069608
104962383
968524931
841625835
428844281
864808364
384593517
152901604
283220155
999282606
80695012
499105992
958764460
580095812
6502325
979350029
574396775
648180072
828490344
663041488
469595118
919099951
156804154
982747792
100227794
619155186
867857079
991628347
221277025
79944608
15053684
371847859
428921166
49017337
122630480
152876825
495490988
514449065
908773721
968064895
612657573
580279766
934655418
976738668
192295680
833418460
490514100
421293048
576924630
972093546
938335003
664438554
477156604
382999914
405970812
85566052
45412567
699497501
242642413
722129707
549575524
848303748
751258813
635604379
346681886
36362989
602043170
528936974
112918909
386331852
722859326
900920896
678592819
203173003
641128159
987819624
333076336
487920788
350515656
34127827
80890047
559451467
717837279
932468128
74473800
38064386
91167875
196950059
3057787
424689669
332680756
605171804
289807559
280756303
247896994
795451226
804608209
845487020
271394954
413729414
44631739
533770853
735659547
870194157
159110754
339619179
116512525
486619005
686464770
122311545
660563448
434707384
522741208
465723545
38117493
728773540
245791547
679403402
162727705
854202805
905282439
365582315
161779060
829935414
454192017
239136358
64683750
44680663
734029245
309802274
612179210
805325169
691815306
555497303
391364730
712017575
905003404
275508438
231199695
627107076
788090721
789802018
193092791
377982975
853817969
101949540
739294963
797563267
663754531
731591153
416876982
957653087
100091934
50082266
180539443
705591901
594543729
274443665
623641305
827868897
603796107
962121695
291453768
878487721
814282473
737121516
901217626
177454465
566706896
954457496
116953207
125507759
204150685
442879967
30479864
933593335
881899398
847630804
833545195
420538192
542801928
734457767
956119952
421796393
512921062
221949766
705814744
869753800
873082359
689224878
258247761
507616296
200025871
304559720
718175198
450920769
851339933
818801353
73836722
155468603
742035070
126936410
822575054
810429737
152997507
153605491
705543017
893256121
814411674
648253875
221282550
20418081
269191997
139162689
303378890
400963014
383904309
399985588
851024183
162684901
988920931
546641132
469909059
203694898
783456476
220934772
227952184
776113423
978974867
581127614
677403580
789457059
466674965
112609287
692716404
986930853
441713491
567831147
87775181
842736959
403741354
136319932
764704644
379242983
909028524
565765967
766659991
907411120
670928675
370148922
883953658
995223020
23519022
208350408
597096620
25216477
5502302
121685023
678949731
434313896
990277487
882246200
729138284
521649605
160522113
245511090
638495023
177720826
541464731
90468965
516371311
43354243
29277269
668779280
852554777
84701071
988793274
257294690
439571854
312310578
872637587
764728888
391186280
300679770
426913954
720350711
538535696
116021131
641139516
860318598
612463349
12834478
407433117
440717421
72186969
880254344
998124327
729795287
875232604
615493658
554933774
957592715
450674749
953933587
206463943
61983271
898027264
504018704
421085339
393896956
555142645
220531498
690990731
433519130
443166043
148632954
125508638
111597089
474168750
252373835
225629023
135245086
658045316
441323875
686987766
867301694
244302361
948552080
488694510
242488004
805310209
690133095
600958571
830878534
326660228
792727795
45111992
408617596
294315794
75085411
868014231
203850177
932414835
665733576
21484742
519893212
422339599
971325521
484710877
896641645
181829599
461030784
442052203
904367508
364943342
353682273
582240231
203386750
185005421
435288840
560916249
556730664
737158147
729681225
576737773
605373533
446102447
828485781
886719635
792233543
928574575
473567982
51310695
530249377
778791298
610509658
698451590
850884462
939218368
919776503
338474705
177614558
936680161
145541093
951332080
447563463
361004955
280141649
300798264
124253870
470541831
298146643
982725970
81223013
260095166
114713203
7714928
714681634
861242579
523173959
811184016
161246961
811313921
288154959
662618427
988559399
345377851
202276572
67452099
196076371
649934405
425252148
614618804
832812441
590198007
647788709
496408181
128342093
392318875
125616670
326971945
10700498
132033851
685971389
128217364
538527410
990490899
545914313
426482672
984169191
221214454
707223953
736280435
561789504
317986609
175636430
797768057
880283559
243787093
647833913
917658
62624690
462547371
547574047
37116216
906025791
981931467
757965221
301294888
480020003
913518006
821971022
737238792
893031032
628840739
120302774
8162632
853603898
710270591
285030123
641986431
598928202
62464573
411240644
827253802
45854736
46135173
170052207
941722225
189236149
34633218
774953532
600187492
404836901
841251885
240461939
772952020
729781069
391141891
251561897
972559992
582471997
182151277
500818806
149783681
952947551
62535252
883203442
562785892
9028161
432646759
701815135
205392556
879221252
351594264
595259065
676058029
74799121
967914896
510580744
182246992
31811535
291762541
496998678
477230089
311442929
467327791
467520767
563791406
54768941
521535475
700367790
948073589
756179800
32118660
225605221
49011903
162723868
679418791
600030544
527806227
306711686
634118758
682355838
322483035
584965856
611230322
655246978
704332465
468286006
771258345
450941115
534238566
828947417
717683141
11222215
599608480
500624251
729241220
26919084
937776647
365103854
431154681
104815368
637646568
450630771
742370724
800334067
658027867
474172943
61679920
106644010
573934178
590504787
888109630
877436216
89245232
228356754
674393149
130780979
830761194
524088301
154818401
569767458
905858270
226422396
518760546
366304725
879343362
396499526
766108631
313698366
908933673
984322275
258236639
587307967
348195936
101497457
213113314
360580029
781053353
886733083
346902533
745942818
515839014
436721739
880985061
934617096
925525238
800698390
821878020
705988433
784809112
689356307
976290877
507545135
828887516
561555212
188551416
490612281
93177475
99126869
494028745
118969427
612935824
982107446
275187575
313597774
70696220
665312465
537611876
953482532
35863523
366819228
437455960
971908923
366429942
264908529
393683962
752236146
322451912
768326366
352799702
50394358
410183313
77888539
475506736
464508995
261346899
748848578
544419513
971440397
186768981
943014117
808344970
210136400
579309205
466532838
476680363
704551738
851662487
869980456
782567698
475248856
684574538
644735865
113764213
572708257
403635313
931142394
382463730
344273767
403949760
768902819
263764309
587242542
410194451
925507153
323792533
59339550
980579114
298306364
472012886
208305923
692988782
248006401
300665458
719141702
740546112
732305848
80929850
332746572
111898888
736125901
246203125
538557949
835615935
241574757
861272243
483764271
125683276
448008253
297368874
73170649
844385795
124722263
215562600
664633127
673635626
681653379
563422953
864806678
132410175
416931626
279130123
928935760
289557438
41360059
820744830
759462538
256649392
189311603
57568355
297513306
622441189
996650346
72179727
154782389
174294048
461449254
166280293
294429437
786243500
222914405
273668745
334964370
984282742
870359032
360947155
213602349
886943744
422223527
745892721
491149850
927434745
450269892
819924071
611391038
545061297
250636164
73459729
157185815
210642418
473295128
276515910
673816713
624283001
450567897
85542575
951375855
981187040
274041681
177084284
9574663
575958824
918513618
96728250
194281558
168960083
162470466
662543023
330967060
318146198
417547064
167837568
786011180
104443641
322630606
277134075
87132047
513818620
984130317
71640294
793325590
234183241
732113044
368507741
465998497
357748521
711962803
68210701
877343452
739519989
24875001
203056686
844433160
983473904
172502387
733418456
356551162
63349998
444785404
245234150
890248769
790932083
515985991
144814101
744644165
894935132
943663281
735807913
370583408
749369783
66968510
358817526
314527374
378383980
455227744
322664435
219147188
44153231
591220122
151869118
435364670
764916692
144097154
558226201
190405653
22816388
828647051
985687956
744584214
263853549
282985889
157141460
328526719
646990439
344893246
995193504
331929004
779258497
925707290
939279179
980170957
902321145
654620648
172958752
450677580
611371606
636812313
468846431
956420982
150853476
675075821
689674348
971010794
603752831
382444950
176328788
213802748
559954680
372209035
743154449
288174187
885626187
175994954
319151805
745704528
759199125
484264892
957048319
733118657
896818072
917616177
8572504
56153023
437539014
692812715
109482046
872787617
427437570
984981900
571602993
331891400
91468763
749668127
855146427
728413610
263769484
330608861
344098766
684443779
766346515
192329208
990091374
657156219
694673492
487005841
526775571
902300159
496324032
328251772
317184365
197008348
952355905
89964694
3250950
204580101
666058541
728403859
290767617
866085871
654295511
879086279
697133877
136332206
891483837
437173391
952358837
488016060
759051770
796100889
249264926
527709308
34806576
493146288
574373473
227383776
897462948
750852573
186739654
299513544
854645802
111886760
90179855
923457124
393035844
277811333
196358883
369765240
966519615
482007644
203302784
23224101
581664037
678113290
468848754
893876672
163867925
695546484
348390367
911239809
188088732
45611286
167482478
5888126
274090244
298267114
394214021
201279364
74261125
622785105
471606914
434345420
36887185
529624724
982483531
36258790
417016210
317513164
420923287
723022324
125265474
509598176
852901951
970645346
140692012
988671617
296611645
219737295
914333319
935627687
719489225
255812716
200551047
46063462
948991844
637382138
741294927
877818939
869922623
215379255
409806086
911357899
501582415
595447536
786309528
504220847
726902835
63723521
6126482
423741243
957531259
17893393
833758637
817134539
603360272
369212505
738279844
313562279
388547585
958915725
923639191
672217632
384263830
933090979
775287598
941028794
842668595
467328374
65325937
213988294
105824641
472918244
913993736
344063106
431168979
782471500
149362004
25940144
784419686
618736969
529982795
907842436
424172351
106250251
296034250
391935167
838624189
631108123
526164702
75752069
777439629
498493906
9464259
954982986
653994497
478764894
431812662
415487968
350452033
214249475
590449391
594633687
390031623
511400187
373747416
341679356
413465762
392686937
470481208
311147634
595913756
992798596
56856421
742190994
400161652
952055691
521914378
999443722
961321131
518342851
507150389
447550161
677655223
107039882
669159466
90761116
657566207
911121683
620020593
257001660
244977428
886759127
581197914
982664308
1707437
380061424
764263016
525567014
170417189
336398121
173605183
668299613
295706800
390578430
858133873
340438400
318583182
494647968
172452006
517916815
805715981
613758280
368724494
570928882
864372111
570181948
230290885
233042715
34256169
30319414
552173535
437869516
125232242
714516418
813818169
29041798
130178332
757610639
400619272
262857870
267247803
795141712
763240707
189381336
423133477
310736284
786115488
217948343
874757231
837274654
27132237
686941903
824421086
577294971
558567331
662934507
565644301
863627894
959192875
920616584
102460466
587786578
538906039
586795912
673419553
731826613
581994632
930474746
337351114
338925057
236768342
215400490
168321295
532711087
640208288
277658132
759257840
976082519
621569437
353697122
848581317
516526959
435724500
482462648
657215529
643589501
140848541
157310785
33689131
186741536
890811110
277473104
545272342
931723984
987216327
807036491
759047910
185502247
878512873
423084062
761141280
720884687
216578865
980175511
93099272
584019223
993284591
669508961
246253399
897377687
638525814
290188891
553468223
149453027
496242511
745562220
99510250
157651816
782109109
887982523
49771781
914802192
617411478
723300587
824557943
599271614
888027293
368798665
323261469
192558229
858654750
904699065
147922100
365974165
837027601
48584065
727883050
716225489
242018483
68146376
913292447
357933656
76915390
868971162
665528561
779044903
422279335
364164370
447069807
107906510
402385500
794011610
858302300
811171411
262504454
143608558
939278707
390172802
449612301
797720889
202469604
450618060
991658713
558995843
32148164
930035541
53231600
593343714
901170412
478338635
397373505
546074508
395196990
918378075
72662428
16627961
923654973
328696312
664580091
559548768
663528192
151102038
914193
6413140
336197694
462204248
632832234
582617164
923798834
965567854
46505131
728541510
97056179
377080920
178757437
434568606
849605745
816752470
746760230
693715488
808767045
541803533
413695712
728754867
556538956
671988220
686106984
941816177
449269224
150124505
536982304
511397474
367464523
767926762
250126680
763038526
992110994
457095378
124759566
557005242
521069425
303871174
923683055
411247342
617368693
85132352
132974284
22858219
280791656
416413637
584711194
644541344
169524365
430304539
799478306
913582940
999163987
721851730
82896895
45442665
832353017
274051612
414112435
64941712
149536586
864939062
564296896
525197699
399055537
448933532
772887953
943464684
765207389
362603786
179585971
270094601
751310680
323376083
718205908
225704893
660328138
436096282
792406824
535857719
273276677
396530670
350804726
25277380
741674576
496144395
162097420
253029807
979786940
312875053
366146532
154100007
799570461
937384307
993736520
88089191
684950187
784380041
831105315
882507930
399024360
601691885
654155118
95256684
329759597
268340836
97434291
928366981
681055225
974461226
28955077
67250459
743582353
892470087
862705158
231631949
933479119
755470031
592231951
6120599
568690483
849054345
613610175
746600437
508668517
621439303
954015908
35756863
761521317
189146118
204338664
781800065
200686040
590993653
203717294
889074090
707694974
376776467
131011053
795582576
535139380
73852939
66842421
948810889
195672997
417290259
341279266
329760003
579217871
760788212
650876498
738929309
355436941
553415736
956981164
658233795
477958533
451212113
310831264
333109258
164872660
959657188
444557411
83898120
668310108
924719902
262996472
559868129
511527324
550241265
768667885
146210376
982536591
719206459
401607325
59072085
717162641
552499979
145746931
878570756
321594656
594625284
575765184
443517313
30101645
173517893
508146123
749417543
742790231
574513023
608887303
778426542
79731501
883668456
17265111
689157837
567810540
124896511
381456193
647390746
709328746
340399732
504460944
318918224
790653789
596995758
562960218
485091514
731075155
892481226
656492970
288073588
328400587
163776008
157853255
529615315
101895748
542789353
119333787
139476959
520492392
995781903
904058200
126738507
775700406
622562466
216567744
142735722
555879596
144364677
125589157
8824115
869037043
147729487
85676033
33648707
554742647
139447111
908882268
226331815
568771023
933023591
587902539
633229248
842978342
581614564
882879283
898468487
827800225
482363679
722589083
727533003
188535532
72705762
113231272
401022453
764701370
717878509
416639669
868477272
205873432
493841544
844412940
130720277
903154921
981053003
297310577
912531442
293240808
374560152
267447189
692217581
598192959
947858510
197073109
684917941
595084552
677984386
973577958
138468084
921040479
114793719
764414381
583882728
455331405
234294493
17097028
406544534
857854819
108477442
231461980
77582896
448726911
646078583
520431996
329420895
245724995
901810335
105983939
868820161
660688676
455952760
146719077
812659114
899646148
920773424
421368009
57054357
190664341
495153120
524493114
470412209
640557473
390232118
215404770
424232730
942704246
267629776
790789812
595548395
754880024
718065663
595965646
54620649
690971235
985526582
746314455
625666038
931346491
995815807
984530138
414352913
57072033
602742708
299159412
687564460
523883941
890474644
23329448
474997057
627001921
453032498
327607702
72800009
814849808
108760363
274235814
376554933
856897027
577346047
759314221
206473013
980570867
148127256
33573170
396525885
936140223
432604272
551005317
158593694
481625576
964421194
329452370
376568398
331295422
994218063
425029578
412345543
633219889
555361308
202937027
194490417
377962356
46616243
348894457
117618354
807900515
804059852
214337826
499874666
83885564
647135589
848249644
240058181
10930332
497702239
30043333
759459358
282034635
337577135
609629309
864290489
335730779
955710468
448451929
828445637
752075757
951603139
34179771
361761506
631159446
816722271
190438360
331776394
536725036
226150090
241337587
650475648
821183545
417550389
950386704
509003986
623701503
549755728
543545707
724680751
738732839
507405933
986477576
910162698
682433131
919441384
470947596
944717430
13800370
586399500
780022752
826078274
733401152
362531848
748499177
639262395
527761827
773438931
360294558
385794805
953141715
350292820
782241187
450366735
587931288
238504965
51921229
143375195
61109966
20917729
566294203
572827119
895779615
170026545
373892535
702447971
146864940
461745234
942574427
826980334
704675833
15914762
896966063
944077163
625025344
858787905
473323052
478372837
653106634
415392388
420688025
493065634
718218239
337289257
963186732
359258143
48409552
737463756
288638404
629183422
156396553
3318904
598495892
831053544
771880233
934547565
869157150
358164819
218997311
842974493
327882612
557221606
379469040
454356795
269829768
252469072
947210466
601818428
712883466
923465071
459697664
186754761
360737903
855673728
518108263
4380992
394088102
382777657
397926826
378274648
625075181
852706359
846572779
730149790
659996726
431383952
605700620
885572883
984311411
87909379
242107834
885096467
193512159
524100150
402846311
711393011
78040381
828895042
494391050
800964862
802339918
746152096
530728906
220709582
189852038
647804579
351041710
377574021
522122936
940030349
337307492
540701356
677152404
396311762
380765354
115722488
788931657
734700425
907769552
886741967
159810171
944165060
801446025
323021883
407494965
650983957
133190908
79404017
345494465
541048974
77829723
23463541
797872497
997130905
901211363
452813478
767810861
630497514
319720641
278594777
629893164
430144688
725405373
455695896
890162436
337737992
404920199
311742787
507864608
208422078
572060466
32073811
430499635
770705418
271532553
64930550
992794120
802180734
472804022
117491981
592172099
541661532
93400306
851808122
552073104
73841139
673440915
266267590
622616077
490126533
512302549
747478397
57495272
953919236
472326322
179891785
998209095
263651239
323384846
499363017
800592867
992548325
406356889
937684957
192419175
527005191
699183029
219074492
288389420
112996503
615780980
837515900
586399503
121639714
784484593
229994371
165341825
25202324
114130443
989616928
386634337
476292317
307778354
740529309
917416240
129047550
443031117
529193157
103351112
106251619
372813683
114811625
105343384
713784969
131434852
989727530
627067512
613318944
514500927
181872499
555883200
830187209
73445108
738908437
708230349
213120911
719367874
562272760
643701756
558100157
827023484
295549772
943366682
329928730
324502620
371953701
64745685
832827608
673143149
815667920
792399583
248255380
275775078
465933047
147034895
522844062
470835018
665598989
500795968
383593470
213034877
485142246
560522793
549265272
43058044
397792094
703941116
71032395
724962756
862697440
385867998
275411624
780883446
185912069
927801786
972314514
764417306
117553455
75312214
956816330
226025598
726670267
789807291
349427102
340532935
579779395
279281974
336161053
889800930
162742995
691293962
869829453
250050940
125593847
946679713
827681188
886612577
754619988
924566701
143393089
943606661
119613211
963159414
49756639
576474701
887288246
532704821
354348083
316762330
809647127
842676348
414904630
116597960
975984619
949688972
772796557
934063799
768305514
511287214
435883277
952870274
232380931
257998464
980903155
444904287
384034654
778352261
187703352
718546024
176250993
848760871
840770176
10398354
36382095
823620919
797305162
2932688
727450473
971730321
193092709
47084442
133943505
341634858
496981683
997459671
959718946
567830977
531292778
70715568
989516533
913357827
319664437
519842069
626273645
305297242
957125084
176970836
552072581
995427054
290846157
447886592
448466020
131274466
864547571
987825623
863563279
798420496
171373507
912941012
24960490
294917861
347185844
140659129
889308517
185445680
882796279
832301847
174312175
59396591
404793747
458951076
22869489
249856526
133772543
159202469
442078176
558976927
657107902
742500615
932178539
921769885
504339246
315721815
861437279
595874717
533210260
246720589
969822295
366882788
327439997
118487691
576157550
751647222
647934268
479139824
239211192
386331933
261748387
682091763
142492025
55052822
927514708
464279736
214050212
794850165
225183445
599286483
269176585
383484786
555831996
956115997
88371189
951266242
804274215
976884727
474880877
532692661
326374025
561076735
392287406
523198171
767114013
517306869
344399384
463413
499800833
279611893
74003211
923207078
316259757
400582346
366361263
5573051
621293172
193805364
386245425
48535697
151282426
501272138
14804067
368700502
470577898
490761671
627031780
656574299
42028255
313289896
558180812
692921803
198723728
656176417
529653409
113001783
170311382
391146119
645011362
24858442
24995563
582829079
273992478
707990118
362490232
359593826
425769503
978835548
46282877
654938679
305776597
660403437
507538639
561103515
720323649
596351639
387713855
513272511
303494502
681803029
816673322
564083145
605447474
490866072
654700133
404331693
28032933
679085134
784716242
959829409
849454116
494422088
581096880
406562691
529097852
860401771
532589383
491120370
157188545
10331132
153549800
368643750
560791181
942629842
640956309
354218017
257164444
887640609
789754708
354594782
294236639
416525172
922954741
95013933
942241781
467750361
895533203
171028338
659283641
491990279
213475839
990318700
919933480
918982462
768656275
291937860
793448583
633704595
874538259
179980306
1288525
478509882
348695259
344847725
849717531
770020798
323245975
35203351
289402284
269529438
367009689
701603624
985322880
796122967
468772516
939721399
167176018
493071428
711882722
995827903
813788918
850906795
764670522
887296378
715557681
360734412
550059356
494549797
481963683
578857677
37077058
390992948
813336459
621259216
845807308
893193312
484320956
124702426
820683947
558851875
667831115
908119183
124042536
9102359
857956434
830536211
566625464
660697539
147412567
342168816
134829194
945157816
525225391
874298608
900431804
566244289
437840825
31686725
207705872
926511978
9405728
731178563
246497442
260198843
966720929
945724152
620474601
447376385
717418531
759952257
904126227
631282970
979164283
542631730
844805574
259264299
706620056
680139978
170825043
393205357
121607052
412295485
42553396
344323868
490986523
293051154
390262629
889974197
483015180
891752577
863587903
984755588
34641437
247459425
827920432
244423284
148475525
322833227
707788644
228277314
554595585
489435791
837158067
827503593
102161410
2484931
115040263
370424987
960553124
631431376
215407650
159203850
696675983
637391550
429080775
827722339
536209152
694122266
971161469
906613325
420348334
879744811
207962272
43935067
645995955
391179146
24561010
664156021
195684421
487181770
311036496
82460942
868573554
91964058
266258263
259773721
549875947
238890268
298926296
789462077
651334953
597711192
491918952
865396611
973346064
255475794
65843821
70150493
64436120
325189621
535733264
674332520
847155472
504073790
856769398
727402413
653588213
265926064
580475562
307546732
433630911
924542267
545601214
524984334
909176112
963974601
597198463
932946600
295441298
57690455
574215938
932699730
62108618
524150159
544095908
990916079
967777687
608062669
570847204
269967043
303760417
926332054
491002480
904756463
631146069
490020112
49932329
920284521
108616891
744813809
998160985
96161666
561515891
290041344
488112142
167144441
469364557
600547435
147709718
971528441
118774511
758245141
632879294
583167719
577303256
598644529
826911229
40357199
91673991
390489715
930317017
59854692
493210223
150898701
688350735
517497896
524395939
965830079
112680695
890311807
845971053
623136401
492036322
378492069
129638312
487760261
632994192
494500676
183310671
36686539
112498260
223493715
601717608
795798962
101448348
813909407
278580613
501460790
685584353
540835060
891988767
517245891
703629732
649435651
748861042
918845403
753296042
804795801
406422792
155554280
529751985
792035943
147034259
111976345
958960756
832126657
726504778
47488200
107204634
67363820
330483798
748667459
169637401
964293151
395557831
611826010
483760091
343643219
123234395
683157916
404978598
349502797
759857324
562299678
274182546
610467874
801652164
248607355
250077032
132401757
7602424
344867341
453197538
18863630
999507557
71731627
142873322
613488108
474009715
271129855
189553919
614207309
262002695
853105316
195219137
383550722
468630578
169109089
523699777
975292028
963470027
340414089
428320629
775572088
563511248
588443944
881016993
744527563
625240112
391561298
263751587
171658292
25624329
103546986
290350107
464528417
583347231
519861477
742377990
337020153
517364115
47533574
188400575
372108612
37795527
646291158
472834645
947641261
208759200
615530333
916001314
286105998
904306242
503692873
294796910
34253275
192000306
654773075
913413413
779981908
10461369
517777029
920941132
592875220
79362858
427933513
998307320
846916362
782739764
42486520
5369392
210113517
100003099
368048555
937738594
620780758
584624762
623832275
316032055
577635243
146139218
739349382
571486240
818092683
897492612
531002693
239374798
577483088
674664096
797500446
976767419
952167905
149473596
639817131
633951129
37518742
491813591
467351672
518028113
103622936
630465743
563692348
320010789
12151397
784811328
150937187
160649395
290673309
668172596
476929778
710017867
807792589
439025447
344972757
898673896
384547125
608887544
482774282
140793993
317816178
404770119
323802973
924798599
794944785
48757723
67902928
569204120
993288199
377328859
180563345
898187234
208508240
511351829
696087872
932786802
440113223
369047987
742649873
974208937
237328252
593854519
677107078
558144963
454953053
586170540
534860971
884611958
25870543
218313277
905494256
84790996
44126601
383063775
71824427
915969357
746807415
855483174
368355926
15564634
96834055
520243574
495281844
31188117
393525432
434440772
582987023
374143320
331686268
3369519
707912248
22496590
370872070
28191111
53415640
601397919
23729250
448685913
109280825
593284955
618643816
29627999
656163534
104361820
210796656
245988555
148263416
27150416
678687300
341533180
53929521
935543712
394285819
612656935
642946920
797775129
233325818
199689672
898073575
123689421
601558197
675454436
971957086
578635404
248113989
361255902
353144777
208914671
450750648
417339091
628377448
263581296
240863802
758720911
320572064
737990699
328471959
158564621
788288357
612163222
355195769
697704905
414461346
97936291
802481147
836290955
261766219
898870822
360947372
583682884
653879735
816203561
629331341
429788189
132362988
53260478
673008362
161323828
60946124
592148571
34412725
558494994
640776989
622970202
739427460
908376195
472939128
608997232
302061248
661097904
728282095
687860089
92094076
4065010
704607092
591659115
272975680
427697990
108786839
110153287
422184604
820983765
999368369
301451657
891076429
42273783
961389651
941785117
919702701
990328241
519981074
433681049
895675414
765195725
695033047
616107931
165498757
162808903
563590279
178541017
723154789
981808566
36476410
962663203
741119128
478189588
580089141
915323933
961619510
82581269
108832177
782463635
885477352
153726072
891959452
179718214
874177870
845473813
375720363
176274384
39239444
523213487
873418930
956406581
689982156
301925777
307887808
876828586
84724219
342774670
625240747
152408571
157636392
49615139
267570370
499706821
980942333
638544590
894949332
452864750
639745298
924599855
342790894
992416006
445650103
608406893
274792513
957455407
196701097
337314347
394593929
773209961
152463193
480738835
656875076
96128527
887452439
446870304
580343571
135144383
301558084
492911136
17350449
710912158
885861468
586202011
682913609
381280486
295769617
355735374
45498725
117181292
940754753
310806341
752590144
285242156
756278227
576504714
11520687
564669874
824144992
995296231
847015485
29272514
150848285
516871385
222298454
57000017
517960816
179620412
257961327
889709739
573896246
450047331
236218644
388570601
643383383
691763956
114784487
494078664
334398241
213261907
651188458
686031894
614873099
525810229
929332117
476912999
931555784
37199643
195181711
376486089
795359311
927895357
708592864
553381309
284530842
895788414
377438535
946336524
518052612
405447307
678144274
40774899
639092532
521970462
865781827
370128241
234977938
422225446
577108567
736778081
619161935
602366474
320875148
373135259
840973943
380174367
819586386
432876293
930991596
790361288
230087061
249319772
687755212
774703058
471911817
309970883
370454269
29224004
935644783
280612703
365778995
401184996
262376432
866574517
515658608
848967694
262245045
425600643
550549007
794958807
518961973
351051888
377248975
465698974
628837877
145690471
98139214
273926851
578580600
888464560
65626578
167587149
311821214
544144531
706704577
573304942
829812342
656233234
239120637
775351296
52873602
513560372
465318161
214013845
207251514
566967976
381634735
176751914
891713334
838638483
304247436
267040748
158291943
582631379
627768696
433494664
693795730
452022420
29818642
917503683
473775805
558828983
940610097
72823609
793649767
134965296
883361642
748339947
353939791
229203447
200597654
668649449
279231548
21691277
468583392
899768828
898391875
910885695
574670945
481966003
214513366
35348498
465818986
922191435
946772209
269257204
544859844
12672026
204430206
278553204
377308756
300338744
408522552
450345564
235900342
739873953
249946064
66753056
874660995
484898841
835926293
922540589
534446201
504879634
146336922
418226769
87924052
445483045
181811757
43642386
713253907
438552873
756275595
13568388
454073111
420979843
69050932
720248496
197218651
532423899
323068415
40818563
128253432
726713685
136684039
970880046
958940440
944280630
85704049
799148971
486637654
508135686
162534770
660932953
997095052
454272747
62210128
707744819
647661409
865720513
993085276
576434009
552099480
452441077
940252211
901050289
31323359
774857801
1186381
284184748
535650365
569943112
58605156
796917670
994240120
286462190
731602683
9844328
631082472
308760011
673998208
925631167
453407371
54719735
547626127
374123993
873587666
528479681
942159127
676275245
583284667
12715177
92723306
529178199
41200242
136032212
740803826
557269985
898570520
754459916
399532731
936750223
327063810
661951384
236325959
887084680
911970106
159156917
542035452
639742714
763217539
657531591
322506017
230819650
737433942
202189007
618083110
791548019
498644897
561265243
212957746
503178717
47240040
106525203
12627203
50501082
837154068
759076915
662997983
311289668
264962760
481156507
346243869
244398910
890579801
839755005
24025407
49490901
31716122
487377517
26275809
545988690
92827192
78131996
966288827
28535599
921503048
91120626
273377245
183138968
757622768
21845975
709182578
508630675
841392257
32424784
285507404
718985142
20261970
935459382
16510082
927665618
775191750
23953911
309953879
274762134
611864939
494913568
689528020
116565508
351041400
959243926
447398299
345917680
596565048
79081452
195378831
148053090
524090168
676838739
36362871
993439975
52412308
18299896
181087573
125569556
569706085
138744319
911732790
264399380
804518963
68554910
941163981
925439285
563639406
859057135
239899201
793916463
384524577
298216843
570885153
49646229
12935437
544645602
925828635
117930304
714361833
908241997
17014072
799839472
535829973
352879412
311131562
535012655
665777424
964363548
212262454
513330827
932352622
387313698
628806019
144637308
738993615
420867824
90250500
554936772
888038522
71359439
912861556
178899493
346468114
525289940
28668532
280947053
811341486
150387522
746826031
238017324
745564993
710285521
53602006
102467583
146480933
944729251
779320348
728843222
82037192
867820951
527821354
736045899
762543717
5430829
47092646
276529996
741849321
121225261
106171907
999424843
175041810
946955517
783409477
475388622
677821309
307028976
904646336
567124317
485695099
527611596
342279547
797154988
68532377
777067077
13013053
106683903
966443060
574463665
191132922
632517203
454689143
491599588
227795456
856608305
865020631
523409881
614737675
524183339
768422566
804368362
662870537
481599236
69629567
442827692
21163511
442800199
11966338
961240792
157582183
801057669
347371441
660597125
820857737
352160411
185531305
125058483
825789663
560425338
988797409
980835388
902544300
638521016
556698052
908420881
764862430
671634715
92534394
423853010
315251589
960780029
913834247
654492622
794211425
701998589
320661867
842901935
147362155
824034166
477517536
103458209
969128853
333222874
189119236
227574238
528024718
528895749
62517416
690612309
238940941
120923361
985817490
43537536
238144483
390748500
393049524
727573343
129224605
954939212
408633259
871640882
458726839
656369325
493439308
247937423
906032545
17630431
555232603
255186282
875932008
341247340
627769415
282591896
741307088
105929026
233397769
211546431
717573642
221731360
405844895
439672862
882993985
157669930
599849264
856049173
246131558
839173256
500769780
73751725
666294173
682585797
678263377
355879816
506651946
901966866
732452258
348585442
474031206
938733857
218208640
384107526
185974551
224453163
437707009
256222557
708269764
704887440
648138272
990051090
358793634
519951583
452369553
587518087
107131332
996672816
538908257
737314620
266515579
996288362
257342186
309813711
778687565
276330707
241594844
332892350
974403003
727722033
993267242
816245178
62512194
227344715
984830064
660005013
359828544
133757424
106151459
799802361
484457845
725890522
18876807
17555482
482916445
356217187
522127025
833527042
225188923
750649780
756083270
368087662
607834641
429211783
882500737
241756979
799493072
564109359
157122215
899856455
756301359
841756719
278677825
660163623
377481205
966071653
445055847
680379857
80212878
643065248
266962027
899622592
881006617
645539976
641838772
772934523
268296378
789600461
690055292
892035442
819936590
393750987
211495036
989070134
357367536
314896043
691002016
528041665
45605397
31701653
45948773
760822176
320815610
399137298
659564224
447332882
896672051
50839535
223510795
708347827
512290604
710038627
988042717
804442496
250799889
594901143
775325686
6690231
383092892
172728640
947023727
867041234
662418129
210777446
140099804
593272743
368836053
727597662
38243287
172326903
576315159
240964529
996898595
19851186
846714915
676826017
129472567
385295477
300483203
582868303
872797155
637199624
969224769
189586142
322240318
638962498
754780493
837147027
480909709
322951523
916791818
838737634
899777801
95438161
578789905
815720837
849576035
195635531
464184321
229585244
385847738
166449659
395664191
469246190
202846129
796441006
846563216
341992680
654534173
21094917
876224820
227540334
378581334
383560168
88386116
93851959
474711601
309343925
345703814
1627580
318711824
826478129
569791389
454789242
872646342
819261132
350200973
841459031
727271180
662966498
842915198
799405999
583127892
489455113
634408231
742393823
518256966
47236260
813408219
164397154
295793188
337181683
731626414
745082007
980666913
236383358
494732935
726983702
24520247
157426822
726807872
213879431
680163243
399726655
845707401
150027426
241629354
184181732
753063499
805176323
725092356
308727816
911176915
55666312
588768466
126767741
111796224
772678283
663134434
274183337
31127774
700420101
158224203
889612873
597954698
20084287
642617566
302457228
267961643
956989297
22614129
788099666
606589228
902885880
661382073
722445692
543224925
699121774
715124480
345292550
170876876
300338195
915749820
992251929
418825322
403400902
329694924
728234227
116252799
423664523
659066605
200394355
707927081
385976198
84536076
847982329
463298130
37657222
311513033
752644983
833834425
806966046
338790453
623569251
328931210
162601717
716592346
175020286
400333478
520795835
125787921
909632159
825928835
926595664
525643268
256788414
708939697
930564466
429415660
944106381
362714520
385710824
76701709
547915780
993172079
564536697
696812757
986199426
410145742
130775556
105677503
364401771
446093946
889045225
911836950
332665959
547974474
538567051
331024599
408495974
914384218
292109724
292569150
954675770
234706388
252456505
740240483
572860244
351501166
269632672
371790639
42471388
293382689
258323211
669891235
258557971
157693555
206929275
840138404
396402789
121833489
438222513
693109025
619326656
318114440
173988688
845820068
633845774
900725494
23123560
815023181
156149059
928249605
838079748
281773726
589960321
575289038
89691481
140176028
214490440
261002375
767178662
584081443
155416062
148055788
752084145
629816519
813020218
97078671
379123723
950918954
267253329
707338448
573106148
283224259
21379640
331025236
145520851
75021237
184056279
384513902
179321463
340433292
193963091
978253722
699768438
548236137
972470096
438726806
820290430
576653577
482617265
294918165
173350779
593662735
616845952
443972249
203088684
384578465
488676316
238041121
352475657
371430667
104866471
563699579
304148980
584226314
769116257
307384697
461962981
706145217
562104623
634016067
846089245
775004285
534818122
945091582
711257539
392434358
331030420
172331354
497670036
280278918
994270682
955579707
555863994
869440899
198254399
766521566
932528011
552267312
132108530
735623105
24080942
68578512
601579847
609627587
334018907
934921145
279014040
669282372
582643857
961709494
249392358
740923409
153560219
57715412
188626642
676533553
579341647
244239872
949379479
132118201
381445240
845181368
142627684
527717957
156194049
137903090
520488073
916847668
57832608
474216678
211883959
700922411
13758957
791401404
974029349
487105764
682263418
347452754
232523650
755207747
636852861
48569167
934620743
115596285
293650663
827970140
42418856
827260744
809716017
738286956
716653269
807551769
267629579
424609072
695076958
824036538
283013564
507322330
365802961
104307985
569530880
947124463
54365648
558024870
121524011
232943610
16110628
438647369
801865555
100222182
181827379
874507206
318758277
437617109
184334010
948987717
686388137
723340754
616253459
405968714
320692807
758655858
943715849
886546326
762173792
656073155
410944298
309400911
802417777
27957503
268930294
742037044
612432496
741269252
895138015
152049411
368221985
248688054
893962484
564721786
896702279
824970878
885019453
216036877
719201620
759601741
332044442
631572938
599698848
917318799
451273317
383915133
731445861
865814479
128157102
951489732
477660489
885673434
289885299
198595838
749558381
185239048
334794112
5264300
403391371
914258447
793104369
791111148
966400829
997307310
94859243
792306467
21985209
694499291
914373094
278025177
937051837
893372
340454908
871282554
121950320
805002728
731404592
256472613
75458026
114504822
275228838
409110721
384851990
786937489
139755383
607727370
57552551
647293146
118855354
698628176
408093069
652739414
937706160
607779117
722020388
326356154
390247534
706882854
63725159
380398826
671886908
523639709
978914306
86671560
641551855
9057947
671535415
470229961
901564241
65296829
347526456
985562801
740922700
240194513
526565920
731487231
255656275
63057560
224762985
537826544
411595004
684161436
526073075
286346048
985248465
549187241
610728862
936656918
303080680
948838171
752919324
837320313
155499072
609174545
847746492
751287643
335712358
950368105
788408115
652365144
308587629
774347247
856362762
452373078
260757664
777247571
833465786
190374446
262674379
682643956
388375695
110032179
927639024
146654120
128073973
85787508
435463181
214058047
624381321
869787332
91460354
426879521
858298649
284083945
775415415
648614438
985869138
263521524
455244301
828968654
216541171
228476816
655275609
91902484
156528764
358490000
506887878
26059485
655156012
138718500
511385521
810577773
791785256
575715366
96913421
47915213
980768354
658674507
476885103
521118705
418026331
143825381
193613856
315151405
154255926
585778656
955255063
366890281
326517174
856609363
38228829
789372396
557723308
177750581
736131338
295293100
399765248
293503397
925086824
472211440
985752457
714013585
984792246
668958770
316571838
804124182
92751604
146441943
38319427
627470905
419331979
510736168
429414301
753608656
908622477
954476405
63495906
965754790
651280875
185892792
168771660
217341368
728884894
985391634
325223563
510315708
567545196
490231074
291665968
421305369
960565975
835400312
978777767
548885203
163418060
739527132
788168195
995469902
318837964
356769078
938284213
468689340
858036013
397653526
341667043
571633739
871183202
723197738
178367883
393404280
595147681
11487395
635095220
985332926
217212379
292721173
286025097
729818630
174142025
195899704
85610793
667083967
951479880
307823437
897256075
239020098
512361531
772161540
625333255
231322691
995209509
239246470
525423571
580741273
226723410
554220307
622078580
225703424
34543929
614737181
319124775
626181298
191839451
714958862
425977986
52067583
956680980
501328479
324035845
427807530
797893961
99773866
69054054
620685808
460530238
513476719
867879010
46439528
354530375
192793561
884192557
39010474
599427763
658361026
600477264
788295419
604182303
194527932
797677076
372787222
122235176
435204666
256423660
153876347
624048457
214980878
855323699
580214087
443106634
169851358
386715069
200568267
744640208
277495256
858480054
472102016
471351816
948440592
529287858
261844992
77217713
89490546
511921387
60708957
802039541
974761843
11811317
495453729
137313008
602931252
364508944
272715792
441185296
324773460
567670007
29300997
499387176
174390270
355120140
293125411
598756528
375451817
375381131
626459124
825263430
691412855
630878832
455286464
690023415
728091312
121766267
432720012
763736063
331938463
691389844
461376168
874742386
519434417
622117657
793188153
704594529
153850965
729052891
823846446
654801055
533901000
991315459
866578067
907890364
423833508
312502113
636699909
218162528
218873544
275652101
51867101
549810356
91552901
33635131
755836828
326365839
446228384
729555922
548279026
11223803
679526207
250509298
754538513
809766084
476077790
330694885
714548584
984154421
520679907
353859447
342626355
808245740
11786334
948632842
527361444
32842344
51501241
975288234
488774254
994974785
244857311
918040418
207565959
725115230
677935736
115029934
908573310
622184798
397103630
190730882
679961180
531136597
203672351
772504680
455254639
140393243
312143807
217712280
400386470
731352501
858028166
749103784
918808550
739944500
917823245
339886234
223062898
579727727
169626977
909586625
687520326
238171767
263863774
553859536
469515766
455612144
457708571
437343628
188131877
498750751
980324252
665897278
234637843
86106944
355191480
130532828
201669893
98246077
269575660
352561841
36843538
347726917
118449007
879996000
920713384
803020540
995675632
584833369
459343521
941650410
979165802
455894889
932673569
660194510
444314111
276071844
636070314
720765556
434721979
483999379
124554529
114289879
956354473
661706646
369390432
613222437
345788000
14116792
947372212
928964754
28742594
704754325
785542657
265798319
796274763
48624314
493840765
770526278
917647040
360826866
332809399
588985239
801739817
979093294
378678961
709571657
975231706
830940946
146210960
103485448
718385681
424550080
449046675
135822069
38674592
889332469
319128117
901387133
205516431
118978032
886877275
501393199
839359783
700168481
758587174
221388403
87463321
764914345
668055499
780536515
839927100
644565635
494945187
62612019
175697268
777883833
370714394
263442515
794030229
534482581
280997413
442376036
89587450
775880680
670336320
833526372
815353816
455460066
17975020
886857514
280076237
82124077
472914540
43343791
736155789
982504456
120701703
52290586
87647323
620989271
531585809
979623424
876280522
747782470
531595216
932360549
400552694
626188609
516055323
205562272
969814610
21725182
449534629
549874714
913875558
772162274
264996622
212636483
112922436
481457597
666703485
519640219
958372831
842005127
947281282
759963536
447691153
799886162
109549435
937669509
430889420
29545072
404336800
537419784
930151609
484113241
411408547
69410245
550139928
155889434
27670198
713985840
221092365
803291827
434169257
260324270
494405929
387955573
51282006
267397811
395144539
816720732
960465427
711715000
119450362
387791313
115378719
388186254
802308923
953553513
202407383
253826259
111140588
627851913
270805142
196849690
880188818
59661756
924634891
558460315
755983355
364225129
55461963
443156468
862917
667914891
513658820
712738508
719729582
611742921
13626861
50748859
854139338
444085001
482360583
266465225
268241366
848223022
25244603
184776098
911917052
88248854
263660253
768374148
209326356
318251684
803618773
666651989
103640701
991858842
917684630
990905333
31338857
87940734
697422147
805379525
740414476
638783861
872385576
647639120
98134987
318796081
211458063
121522700
205306525
811173136
884136673
307230530
579147799
799417834
394069160
572356531
506944807
950977691
127397759
352023116
131942230
773870452
813206026
959635286
610831018
819244014
929053349
12483074
704429862
426585526
600932378
30646129
552275105
21449314
202755421
80132122
287179792
304626657
588855787
200376802
848144588
813634188
451218336
33013040
621373839
57166661
411884413
50211039
500956251
990389760
722412944
476757127
688333111
854968218
955734286
172561555
418006595
85752709
67849167
10237573
753483299
624530151
594395450
842791306
121578079
388914884
985649632
866797015
920654870
977866298
484139854
545491156
827041380
889599665
323600955
258551942
783302992
470727631
16939289
85332815
336222974
188811632
811969012
924989254
889229550
433070485
457581127
802699736
254789085
547424918
389078070
316128657
745655712
680731975
727217944
523657701
691274615
433492411
664019266
819481959
194509608
543503525
917484626
113398960
186326437
490999525
297358274
833590627
531044821
425153552
725195296
237769847
258683001
130132389
872461895
34164955
513833434
115515592
568357372
640086658
993216826
41801636
345124936
622024142
246048751
52919018
613777205
302494936
766568153
275581099
517965960
176380214
771340669
116479481
195941623
580563803
247779944
458954587
908429110
493519214
746884173
795474249
374577423
214917723
199278932
256217593
741379816
476589285
48270383
858944735
673416925
974559764
914545543
758513061
232023707
423546403
546439679
613391237
564002534
9614643
343143882
361266937
448043271
577570065
945374792
761328246
243670422
551466017
848679352
460120708
463026472
26882451
871269624
487452935
383329619
947575920
200493936
285830209
542491457
568285308
306329094
988016261
499850702
335458906
58235987
546966185
767820473
732651881
425053434
814723884
140766795
643192769
795261807
601770779
189625252
169728470
477582844
640766703
859583512
529258844
80348949
796720046
904173496
750425737
877911324
588686733
168020231
750254852
609260639
419825445
575324728
956095184
74567493
238993357
993581345
480019535
63453659
573987079
949547118
802705227
25283727
645632426
161292585
355284668
540286013
431170017
690932889
991251862
143677971
901608598
567660609
664647765
402850672
130186429
962536302
79209329
398467383
144801882
855745732
701347727
815939229
175945449
757890664
231455526
909539877
905406001
12282393
100954148
328504655
704313303
499640981
333102528
50971879
810231192
853744496
580689984
987010914
245072225
581910823
422567547
675490307
318137060
841152039
563172048
391003876
17351879
131856633
175772121
383890036
284579426
245339182
186596047
968615075
688733206
817351613
82471763
131616038
831518988
57472414
691303804
606945971
120319436
377709115
562087596
997941949
762115432
414201256
696946412
916728377
781188567
666238036
901097066
784082316
618595046
239259586
178443145
429008476
361591277
117545220
129158090
335257708
635292742
537490081
803002918
31564493
530056859
510932226
134820210
35930170
941979998
755700848
870288349
172201306
640705570
380111940
257645396
365229165
592209326
809095625
524461033
189647791
866454137
144022299
882388560
538192668
312281566
767113336
951255128
79032809
35843938
867514971
978659957
620708542
98846090
69802196
168861269
223879517
127427491
421388173
919415963
721377623
337032777
888282700
350386064
915673736
638762994
544782176
951126672
632941760
573672514
649805894
998064237
277024722
584315851
181648540
785090710
889468504
445741032
506521622
606213579
438305273
571342048
774642228
697077032
121311957
768189280
807473078
123431940
711618815
527942294
532642352
911022867
308033241
410382136
3927412
616708099
923833018
221950137
945611786
253904802
179702029
916356380
617028089
890218191
451763377
485321826
800456856
100030218
501113804
828530504
136415599
957761530
163392943
767188930
733245768
969424268
861110653
772266960
654991308
628834059
899762783
772254203
704814456
329766
98404334
788131680
772113639
582214733
46275028
659962328
926507479
735019849
601907222
53296722
226255871
692278679
758755885
193093924
284446052
344966530
212041685
324056300
522845935
314594055
736807445
297003488
712845601
241460274
682683715
546057809
565407828
908467147
418999588
685336862
604979115
502194694
32881901
380897767
489468466
599873613
659544586
611162132
788575092
812905593
3160917
557582731
57291866
447353775
641673687
555509285
292310034
116828572
732217058
42543495
883308473
385307703
981943372
902688094
94416073
568241851
413881527
945612084
937486733
438323337
455408719
866326028
850259953
755309018
890866208
88774273
150188917
285523680
3083530
222432661
503968780
126072348
44261076
623440336
75237912
685457147
384146079
47218423
583797486
474730137
751607319
103629225
443037170
156926866
743866870
890078875
162408656
124542001
96070737
735803232
909715455
2715786
873957016
598431617
849122961
447051071
247164742
854821584
632901341
406338319
732797754
505466205
27996484
402903277
314967141
224357753
182060432
368109432
229300017
872817112
488897200
566311218
749439214
907639444
428038131
890871015
251950997
39782940
153140421
836577467
956797044
47602999
121891164
935027940
600993196
503965274
178712607
12374100
125081033
169575155
648821478
927028792
281227632
557827681
904466291
505923929
181198432
447904265
299694596
739236047
772149014
862612635
955549573
932546249
775845696
509236674
691962848
199724098
608822154
999064891
713427062
948642312
949817311
443614015
296447095
311589425
314569198
831176723
85457276
275861298
257659452
709613473
36727879
559770299
824005588
690374642
498764136
86421400
882879474
60968456
168298482
275514270
135686003
19764603
334565302
973966506
949894449
341932925
726062880
680778305
988605320
557237526
808783705
369173929
177176941
206855105
721709864
784759243
582185615
31998629
705472458
887628012
21373545
549865634
791212795
784125640
146898405
505862221
406250389
983299566
264265056
734331554
401821867
71508602
737897527
124225397
738461418
904957547
953705815
632610363
594723169
435883515
508895415
442399825
111656436
138267402
405393966
908411095
681505736
957496182
277374735
660679583
744564055
749379219
81152002
869931269
915102780
321902997
365932842
833718716
450931219
19696378
714005617
459917026
653785817
261349853
504983954
970543627
764769394
224438561
22564174
79543756
2240145
967715046
779444672
113683207
915399441
264598461
844747054
230392919
53709993
460162069
997014396
46165465
698925074
716758958
1154840
551711882
726535141
822364003
527054982
396088402
325942293
592226301
588749810
890978166
603931224
93638498
464839481
794054109
961798535
717178298
964433104
474296284
364692468
936432788
234781693
916697747
990520289
833004005
838893604
431698851
461572161
667297066
875517654
683429320
688875011
398424526
608022955
54565469
634988106
188026339
253180619
580868323
672982929
331085128
565043175
732510694
39417415
740510903
565906442
256004722
271011220
838828084
775801175
547988290
537027643
876777092
669261908
741489913
393083420
106651204
755063372
648998702
312352456
789500859
940567269
86092106
140740447
849345864
128836866
708602921
161821578
751191299
271864138
705591727
323699685
350454658
923669546
527632873
817454823
209936939
31160406
393472023
927696415
130622262
220568351
74038013
434982070
794555787
458855245
854972562
557329500
640132316
115236308
693455286
695176081
655395317
573958521
298885625
866974206
16859344
785261592
495666904
522050597
549808949
419081265
12449570
202733241
4016154
838864709
498581092
202795677
110449111
505763229
337335623
327447862
317502281
502716123
265183411
780299493
250695685
674968690
726870915
293483237
857634705
803926547
40410090
189737006
955597574
690778346
464212218
329991364
187595540
658905968
545104275
631470605
273457467
951163180
816343321
487454356
539265239
121836966
501189998
965189717
122987439
875286508
973867659
551349917
483831287
306941107
73533350
604455308
549472377
688900829
283065496
414640901
961303003
733496290
268715230
896646289
940106643
674658493
939368889
560911880
819583950
301141330
930792369
400300985
623898270
693753855
125891808
294221223
920479653
943180153
810879496
902444887
818947217
119921490
255369795
187048054
525628713
495364012
795142747
159218190
179143588
87551215
892560173
863859044
692973594
228820534
361080605
823647754
345055796
214931109
191710268
349191373
474614635
520164195
167781612
455472739
76758987
682561149
867743133
210930127
683435427
859569120
316922360
869979344
71493395
612847587
307482627
809775860
310727608
85346854
150233729
11542902
13293187
550488745
813118637
121872238
640126762
200203436
988760627
845125794
315343646
347035443
465266941
766640825
702541718
807875817
285947161
77571637
109307314
100379008
452911440
109963515
463848787
892099498
24005627
905367929
130550917
359152771
299845399
436615125
431702893
140582987
59661473
29818826
999391757
319369562
924545006
844924266
787778579
390484349
926855702
24659937
169314837
787812738
989341233
123815916
247739585
86013498
404724284
125950839
105513825
554017588
291945214
504918408
698212774
760811845
741490545
424430172
592947713
171451411
593227373
614520116
267261912
602422074
795889138
74149571
149447479
612228516
301549819
565303433
653468827
709018651
540656659
355830484
335788276
846352088
244478076
475438368
287264926
779063005
957821792
862359703
32487635
950577032
706213772
15368043
440979298
579285354
670746814
997973156
687507108
339431510
721628389
632759409
504626541
722491395
766671858
94574076
306084904
528637176
360616715
29070128
270799367
107667669
573283550
729843296
853972318
401626021
557514063
678696308
285121038
622932831
403312696
929763525
686579932
332239523
187646869
27294658
2469008
42387553
271902642
388182949
235230263
687129326
982712864
995588043
47484796
48789285
901227315
375364162
122733256
836002281
393890487
983974734
606323416
725291562
463716035
356590458
251193509
446944244
667448948
959974749
549175860
897026922
665723879
949227778
65431304
251111545
299910465
166352329
230420265
638880142
718023774
847435671
749238907
67500195
964073541
397938014
399478164
735686356
324182181
988419729
818280509
728922551
891642591
903048677
656704150
129575500
959048420
188010549
540854700
317642886
104408521
909851177
800624899
958179951
595948169
971877532
768511300
951356138
251091399
978921192
641580197
607567240
436165444
954170230
532950444
697399869
666148524
544973194
87830396
248607424
587898840
999878172
204253654
787583237
111412219
154709787
185075838
273351757
920500256
274822222
130758777
787740607
233519549
355905393
367202188
127411035
543208437
140524332
787547737
990823661
108928190
602103952
661096657
841808528
252954980
326672953
109258812
404964995
800844329
921651824
178043097
412037344
584210818
973678755
903719770
918682914
527675236
332859632
954174091
720038815
981680842
593245226
735030822
207618332
476852636
295168562
603290031
544848567
832553583
774013241
341778981
947880295
619502780
933919544
773199846
257915217
62941139
840999509
590822488
61464213
373290394
239041339
659092693
941460659
464494939
914367090
617162972
93447757
909232563
632945224
979105871
120447081
229084144
668306634
610926169
250710837
582382714
905026621
252236660
556190288
466475465
714556906
13339231
785925258
461309994
52680
512673756
823143535
925113668
292210028
825954351
490431574
122438032
290733052
327194234
341247269
384743423
55144858
578503829
290790051
379545093
943557810
217359355
406199175
832820264
930208173
236108621
352993028
81585247
264452791
644859159
597634554
673963462
960603617
945757375
581292026
617398875
909981216
873716182
887726988
460148433
926010586
787813067
252332451
843657100
816523959
588997703
500683139
153918687
162163887
581728684
432365575
647682008
197429161
294357145
614977007
227001608
866928770
103661560
138042598
857920534
233609653
31169889
604456498
841810073
222368359
997546765
973855783
845564403
365288482
157325480
815205413
881573690
558952124
571680360
342246357
256938865
517821239
264027838
160252831
73317009
502112771
137033411
397585264
628883353
852411215
741557456
529252219
264292739
209026510
924086294
701376535
709407830
977390764
744789012
325102791
266629693
928462945
56094070
203240099
499440619
724011396
902816221
779262158
869728892
656634846
571266365
481070065
647609003
451248237
821140036
943362165
745037465
243166506
606197868
376844071
766631338
974675815
390978030
998028906
544068370
410239348
832437441
606036279
792256790
949365080
384436290
434334236
463860436
368009801
394144815
501433167
467504073
225181880
366952236
331782326
594302186
226781098
868201691
359486497
925576521
44945194
692122803
707415691
42891534
431387771
420692674
105822443
815837907
518704785
330097822
585537989
207992053
957631581
511688097
991511372
826404979
419163485
804941358
90139395
778439436
821160882
788429211
546155996
499878472
738025287
721208198
656563850
303784291
343177565
643814006
689451740
30614739
960484279
519482995
14942082
799123985
915693460
448776380
468426654
416677319
907198417
340891271
374506934
290730225
181917014
677605655
193236332
125431071
302859524
614196489
354350076
968664111
159355541
461547627
348978496
742106792
972826256
805015046
322119163
460547123
754913701
520630589
578991009
744989350
449035867
625620486
106635188
515039287
848227330
716482189
111081189
621483904
344621723
922504044
641764846
16269322
963953741
47825810
383057469
227623623
766721198
14340224
444463015
579217938
160187203
151849242
545122576
621075081
774375905
74186571
57468067
787341879
545209682
32218168
6872582
282179910
410846281
177508538
701236958
476383430
548680438
518724381
688139125
343430663
266950252
509915544
901127181
330399319
494382110
340277570
770106080
992774038
245772690
845297261
938938360
142872211
872228792
249363074
161586981
137381582
527847135
607560748
774711496
168960244
395191508
50784391
868331187
164754904
447959012
775193683
509194884
884556982
580402845
777866197
968614121
284320176
714369455
662287678
76774998
590062669
334538831
387950757
759180214
504401905
530193626
174498765
38668878
950925914
934539873
326954414
729647156
237560469
780180878
858030758
453524787
566306019
981645867
964787010
371450937
522529628
572132649
399467776
688121064
262486982
815530992
277661274
678536658
79582346
489523375
118954745
444434403
273830519
436207767
421451704
89903937
302734796
310993548
719620790
113766746
192816773
400115055
76981419
875938159
404713243
392837917
100519420
110507523
90395744
357183713
232807199
502420599
358595754
165354010
301521887
634694699
419651200
115802061
825461371
139718910
687874218
916093615
591669253
938355291
252232653
16858481
601924514
75159923
551138327
117864360
364044270
562403935
116552142
182005145
304687705
16952733
296363947
714163425
233666852
155793921
216762552
460895040
844388218
843381063
196234874
610811033
30456573
380061041
289585745
349877467
546717935
207510030
741507183
946644161
945866564
650386232
845407637
83818721
722853730
379948323
97163503
564444660
113510787
40144016
254382853
265270120
744899665
132603093
222007779
923554052
702921770
393188984
840085344
692687966
157177425
215517880
39297551
818608398
909022075
92821779
66806759
897169029
284613979
569166885
639595429
955632301
662327827
897719748
331608126
463318989
21657924
823315751
748833678
783811581
553565012
942133073
678284930
440457001
571916589
7507522
433243686
511178563
203322845
782607288
621126966
871954687
754976556
337708616
429788317
239580833
439848401
675992197
476345277
103574955
501351509
4645595
3638452
539179706
774492916
754492854
840311037
458888385
456282100
928165133
229210234
787075117
1309387
53125212
383241597
4239932
10447798
715944736
62563531
296361146
744777395
123169348
138252586
68525080
255570531
222758333
112391225
441040379
540623640
667882343
865851375
736569804
626831512
16171767
571941243
366017555
366072424
811917505
530540344
187479216
697031820
309373738
507105788
237034959
122576750
13212617
370826825
326382854
607148185
379688602
862820590
189263470
334127427
8832711
876647465
952083505
286585954
951334056
871669595
57305102
325478942
199770316
339506543
315532063
892276291
63878449
741673446
738802183
880135557
962958768
127538093
258963614
28242940
166701476
717311175
844922427
285260594
774428284
584397849
789381118
273094065
339956134
502406579
381737894
615293769
433236670
644853907
575597801
941603328
395953789
950589372
568632716
429613349
345135661
806883067
384838682
696255579
533852537
961877574
926024498
907907854
382066681
513646332
505118169
755599613
743584541
739897277
183784089
202533948
914375188
618267088
312979821
705733105
309799126
76195299
200785506
924811760
726596512
919492259
977464707
896870420
289156500
227323241
202351589
972001352
865527742
563711322
959945139
958299584
927490540
667338749
522952009
179542614
421610493
434840448
113945199
193644091
279166233
29591002
648410597
170489919
9337526
264356354
316474980
929385684
280027679
819172380
720057645
756743046
847631142
234667219
305127427
783477122
473764484
534832010
884827564
742126480
854732456
602326198
791661082
113183943
202518503
726264200
418824192
230078383
383299532
736537862
168574046
243792135
960461118
135064991
713607710
353495852
328890756
909959429
932422652
268315301
906176825
412573392
999731753
701416073
436627911
211271716
485609860
306307202
978206550
282579591
795979268
82214336
115998619
705162502
179825573
246325436
605576997
758009452
459046227
838739781
379744286
602065740
488892943
960065760
597895370
346452515
863915981
312021415
8030035
544117157
714716110
618904995
735460423
25084702
665402593
237842175
623644776
301988888
834538887
883830326
898807738
747038771
514408920
251143766
536797069
757413029
521104170
53600189
862209916
974346325
631245418
679690614
210345967
198931467
633537006
462860081
231579027
106886639
745545409
600979318
610616070
771937937
915813017
152967807
836491805
20157958
450706233
772730884
358209624
15803127
955328055
929820399
482843648
145241653
694854476
231786588
504961129
712656074
325835012
331774515
394039202
434938579
533776574
484809913
666639993
394668704
794830116
721397057
954801139
242019290
601801733
851760275
270807346
758763730
701373712
311586921
830478472
713111660
583675721
382497837
343207675
79613369
293221427
822601287
445404402
990991123
687169298
156597978
386903156
995311838
59340676
908904825
590506537
361125098
140800393
784610513
326733772
863540367
405705502
319531266
541603727
420088852
6241121
212838721
855984400
450185340
809989595
167346849
154046632
206475942
750723001
595214369
473488471
834324127
267384014
651909691
801781710
283013887
591886633
627072600
471680557
286844379
428972465
849792346
840175889
298420010
536294558
28966328
866317929
601527272
446939013
115392429
584620890
603521960
909043699
268569781
325099287
178415345
782862642
791022644
737681328
966301480
557150796
614820385
898638574
51816587
201092643
743558216
848692877
696754501
76730138
813188559
233052998
507618352
750761444
767981575
919063289
425835047
660241463
339498220
630898855
62467064
572470038
268189419
71577373
89718877
108355962
664092507
892810347
457368836
971492059
793804502
444203672
199826686
376152337
269676244
399260815
800588934
915469672
833072888
587401023
495998155
899799538
202050682
327619284
151033946
641302622
659252696
484193333
512772541
127033589
668402836
602142345
819582283
86845391
776969893
96952496
216650246
84679885
783945139
888389323
511241521
581778192
880970484
464130548
121728036
894923640
763646335
904905611
452553899
433719326
305410753
391434018
533039667
504634620
867618898
61610631
468274130
463538432
680499260
385692294
398340642
367747887
658012963
732624315
483296448
266128719
647085420
526413570
207195307
552660930
572880130
55650302
385137452
22882425
528179216
533986657
185215826
765482432
451739714
584760683
197460661
931720940
260919261
64936072
372636588
9948761
251993051
471473227
633869307
197435517
109564879
767865459
877501400
738234054
86390624
167067181
303210758
710580836
446884886
260045111
683932760
61828274
293955419
649171234
947833436
725082767
255182265
360232565
459155689
595184959
713582794
834229151
81941310
228189605
749849910
421768635
987826916
125346168
967904792
475427799
146014521
857951766
799638711
183584122
933241369
768225023
593597823
697583146
939040481
860988131
577275201
292733793
293369090
138557311
108387762
950601528
662941038
233829494
868592067
324553130
57728517
953188629
831929470
407770930
395705592
665011887
946879562
938942069
631191097
348642561
182987859
540207859
682209007
790166961
384958972
207750012
235287508
812567803
87442738
849416792
977786710
21265331
167721936
539701977
17830907
276561869
744223533
678815495
936809637
673708123
295701526
485311871
148697645
671888121
236886113
348560290
712847795
32028947
784437717
625600338
246372005
810421028
3740123
566835284
170524287
664036202
555270307
764856130
899719487
3173115
297245533
129209652
388358330
509590361
22956434
862713903
111163792
404410386
585391525
926051886
446288545
696172163
982955795
580825942
623737368
346267557
767601063
21702707
196925583
463493095
473223296
621720169
313309523
202904159
240356757
309851892
775466652
733136680
365801456
586118208
155908578
398758803
717237576
528408755
905143420
931214500
414847818
304926697
305916830
938698434
891905252
663347593
882566137
393296256
859745141
486686572
627796506
709473513
474810699
475124137
623529889
71571609
105527751
118007894
389517805
860660673
116290159
319917732
368211726
576366386
132427064
160193505
20040712
722037031
504635113
61856118
692346879
974411065
37487656
35159552
885990939
32270945
457222960
135965879
703396738
415424408
375788362
172074193
846418897
468635315
844685526
282053918
582968468
137763143
138568430
951247999
163670655
203126260
217481919
868221975
367451533
265550137
368730763
988908951
500324397
802314355
813265792
600152429
739177313
363638342
157816564
97875573
526148447
506821330
643214694
541026384
458317715
159426414
97634861
325235074
931001766
140694413
402967109
528058706
148860637
64128941
649907076
160088263
442085742
879558355
780345976
636824485
987059949
32286231
496624877
999448068
139501667
506206493
915896506
623680194
370176731
500642682
183169485
799933750
363324845
49793802
839910439
47662572
15317806
71256699
556401689
534262858
582935980
747481881
132105407
805441783
547046371
306715557
975428376
9421781
913480161
134113838
67838045
535301189
453522444
785870887
371769287
995455236
389651977
630688177
735810676
265798238
424293104
896671017
918106566
697423239
645307773
300655933
260869238
751540177
125988468
203391375
226483686
157403986
744178254
569648383
199587626
725496544
409913619
627448265
145703780
431039077
183102972
187314087
981473242
169026380
651035338
267976271
429668322
314410666
236659817
980227286
584441082
410831140
460215765
9731866
486449144
681013111
677735825
429385301
207249365
97650994
616108930
170268732
376175835
265433557
160073096
856660216
122653836
433331698
365685636
564364116
100422293
639970831
875492927
367222783
868130120
356455408
757436769
221813328
73942600
754723620
608229170
823296853
491926355
580378041
735671705
500040990
326543092
841509499
270939382
674910046
60115919
641762909
508483743
221726484
342255987
129553338
350595514
548081
502474074
948409414
55499113
973832743
158595921
949300539
103315401
66129890
353608218
881857700
466655332
946374172
231139612
118401729
717332679
704733025
207074307
679311674
174443889
580802261
53865547
839957031
985077869
905987022
303475410
616066275
91433144
79921083
88085301
4226188
980105757
715879889
551161803
744874521
322647106
297434319
494714803
430065249
457477182
564883476
423043691
281387101
81913392
564317537
627013727
484404376
358341014
617181997
629271128
704766068
673372140
442642793
630804026
784620517
864729549
334230742
486231827
97526369
695542412
514499788
458933125
301630294
95690939
61677074
318772161
992833748
65798866
987578517
307476142
361335303
520304974
374781916
645592426
807168531
362022113
186370793
1439171
306522413
402687926
917048421
211280336
744433815
195400438
634229102
36447050
894014653
332402601
176364151
529467754
969269857
952187247
113265274
378994793
789944037
46293617
464689978
497090378
621411442
294638967
504655410
41970232
789561468
237380033
722596743
581370071
437016859
459641060
629907255
471659383
503666297
791798576
51635797
803647321
992304203
911440552
471256575
853518787
65165129
416864982
209274416
326908273
947310420
305021398
422181705
569259315
171627419
168751297
620810702
602674300
529588930
521901239
431284612
988030406
711595481
383275639
824551428
506399663
821797769
155515674
596488999
579154475
95129677
275969393
718761373
389100984
964373297
775196425
879860076
495213474
379162021
301310421
91848424
795760461
256076120
555555939
898793833
792779323
279258382
24903694
883480018
27391760
538121996
629053246
941851699
125191625
524915316
533555605
201337654
843746860
175984697
87895535
833168324
436596779
732020111
725370962
124245306
725276362
543908032
320692187
712076816
574693158
280711129
501874516
748632188
370207053
957931630
657782647
198725767
441460224
186031427
857267601
548074993
167761586
737581680
266143751
776585336
535980401
540624301
28217036
470332467
397195297
56315162
376262325
671564165
795063020
387095873
317198389
623497869
933842025
452982383
10622799
702415494
978753543
55573938
772340240
764703931
470250676
612328683
184242010
332201088
194755379
792926791
65231158
646533829
449613795
230854176
773804861
731970144
406916262
486778608
793386870
357390002
694840574
553181989
245004899
799792817
774069802
183084421
779272275
834742624
504807818
481423101
277918981
688564900
709102950
159984431
184376510
424872852
618729411
507542100
607151908
670792070
406539040
675439745
200252871
541454941
928299661
559887924
533942368
923926191
468063915
52266483
949017730
405811101
963000806
975570953
92485127
884310534
662046705
17953466
943989416
841143577
881291062
431339125
342005498
224141683
896212773
262127266
290223794
156167444
557524921
919534665
27960113
546212771
118463902
548194231
742447317
50067375
902225064
891830444
780579092
321610816
474730859
253823862
720975420
788991368
69316295
617156988
252167377
217135715
251865812
192951248
946859184
54226569
368378469
400409150
115799959
220406451
365475423
930281417
11715120
964258666
797773601
562535330
487831489
666373284
902923594
808577965
472705715
931687422
752064108
881129613
129942106
975813245
286245412
47802871
810851577
946058262
355310575
561744573
124212292
781692006
982762429
123049912
714258353
749744988
719391256
33231304
47220779
878148340
528552554
215850494
979585256
544796265
814036407
935839919
875438543
876732375
921706042
233536069
274322697
741136797
203203588
775920772
291049029
156812817
947463338
86877203
195355685
353117631
631869838
180725545
931483831
673755575
746146620
914536628
634259126
833811293
969883703
652655572
536984716
234876566
178852757
985671970
9314168
435542196
800978147
978706486
942463112
620335975
152432475
552830166
172840316
64487395
730466873
992200876
322495635
686454475
659667025
896689634
943262008
684952017
495554066
408409447
617040731
36992419
491031126
191340255
641494250
801840001
820273105
768153203
344326786
723436672
831819088
390740915
823675977
899624376
430059775
954676217
150470872
495356254
794588851
362546983
367861020
242580948
888084835
160749399
180308573
644810446
713918714
522524868
695308587
819787995
2278749
616682838
660450806
164081879
650620976
980869471
202408704
82400250
94751683
562606262
771398399
431480690
568509375
503133418
488771947
559146506
612790051
541918117
409737148
94863594
906016559
169275978
868511290
285191009
285349604
331733049
964736962
546756676
265151940
317324267
932704470
761181743
255716621
595466919
441625327
600387229
984876003
532889944
899761732
284503823
415024071
458377142
939159077
745864190
502987709
505639745
326679255
491217865
318602947
915171408
571782934
979493123
18492503
937119912
534457355
460171490
958470969
948349510
150951009
945354265
331664660
149762179
480740237
602117890
259501473
481775717
875686213
568655131
21647372
755927141
261132254
416085854
248665959
192406335
528033621
76240062
820604024
641868950
96431625
13514033
247175117
77001957
731741059
16458059
28798532
301264254
106910610
11389985
25102752
424530569
850045525
866000443
465522713
82050586
660124759
524510210
34655392
155477777
682562151
503160799
743117571
32997612
520820452
522265413
873290811
42234615
13711888
473484356
64670480
894056358
445821542
619236677
761722886
279524203
687220388
306439705
139810477
117819683
336661737
604461358
342422342
298695575
199261721
979454341
946386180
63454671
952666376
567107626
677673520
173179117
778417489
69588337
619281562
249236737
348658381
983232719
233553875
423774470
640638229
415464214
712976984
122184630
312818231
289238056
118417231
547033066
234597079
533245137
661233694
86680153
691382689
417987996
980629045
736577867
520879173
912515440
776164272
763337376
878811429
261878584
869534596
845611977
670805193
808411578
60719023
761670923
340118558
408460234
342006799
336822878
375860202
172850135
145871987
284913844
303443385
285794191
376446314
724803339
449999620
204411226
276387922
201659851
911460952
111261223
84550005
913963112
662532279
730610145
715693528
619379252
850905032
57389043
215560452
949797781
444732542
486060377
49580998
758507777
278027996
138926301
279116121
968837068
306311420
960917221
796949463
810569816
694323860
115217359
427831130
620036951
555971577
595624850
523012758
566080473
220312995
83537439
70110086
537957283
374041263
909520163
313006596
442776608
863412055
989418538
158356831
235770630
602747951
932814107
834590111
654227754
414369152
342884154
743074181
612491144
220895890
28918616
131380487
230171913
953783238
74838149
161563085
639109537
97862326
804909566
902883325
450837275
253359844
200883990
128587466
840646050
809189481
292652910
964020830
983453818
364051826
8521084
820049982
122414853
235182950
181200942
688436896
480080589
277573989
258367148
21446147
367990370
820107386
434923515
19263765
57920776
82115262
801702240
18781054
476825874
16132004
244044088
275565273
564808386
745809898
590100529
632833150
426187082
753530799
739604617
89913251
525356819
905417784
632866440
25075833
359168323
804972363
471507676
190127351
551064929
129220740
300233226
543099452
665001193
209758974
125899836
866805926
539186963
969358522
742215125
936484617
243351923
514933745
875866845
865442535
600926334
146090077
346304111
785723708
827912247
681788046
199668352
534077887
501098399
352273497
714017541
925246886
620198601
179380830
512526860
477328425
591569386
180126673
154809993
719002786
853229188
708987655
499766399
376606022
399229345
933840229
691335099
315753954
310794340
811951711
44275178
266968440
143825024
598296564
980791246
684339407
670545614
424869855
847966661
91068652
404386354
188555816
486059076
596276200
882644147
441656464
814419617
549504320
144296644
542726620
22797532
953951639
382713731
377350512
723308763
12104601
158922078
893774749
619160694
605369853
444388562
261935687
178719134
388847886
56208341
707809356
89123729
300949669
269585686
127108890
725413999
951260653
744012748
354694667
893993114
64053570
738722284
688627423
939633371
627755078
191956136
113835293
482148397
925431684
425637473
91000604
969185459
280378288
332315608
711804599
609377215
801807863
432145938
470944574
771535973
856270825
271859572
202391980
620021621
706131046
115413540
350144101
988305040
741463146
46602760
304397202
68347818
330259110
307446034
413898602
984042606
269942554
66751752
456865142
9331723
647249022
190903894
448298127
869356080
11638423
721841538
673870439
995732905
221696362
362605363
331518143
90799521
220388965
13855088
383335254
111442256
698392551
103891680
622397070
122052345
799905172
41318672
964316836
398091048
590363752
257274994
668706097
2937214
613389156
76373727
872956865
870886434
686335294
375943093
517978670
702123211
422910515
599209779
527190058
92091370
748537167
235632629
465793618
432808061
992613750
604442683
480771470
790134482
216182754
512776062
845571918
459621141
989094595
996604457
907595734
545676964
698754320
878051657
775433994
503357472
307744356
517452734
668051376
689537673
983413860
652999114
467891840
135507172
94443092
134833571
714287901
5276416
227307867
843452457
442833775
459766950
416449235
625270400
155382598
444773977
258125617
536570356
263072771
392096768
216832664
659716433
636730402
201840919
350286157
479325623
43804011
707246596
284670017
846757854
354629111
839713681
833798187
651261589
909748359
90724011
369888293
236599787
826540613
646037982
35856355
730560518
471913116
909018070
114069291
149731693
809275304
826681769
623720590
128811351
500676115
416440326
355081013
987589960
713211986
580917268
900122887
536241505
22248328
909135128
679162142
310283031
520412504
81824763
546112716
478479405
647345454
305417854
233327660
284159260
997553130
296702293
950467886
682848264
704478604
54164255
492008444
466856078
341240485
584714638
876274452
780770404
789237156
576993046
829972775
843225780
721278907
783849969
900295469
602698042
908309653
355073052
349517278
195415497
189018657
294790353
420366486
661743930
868293522
867233816
18883123
868531900
58237477
513090745
188426481
335524005
38096396
317083066
386639432
989735862
871136272
916641482
171799545
717529332
290602974
666706720
663962838
703024861
858518943
198780157
722732635
616314540
97597569
979526725
88106586
296763106
177001354
416179593
110719773
678643993
282078967
864454625
196958407
472673848
655431553
262603919
71153931
292424995
84046092
488897136
838715272
96090423
16126932
788674039
177334352
602106533
488696576
536356893
744441664
459049673
504134380
979713247
106200095
273238331
805479215
652772205
959924677
416859121
206664890
363318195
617571372
358615133
83584078
325988287
617428215
304007284
102351441
629786862
769713722
315375694
107221387
584122341
442123905
700102762
697575520
217303781
487298978
633948225
114444383
457201529
493876925
182323443
854561526
548167109
626288054
884008316
523120801
680200663
876674387
309125728
626191362
627032109
252780366
894043494
947240552
654996753
105907226
501662642
576717494
243738842
548458091
480159280
510562445
193762670
91731180
666605819
460424956
169544985
328916678
101021265
621423332
161232715
448349320
278741890
472454480
183146243
540075338
451780796
703701430
453243281
516363445
429296470
658334846
887190971
58506451
905721679
163044961
206693703
340376344
514725223
413189973
865862435
638723011
574427716
857022612
507901121
139306841
390345389
685962075
998034474
85185477
738594913
565522995
366434806
502889437
408515098
703546784
474338302
112562608
835265202
90287796
850552756
617869792
289858663
315606696
802670912
325324749
752716472
446498009
390702087
548877169
367497744
881190173
281777906
696427567
184052342
78916448
40421946
854931521
741061348
867847266
435400629
58825648
30617289
658707853
29879459
223109619
333637820
99420573
863318604
571961216
282537162
987070568
857170644
8055775
960677920
226018728
721844290
20922563
236774369
415829571
682239754
460271640
374168881
191017595
25210548
32818163
786837142
516544800
540833835
32443550
918767900
989531720
776831593
879494093
852345576
100877336
893316641
976440543
488994655
110246168
937096092
689255341
404179826
959828508
694519479
356063043
110585939
29682149
558063173
14901038
930826362
422191083
757750110
638583707
605011236
204043597
129108672
811291812
607825459
241566250
478216239
4193576
543522023
324008010
30700567
800718326
958213128
175453435
120200796
440985113
799577426
677010359
712495817
833777533
977539898
184916336
673168164
741805600
227085187
928058859
609299083
450611012
313944163
588184907
382401926
535248163
170989797
189762382
971689251
747758401
254937524
679067418
317249908
793563409
576945720
766069529
353064933
342833998
175938239
889869405
222549873
451389652
172032684
964642757
418118960
609339455
610075256
441850675
230006841
307435130
865937600
467268021
835060600
608563265
405888489
599645674
674723092
800006856
748233397
312746734
513215597
979703564
79013420
272014262
893665550
989370807
641190779
666662646
285589615
706750723
717484780
986342970
676181529
211636094
752674039
786628374
250572409
138639342
175300608
744572141
464628709
850263163
757832681
329694783
684897756
904631550
28104083
269123484
537259693
694757767
994036834
452051975
951023465
912241550
582767628
729753523
834226822
382985739
384325511
863666062
715499664
319006220
890965270
327710899
719306986
773406966
243274513
969697330
256828887
673974969
330457173
813337123
785860606
308575393
139303027
196305739
602805746
905223362
479080442
905030630
634970141
658340810
929858004
697048455
593353794
636637889
914421679
848011454
164191453
883490737
988995883
799162334
420527774
69073988
370222214
176047757
52420962
161798109
830545773
899997609
439116418
796230232
357599733
874216553
304085541
109139933
490091
536564533
884478220
732522817
414056046
886654610
837499347
241088161
521712698
682044277
28663571
955957585
412089369
79939152
902649551
39038179
812208694
690421379
588680796
420888871
510846501
318510647
658487368
997598115
495046178
556586240
689819909
717348451
963728036
289829982
588089068
478302070
965777945
725015921
471970259
915985165
293410856
599394103
432180080
617366687
818009219
800011530
367561470
522420634
138634032
98490891
122556645
500638802
281411197
761364251
107298576
914301420
816149435
877232652
106758766
472115126
138278158
827524721
903886850
309468490
904049818
213811040
113608306
572306747
492664162
50559001
645727193
211879105
803298469
559083517
990458828
869973311
870805582
826297180
882186070
503950766
488756927
174834517
603519944
781663508
441150788
39734329
79677682
795521798
412654695
254341986
139790418
670012385
221928897
52244612
450085108
751853374
997678793
58811563
286169053
620145237
681144560
159092881
267336179
826028939
980594558
848241508
289982182
386151300
743042942
334962127
71489838
422450899
987201871
481079188
344531009
4353614
715067051
105553955
97358335
884191945
315068702
511200220
46206239
390041235
83778913
992639880
338168005
549935266
602188511
216560544
484840455
750111317
96408040
852989751
803044735
189598295
51374429
258032285
599147643
696294795
650113259
708095796
839699201
135650783
570646375
690709523
705995458
547408095
779206174
785549134
163268399
124871127
489759497
59020056
6117656
52035891
472522035
906983721
384181040
904778856
548335239
851135836
628175985
721081641
722072093
445348958
435116386
573245249
928147348
287003761
638940643
672983193
627652
218338512
83480592
193340576
464223035
167741622
69198509
822057465
394981935
108138592
207167823
172478722
640083784
696740580
543347371
336440678
211813192
187519483
237244166
304614359
185312359
578929011
616783630
657786189
744069972
234258512
633707263
26843678
327502993
391774669
13369849
65409453
991085383
544025148
71738905
749697289
223566891
683795147
333748670
210127614
747009079
961664292
826315038
755801136
834160280
28371499
966366408
606711985
137555580
23697187
435753561
196138005
699425546
132610955
254280326
457641472
949232463
200004180
564119844
512225112
968850753
60162584
989218613
489367542
904606676
144028995
514303816
497126745
877277319
562436472
438305607
481613235
871905695
927775438
527969844
226858191
962152648
526030026
169537796
615098785
998454850
476093038
207609004
201487515
35049238
289241343
854367573
86520804
526462804
676985782
744508848
347829101
384054729
191861655
838352386
928693226
261984642
405855136
244480652
977071650
945626066
618873055
526790271
283900556
440703996
418938207
292339922
221084596
988632479
553180324
288464852
179773640
139161260
286849753
721164606
242752771
319030955
342350146
492755959
325129610
262140216
833337346
513017967
273755447
304501251
48940916
81514377
690567989
90666364
324095592
119728962
416467152
220289768
867861478
894945066
381127716
783746277
292243772
787946193
102957699
595860229
19121057
339831374
69842039
658982232
209624941
26387418
232160754
613294011
273072650
689566218
790789678
125488279
461291661
144153114
876350423
955878393
993056342
387926639
153473231
464652917
404573063
841588619
39895656
797958236
795949068
198229213
892789015
607838451
446895624
506781525
6117635
579920521
79509060
562108113
478834832
971872451
945507400
338263868
838106960
185851092
798320919
951936058
912133740
349590866
69623801
540858722
793795439
969115773
280700881
492218151
742431113
42420776
527635523
748715003
790746346
150608986
451391600
504820094
104454576
674833237
659170015
191050571
449037221
898922268
287332808
192587489
652181675
99477093
216281498
81313297
884804193
949493721
50581599
425842433
661392945
882822658
627273663
344549795
13408151
433825286
453962694
793904994
277096465
417042244
886387991
125723541
220900865
761612331
171268791
80488369
283980045
127618456
58934115
641815923
23933208
490376152
373035519
508899907
416877647
369010479
776659677
911882342
598176189
794129037
255157170
830798943
623253472
386348213
409740585
454722951
930728310
202324864
134028407
564511633
795519420
247842620
562273046
84660346
935312728
834989689
692569851
585553227
981427177
139136382
699732507
766623314
389985115
74170861
120661606
818155711
865548044
861708940
149790880
885563098
867328221
468280379
82304636
648634986
899258174
465044860
203359459
470507891
309210509
789789881
287444655
973360616
893338183
949481916
82909459
431898575
474343627
329231880
578572793
396252084
996100005
132597934
436229238
951222349
105830062
52093958
892857136
846527152
210150075
523826945
578039474
931454305
754350706
85174873
76142099
369557801
890237632
984691850
97084436
516558164
348596955
33736461
858521364
296033955
486376770
47893382
385044414
585195916
763027267
755545389
552291662
155988138
954740703
932376341
228390403
431441591
870415519
952523032
128955227
688069796
991819207
8561065
50845644
714248209
203891558
395943463
307571751
797232434
875522257
906699290
234460048
121529849
595757047
215828980
559479411
537083398
212345285
101732684
191228954
554648989
368108230
938651504
89700346
136941825
215354889
135422845
416379366
190141645
729030498
589445281
134652471
944147552
33737514
922744367
771883336
183922262
146199747
929977059
265490774
482610350
758629021
41123006
44346272
57129162
710228339
265873053
917921473
347499697
254397129
181176295
72536458
285754397
786106237
767328900
65455632
391620104
788309561
738529470
25190656
295021363
999839749
700227235
100027083
278505551
976392770
958450998
270824362
550792490
64385685
660903448
170459486
846669759
680281774
985070979
397104952
897959020
887431950
908314194
757514173
377723536
24627485
943330198
80030429
570288183
97955475
236054620
13122352
888123548
414488661
537647152
169687536
420891384
757311368
806681083
873845659
921958102
709950244
769387153
408777207
24460364
829833266
21024920
395030491
615768319
408692678
920152809
824982151
302525763
792990958
379572584
379877047
368415825
212558866
516946039
386526205
887597925
976433354
558097980
997028332
813019518
372718433
779624724
411754854
794014403
687244651
385337858
527127687
478164406
894317264
774352431
504137742
894541863
448371026
664016575
929677631
890539115
957959632
515941713
860126781
460665727
995303490
873372078
28360171
13888494
239837312
365799777
363661096
843386756
31832615
213407113
270019191
70746712
377099291
695673972
565311293
693799181
893944246
299324766
38903632
730953500
668415753
927214566
458164890
415597741
906003082
901881196
999839268
55191361
818842535
852017710
977933662
225616075
217574569
550321889
747529485
373265531
942588233
338862622
872551459
238891251
768829548
842989990
668115708
670300596
813079255
234821229
748141977
746404640
837895810
747989111
951041547
920074086
231767004
389363132
287190960
391981234
593899260
300489209
718362554
876933190
127249323
672321155
450110175
722398515
239921824
222033527
776087825
666286119
473135537
765713421
824662254
54957779
203014850
47520892
214509455
776960237
626152217
972709972
798464496
164902953
233500878
879253521
622667666
192788034
845119739
917563166
641642398
948828774
372245709
448876187
128318206
545410725
940801224
980503534
284158324
321138749
766644497
980373107
846137418
647380117
915534511
594726142
690707175
593391813
337006996
611163111
140616200
641326833
127951175
777185137
244171614
98221394
837066913
303804852
960328891
738920060
552280968
497013758
127556713
262663376
432997285
233378703
356202799
574350913
209098568
281855504
38136973
650790376
993915724
823488903
894448689
265192680
34347148
531275780
851902719
312039411
525219640
838079575
272602215
722516340
937101271
966541104
862383991
710893688
103019870
219920959
550237370
310480867
158975401
554621506
248829068
428109386
904925256
139490157
677791689
35677342
989985888
305587322
796109725
70566912
80859357
883841023
787340413
205752555
795008025
912473469
747772510
88879052
862185583
346989804
570371556
759967196
510631798
478487651
259323404
664326248
314489507
824501519
307497288
770074460
968205608
871716339
959416573
907807650
680337595
225696372
325384936
437915713
185971727
124229378
526770588
490497226
517851125
554575315
462936614
854626632
500254176
241366195
963465665
961050611
208506095
395449276
768068322
779015812
693198555
102485139
474752189
690622237
694194894
75592313
651908540
665843191
160516604
785289614
148576045
326086317
859372490
14851479
82745804
272367090
686243827
938147906
21142240
264934824
28615262
905882048
334213239
765312268
335824637
597531162
682835374
47237329
730772837
231860022
541204774
361864529
806476625
33557002
136819061
308122514
598180881
713632968
212576750
434257514
379288149
18661104
761577975
713946861
234498760
502428275
289646116
655511305
83219565
200570568
614850230
122181394
521376814
440051174
702417769
331613914
942959746
590717585
183460346
494488329
805753227
94692207
498564748
633227476
297035560
74054953
129373029
449433588
520814154
227208729
250158923
603662752
527805446
71915891
144590903
127219694
211990595
904683853
822412557
97537805
650870199
327273885
695184871
776034474
946934307
945824578
933621099
18095239
385263154
4324555
599887919
271133543
575362772
741000594
297201984
21625804
379408505
797476903
114485244
621236668
757957032
563383539
745030990
230867544
340789554
730658243
28922956
922020820
469688765
707819208
434356247
947428830
663042428
517929840
384049503
184833832
24165461
152232293
142820058
955990241
794182566
742998067
110124414
133938221
959713709
52038049
99340084
605253040
848030621
135385799
385013288
78398602
606575935
237561467
965635173
607152827
839365948
155209701
895460026
382136493
337428069
505332570
698788725
962180166
253703382
928254815
769599312
257243841
703300045
411314235
842026336
289430415
7624987
144584166
809323063
833156402
612964777
80125148
897331042
580861276
135037314
320210081
291889025
876639028
983001268
701512640
425887272
864504431
28005860
362264740
459006741
603943595
797460325
751603499
699793980
592052975
669686667
65308876
118507673
334905419
108655175
752857239
329098497
593232524
154135090
572880534
644807662
474804566
555904900
239577973
132286777
411877999
239731396
453641150
641648613
80443567
564094723
358029178
46742702
235431040
726663294
320983410
901057245
967476148
998580846
110070212
619111961
993990341
855685659
53395795
381690512
369428775
91280658
568122546
523494157
775270110
12228973
276493113
757408054
807358781
220801641
929598968
525540032
264337448
710381324
357579146
552293886
448243769
157055827
841648790
504802063
383619633
677823463
657383045
625903022
468228903
132794366
362395319
52359845
571156196
112184552
284587431
506470462
572726413
186968803
785742666
58070652
315587053
286368877
351556106
683976235
793776472
900620365
707913087
76389680
412786197
801380859
891366902
195132250
857441130
385454471
452934197
637560698
376811303
875822075
679287423
546919107
620852564
758568597
917279564
762253368
537193672
259961113
273617060
589924118
713114909
421272205
941523012
629748703
828258406
697371220
960569110
46975968
43349202
247486655
851927381
524473371
700717398
879537002
302579883
393125794
401535722
668446280
61601685
990511360
244555164
498803473
61862587
664814183
566456455
192028267
470700473
694931043
761314986
386778672
458917712
546725194
524988104
272661083
751330155
7588150
917274054
911247502
988685670
886002865
176903216
870386833
26585818
731263511
123509645
861081133
334897795
32667174
697091354
27185924
580994199
146823944
410262390
720827163
702382896
889176724
715567796
77505268
442841008
416226125
686050706
973573066
550179368
186683166
333787200
94463013
634266327
814282408
446434188
819068384
978750298
606156894
440704812
498491061
148538273
684489203
252583773
591710926
835075526
757759452
905366572
706266872
382346445
513682375
105241426
162738216
733632179
45381526
740501878
888952011
243272536
547649278
931594011
871611119
240867608
299437704
433546792
97607976
953910946
218625215
597460475
87387651
596313123
829055769
203405893
290378565
28134550
988808185
978064155
472248878
754556919
787484975
689104144
651631518
206498662
47249121
235984739
221711767
752165719
212687817
308368936
149362363
810482740
270598195
175522579
870956123
606535091
428054288
315761843
680251563
925419880
356682637
228286959
114498043
26019209
155534220
603434908
122331563
237831213
597752599
213726604
735522336
186306744
593898175
937244009
682418999
226045709
783886092
896176306
874596173
42970310
599018499
529640715
11511250
56891930
797555999
80132579
871075448
175872463
582196770
981180193
156337633
161975198
766887754
377711784
11385363
236786542
453964695
616995177
963709184
970981461
437117849
348891097
732735300
392483675
482854157
755385142
359313600
658992230
754174616
853473378
146703821
953426709
414436260
92045299
746912688
767728510
135834978
92990863
931610736
831555623
955985928
457133695
915584629
229626795
773963882
516068006
477832413
881680060
205861019
852286844
688377961
844384098
267229983
621887887
386031517
61366935
700135103
303607237
95968635
754732542
644452613
750683930
553378175
373628587
610824461
294181930
883669908
718525891
734196630
675409630
838941460
271906118
866046700
172822849
746064508
675587665
271022629
869862533
383002200
130507160
544915439
882842665
443006835
13364839
723016603
758468786
595890763
95878730
606301562
458966419
706766784
7438460
452073228
437308085
229032473
950341776
167666003
437872253
919407890
688503302
832904517
21886273
27491436
144054965
939834635
285624246
761501933
593637691
619824142
517913743
715577278
506970716
151142722
303841089
614409186
998967267
836938405
876266420
538322966
845648517
401251770
119517711
841093407
319791474
727887418
650822701
813511704
225259971
396681259
842139517
555921464
561020740
704131377
597529444
785928104
213601
35506672
877125224
267200186
179852505
395795791
170802019
458667840
950903145
38387470
367324743
108681848
903289075
446374007
854440193
355167914
911821814
679146022
932845942
100174871
827304343
71132186
290822248
662369882
770892504
624595612
809866809
484078832
356421825
560294826
307801461
755625778
217896820
820135365
465055033
86055422
852463674
308193235
504784813
375203011
751716763
737134394
599524807
130013147
74588216
238245154
784629873
861385920
318393288
895767560
284144583
846194830
298174976
106198642
233430827
227613347
65148454
27059101
467920791
998647846
696235596
785210307
717493477
423685473
452336505
510841564
920047804
387572816
607400998
691955281
215479500
360317210
23794079
773791613
263994844
120497773
344560809
931265021
594097898
358936427
905938874
476418814
727600057
286276145
790252019
332010339
743951847
765358566
251464910
133926923
731812321
6497893
424699787
807301378
599920657
288672565
853175567
580040100
776856799
536868578
759063800
479897774
47954937
703676864
163640587
639454533
641233508
719446138
492991801
369109673
436165793
333605129
687549156
440917929
293981305
546103742
315679766
293184523
650641010
899427313
291796180
581001635
849062044
406479388
856982875
876967120
181260033
185778647
248430330
948482910
342240800
117885412
628151508
771717073
773263651
247384245
21442356
230608258
313924952
376624293
826317560
124559675
