# A tibble: 1,080 x 3
     lifem docsize mdmlosspct
     <int>   <int>      <dbl>
   1    10      50      100.0
   2    10      50      100.0
   3    10      50      100.0
   4    10      50      100.0
   5    10      50      100.0
   6    10      50      100.0
   7    10      50      100.0
   8    10      50      100.0
   9    10      50      100.0
  10    10      50      100.0
  11    10      50      100.0
  12    10      50      100.0
  13    10      50      100.0
  14    10      50      100.0
  15    10      50      100.0
  16    10      50      100.0
  17    10      50      100.0
  18    10      50      100.0
  19    10      50      100.0
  20    10      50      100.0
  21    10      50      100.0
  22    10      50      100.0
  23    10      50      100.0
  24    10      50      100.0
  25    20      50      100.0
  26    20      50      100.0
  27    20      50      100.0
  28    20      50      100.0
  29    20      50      100.0
  30    20      50      100.0
  31    20      50      100.0
  32    20      50      100.0
  33    20      50      100.0
  34    20      50      100.0
  35    20      50      100.0
  36    20      50      100.0
  37    20      50      100.0
  38    20      50      100.0
  39    20      50      100.0
  40    20      50      100.0
  41    20      50      100.0
  42    20      50      100.0
  43    20      50      100.0
  44    20      50      100.0
  45    20      50      100.0
  46    20      50      100.0
  47    20      50      100.0
  48    20      50      100.0
  49    30      50      100.0
  50    30      50      100.0
  51    30      50      100.0
  52    30      50      100.0
  53    30      50      100.0
  54    30      50      100.0
  55    30      50      100.0
  56    30      50      100.0
  57    30      50      100.0
  58    30      50      100.0
  59    30      50      100.0
  60    30      50      100.0
  61    30      50       91.9
  62    30      50      100.0
  63    30      50      100.0
  64    30      50      100.0
  65    30      50      100.0
  66    30      50      100.0
  67    30      50      100.0
  68    30      50      100.0
  69    30      50      100.0
  70    30      50      100.0
  71    30      50      100.0
  72    30      50      100.0
  73    50      50      100.0
  74    50      50      100.0
  75    50      50      100.0
  76    50      50      100.0
  77    50      50      100.0
  78    50      50      100.0
  79    50      50      100.0
  80    50      50      100.0
  81    50      50      100.0
  82    50      50      100.0
  83    50      50      100.0
  84    50      50      100.0
  85    50      50      100.0
  86    50      50      100.0
  87    50      50      100.0
  88    50      50      100.0
  89    50      50      100.0
  90    50      50      100.0
  91    50      50      100.0
  92    50      50      100.0
  93    50      50      100.0
  94    50      50      100.0
  95    50      50      100.0
  96    50      50      100.0
  97   100      50      100.0
  98   100      50      100.0
  99   100      50      100.0
 100   100      50      100.0
 101   100      50      100.0
 102   100      50      100.0
 103   100      50      100.0
 104   100      50      100.0
 105   100      50      100.0
 106   100      50      100.0
 107   100      50      100.0
 108   100      50      100.0
 109   100      50       91.2
 110   100      50      100.0
 111   100      50      100.0
 112   100      50      100.0
 113   100      50      100.0
 114   100      50      100.0
 115   100      50      100.0
 116   100      50      100.0
 117   100      50      100.0
 118   100      50      100.0
 119   100      50      100.0
 120   100      50      100.0
 121   200      50      100.0
 122   200      50      100.0
 123   200      50      100.0
 124   200      50      100.0
 125   200      50      100.0
 126   200      50      100.0
 127   200      50      100.0
 128   200      50      100.0
 129   200      50      100.0
 130   200      50      100.0
 131   200      50      100.0
 132   200      50      100.0
 133   200      50       91.1
 134   200      50       91.1
 135   200      50      100.0
 136   200      50      100.0
 137   200      50       91.1
 138   200      50      100.0
 139   200      50      100.0
 140   200      50      100.0
 141   200      50      100.0
 142   200      50      100.0
 143   200      50      100.0
 144   200      50      100.0
 145   300      50      100.0
 146   300      50      100.0
 147   300      50      100.0
 148   300      50      100.0
 149   300      50      100.0
 150   300      50      100.0
 151   300      50      100.0
 152   300      50      100.0
 153   300      50      100.0
 154   300      50      100.0
 155   300      50      100.0
 156   300      50      100.0
 157   300      50       91.0
 158   300      50       91.0
 159   300      50       91.0
 160   300      50      100.0
 161   300      50      100.0
 162   300      50      100.0
 163   300      50      100.0
 164   300      50      100.0
 165   300      50      100.0
 166   300      50      100.0
 167   300      50      100.0
 168   300      50      100.0
 169   500      50      100.0
 170   500      50      100.0
 171   500      50      100.0
 172   500      50      100.0
 173   500      50      100.0
 174   500      50      100.0
 175   500      50      100.0
 176   500      50      100.0
 177   500      50      100.0
 178   500      50      100.0
 179   500      50      100.0
 180   500      50      100.0
 181   500      50      100.0
 182   500      50      100.0
 183   500      50      100.0
 184   500      50      100.0
 185   500      50      100.0
 186   500      50      100.0
 187   500      50      100.0
 188   500      50      100.0
 189   500      50      100.0
 190   500      50      100.0
 191   500      50      100.0
 192   500      50      100.0
 193  1000      50      100.0
 194  1000      50      100.0
 195  1000      50      100.0
 196  1000      50      100.0
 197  1000      50      100.0
 198  1000      50      100.0
 199  1000      50      100.0
 200  1000      50      100.0
 201  1000      50      100.0
 202  1000      50      100.0
 203  1000      50      100.0
 204  1000      50      100.0
 205  1000      50      100.0
 206  1000      50       90.9
 207  1000      50      100.0
 208  1000      50      100.0
 209  1000      50       90.9
 210  1000      50      100.0
 211  1000      50      100.0
 212  1000      50      100.0
 213  1000      50      100.0
 214  1000      50      100.0
 215  1000      50      100.0
 216  1000      50      100.0
 217    10      50       10.9
 218    10      50       13.3
 219    10      50       85.8
 220    10      50       85.3
 221    10      50        8.4
 222    10      50        9.0
 223    10      50        9.2
 224    10      50        8.7
 225    10      50       36.5
 226    10      50       14.6
 227    10      50       38.6
 228    10      50       14.8
 229    10      50        8.4
 230    10      50        7.9
 231    10      50        8.4
 232    10      50        8.5
 233    10      50        8.2
 234    10      50        8.5
 235    10      50       11.2
 236    10      50       10.4
 237    10      50        9.2
 238    10      50       11.7
 239    10      50       11.5
 240    10      50       10.4
 241    20      50        4.0
 242    20      50        5.0
 243    20      50       41.6
 244    20      50       51.3
 245    20      50       22.2
 246    20      50        5.0
 247    20      50       23.3
 248    20      50        5.2
 249    20      50        7.7
 250    20      50        7.4
 251    20      50       16.1
 252    20      50        7.6
 253    20      50        3.5
 254    20      50        3.6
 255    20      50        3.8
 256    20      50        3.5
 257    20      50        3.8
 258    20      50        3.6
 259    20      50        5.4
 260    20      50        4.8
 261    20      50        4.9
 262    20      50        6.0
 263    20      50        5.4
 264    20      50        5.5
 265    30      50        2.8
 266    30      50        3.2
 267    30      50       48.4
 268    30      50       74.5
 269    30      50        2.6
 270    30      50        3.4
 271    30      50        2.9
 272    30      50        3.3
 273    30      50       13.1
 274    30      50        5.0
 275    30      50       13.9
 276    30      50        4.8
 277    30      50        2.6
 278    30      50        2.4
 279    30      50        2.5
 280    30      50        2.6
 281    30      50        2.5
 282    30      50        2.7
 283    30      50        3.3
 284    30      50        3.2
 285    30      50        2.9
 286    30      50        3.7
 287    30      50        3.5
 288    30      50        3.3
 289    50      50        1.6
 290    50      50        2.3
 291    50      50       29.9
 292    50      50       56.5
 293    50      50        1.8
 294    50      50        1.7
 295    50      50        2.0
 296    50      50        2.1
 297    50      50       11.8
 298    50      50        2.6
 299    50      50       12.0
 300    50      50        2.8
 301    50      50        1.4
 302    50      50        1.5
 303    50      50        1.4
 304    50      50        1.5
 305    50      50        1.6
 306    50      50        1.5
 307    50      50        2.0
 308    50      50        2.1
 309    50      50        1.8
 310    50      50        2.3
 311    50      50        2.2
 312    50      50        1.9
 313   100      50        1.1
 314   100      50       19.2
 315   100      50       28.7
 316   100      50       55.7
 317   100      50        0.7
 318   100      50        0.7
 319   100      50        1.0
 320   100      50        0.9
 321   100      50        1.5
 322   100      50        1.6
 323   100      50       10.7
 324   100      50        1.5
 325   100      50        0.8
 326   100      50        0.7
 327   100      50        0.7
 328   100      50        0.9
 329   100      50        0.8
 330   100      50        0.8
 331   100      50        1.0
 332   100      50        1.0
 333   100      50        1.0
 334   100      50        1.1
 335   100      50        1.1
 336   100      50        1.1
 337   200      50        0.4
 338   200      50        0.4
 339   200      50       27.9
 340   200      50       73.1
 341   200      50        0.4
 342   200      50        0.4
 343   200      50        0.4
 344   200      50        0.5
 345   200      50        0.8
 346   200      50        0.7
 347   200      50        0.9
 348   200      50        0.8
 349   200      50        0.3
 350   200      50        0.3
 351   200      50        0.4
 352   200      50        0.4
 353   200      50        0.4
 354   200      50        0.4
 355   200      50        0.5
 356   200      50        0.5
 357   200      50        0.5
 358   200      50        0.6
 359   200      50        0.6
 360   200      50        0.5
 361   300      50        0.2
 362   300      50        0.4
 363   300      50       27.8
 364   300      50       63.9
 365   300      50        0.2
 366   300      50        0.2
 367   300      50        0.3
 368   300      50        0.2
 369   300      50        0.5
 370   300      50        0.4
 371   300      50        9.6
 372   300      50        0.4
 373   300      50        0.3
 374   300      50        0.3
 375   300      50        0.2
 376   300      50        0.3
 377   300      50        0.3
 378   300      50        0.3
 379   300      50        0.4
 380   300      50        0.4
 381   300      50        0.4
 382   300      50        0.4
 383   300      50        0.4
 384   300      50        0.4
 385   500      50        0.2
 386   500      50        0.2
 387   500      50       54.7
 388   500      50       81.9
 389   500      50        0.2
 390   500      50        0.1
 391   500      50        0.2
 392   500      50        0.2
 393   500      50        0.3
 394   500      50        0.2
 395   500      50        0.3
 396   500      50        0.3
 397   500      50        0.2
 398   500      50        0.1
 399   500      50        0.1
 400   500      50        0.2
 401   500      50        0.2
 402   500      50        0.2
 403   500      50        0.2
 404   500      50        0.2
 405   500      50        0.2
 406   500      50        0.2
 407   500      50        0.2
 408   500      50        0.2
 409  1000      50        9.2
 410  1000      50       27.4
 411  1000      50       36.5
 412  1000      50       63.7
 413  1000      50        0.1
 414  1000      50        0.1
 415  1000      50        0.1
 416  1000      50        0.1
 417  1000      50       18.3
 418  1000      50        0.1
 419  1000      50       18.3
 420  1000      50        0.1
 421  1000      50        0.1
 422  1000      50        0.1
 423  1000      50        0.1
 424  1000      50        0.1
 425  1000      50        0.1
 426  1000      50        0.1
 427  1000      50        0.1
 428  1000      50        0.1
 429  1000      50        0.1
 430  1000      50        0.1
 431  1000      50        0.1
 432  1000      50        0.1
 433    10      50        1.6
 434    10      50        1.9
 435    10      50        2.7
 436    10      50        3.9
 437    10      50        1.2
 438    10      50        1.0
 439    10      50        1.2
 440    10      50        1.3
 441    10      50        2.8
 442    10      50        1.4
 443    10      50        2.9
 444    10      50        1.4
 445    10      50        0.6
 446    10      50        0.6
 447    10      50        0.9
 448    10      50        0.6
 449    10      50        0.7
 450    10      50        1.8
 451    10      50        0.7
 452    10      50        0.7
 453    10      50        1.3
 454    10      50        1.3
 455    10      50        1.0
 456    10      50        1.0
 457    20      50        0.2
 458    20      50        0.3
 459    20      50        1.7
 460    20      50        2.2
 461    20      50        0.4
 462    20      50        0.5
 463    20      50        0.4
 464    20      50        0.5
 465    20      50        0.8
 466    20      50        0.9
 467    20      50        1.3
 468    20      50        0.7
 469    20      50        0.2
 470    20      50        0.5
 471    20      50        0.2
 472    20      50        0.1
 473    20      50        0.5
 474    20      50        0.2
 475    20      50        0.3
 476    20      50        0.3
 477    20      50        0.2
 478    20      50        0.4
 479    20      50        0.4
 480    20      50        0.4
 481    30      50        0.2
 482    30      50        0.1
 483    30      50        0.8
 484    30      50        1.6
 485    30      50        0.2
 486    30      50        0.5
 487    30      50        0.2
 488    30      50        0.7
 489    30      50        0.3
 490    30      50        0.7
 491    30      50        0.4
 492    30      50        0.7
 493    30      50        0.2
 494    30      50        0.2
 495    30      50        0.1
 496    30      50        0.1
 497    30      50        0.1
 498    30      50        0.1
 499    30      50        0.2
 500    30      50        0.2
 501    30      50        0.4
 502    30      50        0.2
 503    30      50        0.2
 504    30      50        0.3
 505    50      50        0.4
 506    50      50        0.4
 507    50      50        0.5
 508    50      50        0.8
 509    50      50        0.1
 510    50      50        0.2
 511    50      50        0.1
 512    50      50        0.2
 513    50      50        0.3
 514    50      50        0.3
 515    50      50        0.3
 516    50      50        0.4
 517    50      50        0.0
 518    50      50        0.1
 519    50      50        0.1
 520    50      50        0.1
 521    50      50        0.1
 522    50      50        0.1
 523    50      50        0.1
 524    50      50        0.1
 525    50      50        0.2
 526    50      50        0.2
 527    50      50        0.2
 528    50      50        0.2
 529   100      50        0.1
 530   100      50        0.2
 531   100      50        0.4
 532   100      50        0.4
 533   100      50        0.2
 534   100      50        0.1
 535   100      50        0.2
 536   100      50        0.1
 537   100      50        0.1
 538   100      50        0.2
 539   100      50        0.1
 540   100      50        0.2
 541   100      50        0.0
 542   100      50        0.0
 543   100      50        0.0
 544   100      50        0.0
 545   100      50        0.0
 546   100      50        0.0
 547   100      50        0.1
 548   100      50        0.1
 549   100      50        0.0
 550   100      50        0.1
 551   100      50        0.1
 552   100      50        0.0
 553   200      50        0.0
 554   200      50        0.0
 555   200      50        0.1
 556   200      50        0.2
 557   200      50        0.0
 558   200      50        0.0
 559   200      50        0.0
 560   200      50        0.0
 561   200      50        0.1
 562   200      50        0.1
 563   200      50        0.1
 564   200      50        0.0
 565   200      50        0.0
 566   200      50        0.0
 567   200      50        0.0
 568   200      50        0.0
 569   200      50        0.0
 570   200      50        0.0
 571   200      50        0.0
 572   200      50        0.0
 573   200      50        0.0
 574   200      50        0.0
 575   200      50        0.1
 576   200      50        0.0
 577   300      50        0.0
 578   300      50        0.0
 579   300      50        0.0
 580   300      50        0.1
 581   300      50        0.0
 582   300      50        0.0
 583   300      50        0.0
 584   300      50        0.0
 585   300      50        0.0
 586   300      50        0.0
 587   300      50        0.0
 588   300      50        0.0
 589   300      50        0.0
 590   300      50        0.0
 591   300      50        0.0
 592   300      50        0.0
 593   300      50        0.0
 594   300      50        0.0
 595   300      50        0.0
 596   300      50        0.0
 597   300      50        0.0
 598   300      50        0.0
 599   300      50        0.0
 600   300      50        0.0
 601   500      50        0.0
 602   500      50        0.0
 603   500      50        0.0
 604   500      50        0.0
 605   500      50        0.0
 606   500      50        0.0
 607   500      50        0.0
 608   500      50        0.0
 609   500      50        0.0
 610   500      50        0.0
 611   500      50        0.0
 612   500      50        0.0
 613   500      50        0.0
 614   500      50        0.0
 615   500      50        0.0
 616   500      50        0.0
 617   500      50        0.0
 618   500      50        0.0
 619   500      50        0.0
 620   500      50        0.0
 621   500      50        0.0
 622   500      50        0.0
 623   500      50        0.0
 624   500      50        0.0
 625  1000      50        0.0
 626  1000      50        0.0
 627  1000      50        0.0
 628  1000      50        0.0
 629  1000      50        0.0
 630  1000      50        0.0
 631  1000      50        0.0
 632  1000      50        0.0
 633  1000      50        0.0
 634  1000      50        0.0
 635  1000      50        0.0
 636  1000      50        0.0
 637  1000      50        0.0
 638  1000      50        0.0
 639  1000      50        0.0
 640  1000      50        0.0
 641  1000      50        0.0
 642  1000      50        0.0
 643  1000      50        0.0
 644  1000      50        0.0
 645  1000      50        0.0
 646  1000      50        0.0
 647  1000      50        0.0
 648  1000      50        0.0
 649    10      50        0.1
 650    10      50        0.1
 651    10      50        0.1
 652    10      50        0.2
 653    10      50        0.1
 654    10      50        0.1
 655    10      50        0.1
 656    10      50        0.1
 657    10      50        0.1
 658    10      50        0.1
 659    10      50        0.2
 660    10      50        0.1
 661    10      50        0.0
 662    10      50        0.1
 663    10      50        0.0
 664    10      50        0.0
 665    10      50        0.0
 666    10      50        0.0
 667    10      50        0.1
 668    10      50        0.1
 669    10      50        0.1
 670    10      50        0.1
 671    10      50        0.1
 672    10      50        0.1
 673    20      50        0.0
 674    20      50        0.0
 675    20      50        0.0
 676    20      50        0.0
 677    20      50        0.0
 678    20      50        0.0
 679    20      50        0.0
 680    20      50        0.0
 681    20      50        0.0
 682    20      50        0.0
 683    20      50        0.0
 684    20      50        0.0
 685    20      50        0.0
 686    20      50        0.0
 687    20      50        0.0
 688    20      50        0.0
 689    20      50        0.0
 690    20      50        0.0
 691    20      50        0.0
 692    20      50        0.0
 693    20      50        0.0
 694    20      50        0.0
 695    20      50        0.0
 696    20      50        0.0
 697    30      50        0.0
 698    30      50        0.0
 699    30      50        0.0
 700    30      50        0.0
 701    30      50        0.0
 702    30      50        0.0
 703    30      50        0.0
 704    30      50        0.0
 705    30      50        0.0
 706    30      50        0.0
 707    30      50        0.0
 708    30      50        0.0
 709    30      50        0.0
 710    30      50        0.0
 711    30      50        0.0
 712    30      50        0.0
 713    30      50        0.0
 714    30      50        0.0
 715    30      50        0.0
 716    30      50        0.0
 717    30      50        0.0
 718    30      50        0.0
 719    30      50        0.0
 720    30      50        0.0
 721    50      50        0.0
 722    50      50        0.0
 723    50      50        0.0
 724    50      50        0.0
 725    50      50        0.0
 726    50      50        0.0
 727    50      50        0.0
 728    50      50        0.0
 729    50      50        0.0
 730    50      50        0.0
 731    50      50        0.0
 732    50      50        0.0
 733    50      50        0.0
 734    50      50        0.0
 735    50      50        0.0
 736    50      50        0.0
 737    50      50        0.0
 738    50      50        0.0
 739    50      50        0.0
 740    50      50        0.0
 741    50      50        0.0
 742    50      50        0.0
 743    50      50        0.0
 744    50      50        0.0
 745   100      50        0.0
 746   100      50        0.0
 747   100      50        0.0
 748   100      50        0.0
 749   100      50        0.0
 750   100      50        0.0
 751   100      50        0.0
 752   100      50        0.0
 753   100      50        0.0
 754   100      50        0.0
 755   100      50        0.0
 756   100      50        0.0
 757   100      50        0.0
 758   100      50        0.0
 759   100      50        0.0
 760   100      50        0.0
 761   100      50        0.0
 762   100      50        0.0
 763   100      50        0.0
 764   100      50        0.0
 765   100      50        0.0
 766   100      50        0.0
 767   100      50        0.0
 768   100      50        0.0
 769   200      50        0.0
 770   200      50        0.0
 771   200      50        0.0
 772   200      50        0.0
 773   200      50        0.0
 774   200      50        0.0
 775   200      50        0.0
 776   200      50        0.0
 777   200      50        0.0
 778   200      50        0.0
 779   200      50        0.0
 780   200      50        0.0
 781   200      50        0.0
 782   200      50        0.0
 783   200      50        0.0
 784   200      50        0.0
 785   200      50        0.0
 786   200      50        0.0
 787   200      50        0.0
 788   200      50        0.0
 789   200      50        0.0
 790   200      50        0.0
 791   200      50        0.0
 792   200      50        0.0
 793   300      50        0.0
 794   300      50        0.0
 795   300      50        0.0
 796   300      50        0.0
 797   300      50        0.0
 798   300      50        0.0
 799   300      50        0.0
 800   300      50        0.0
 801   300      50        0.0
 802   300      50        0.0
 803   300      50        0.0
 804   300      50        0.0
 805   300      50        0.0
 806   300      50        0.0
 807   300      50        0.0
 808   300      50        0.0
 809   300      50        0.0
 810   300      50        0.0
 811   300      50        0.0
 812   300      50        0.0
 813   300      50        0.0
 814   300      50        0.0
 815   300      50        0.0
 816   300      50        0.0
 817   500      50        0.0
 818   500      50        0.0
 819   500      50        0.0
 820   500      50        0.0
 821   500      50        0.0
 822   500      50        0.0
 823   500      50        0.0
 824   500      50        0.0
 825   500      50        0.0
 826   500      50        0.0
 827   500      50        0.0
 828   500      50        0.0
 829   500      50        0.0
 830   500      50        0.0
 831   500      50        0.0
 832   500      50        0.0
 833   500      50        0.0
 834   500      50        0.0
 835   500      50        0.0
 836   500      50        0.0
 837   500      50        0.0
 838   500      50        0.0
 839   500      50        0.0
 840   500      50        0.0
 841  1000      50        0.0
 842  1000      50        0.0
 843  1000      50        0.0
 844  1000      50        0.0
 845  1000      50        0.0
 846  1000      50        0.0
 847  1000      50        0.0
 848  1000      50        0.0
 849  1000      50        0.0
 850  1000      50        0.0
 851  1000      50        0.0
 852  1000      50        0.0
 853  1000      50        0.0
 854  1000      50        0.0
 855  1000      50        0.0
 856  1000      50        0.0
 857  1000      50        0.0
 858  1000      50        0.0
 859  1000      50        0.0
 860  1000      50        0.0
 861  1000      50        0.0
 862  1000      50        0.0
 863  1000      50        0.0
 864  1000      50        0.0
 865    10      50        0.0
 866    10      50        0.0
 867    10      50        0.0
 868    10      50        0.0
 869    10      50        0.0
 870    10      50        0.0
 871    10      50        0.0
 872    10      50        0.0
 873    10      50        0.0
 874    10      50        0.0
 875    10      50        0.0
 876    10      50        0.0
 877    10      50        0.0
 878    10      50        0.0
 879    10      50        0.0
 880    10      50        0.0
 881    10      50        0.0
 882    10      50        0.0
 883    10      50        0.0
 884    10      50        0.0
 885    10      50        0.0
 886    10      50        0.0
 887    10      50        0.0
 888    10      50        0.0
 889    20      50        0.0
 890    20      50        0.0
 891    20      50        0.0
 892    20      50        0.0
 893    20      50        0.0
 894    20      50        0.0
 895    20      50        0.0
 896    20      50        0.0
 897    20      50        0.0
 898    20      50        0.0
 899    20      50        0.0
 900    20      50        0.0
 901    20      50        0.0
 902    20      50        0.0
 903    20      50        0.0
 904    20      50        0.0
 905    20      50        0.0
 906    20      50        0.0
 907    20      50        0.0
 908    20      50        0.0
 909    20      50        0.0
 910    20      50        0.0
 911    20      50        0.0
 912    20      50        0.0
 913    30      50        0.0
 914    30      50        0.0
 915    30      50        0.0
 916    30      50        0.0
 917    30      50        0.0
 918    30      50        0.0
 919    30      50        0.0
 920    30      50        0.0
 921    30      50        0.0
 922    30      50        0.0
 923    30      50        0.0
 924    30      50        0.0
 925    30      50        0.0
 926    30      50        0.0
 927    30      50        0.0
 928    30      50        0.0
 929    30      50        0.0
 930    30      50        0.0
 931    30      50        0.0
 932    30      50        0.0
 933    30      50        0.0
 934    30      50        0.0
 935    30      50        0.0
 936    30      50        0.0
 937    50      50        0.0
 938    50      50        0.0
 939    50      50        0.0
 940    50      50        0.0
 941    50      50        0.0
 942    50      50        0.0
 943    50      50        0.0
 944    50      50        0.0
 945    50      50        0.0
 946    50      50        0.0
 947    50      50        0.0
 948    50      50        0.0
 949    50      50        0.0
 950    50      50        0.0
 951    50      50        0.0
 952    50      50        0.0
 953    50      50        0.0
 954    50      50        0.0
 955    50      50        0.0
 956    50      50        0.0
 957    50      50        0.0
 958    50      50        0.0
 959    50      50        0.0
 960    50      50        0.0
 961   100      50        0.0
 962   100      50        0.0
 963   100      50        0.0
 964   100      50        0.0
 965   100      50        0.0
 966   100      50        0.0
 967   100      50        0.0
 968   100      50        0.0
 969   100      50        0.0
 970   100      50        0.0
 971   100      50        0.0
 972   100      50        0.0
 973   100      50        0.0
 974   100      50        0.0
 975   100      50        0.0
 976   100      50        0.0
 977   100      50        0.0
 978   100      50        0.0
 979   100      50        0.0
 980   100      50        0.0
 981   100      50        0.0
 982   100      50        0.0
 983   100      50        0.0
 984   100      50        0.0
 985   200      50        0.0
 986   200      50        0.0
 987   200      50        0.0
 988   200      50        0.0
 989   200      50        0.0
 990   200      50        0.0
 991   200      50        0.0
 992   200      50        0.0
 993   200      50        0.0
 994   200      50        0.0
 995   200      50        0.0
 996   200      50        0.0
 997   200      50        0.0
 998   200      50        0.0
 999   200      50        0.0
1000   200      50        0.0
1001   200      50        0.0
1002   200      50        0.0
1003   200      50        0.0
1004   200      50        0.0
1005   200      50        0.0
1006   200      50        0.0
1007   200      50        0.0
1008   200      50        0.0
1009   300      50        0.0
1010   300      50        0.0
1011   300      50        0.0
1012   300      50        0.0
1013   300      50        0.0
1014   300      50        0.0
1015   300      50        0.0
1016   300      50        0.0
1017   300      50        0.0
1018   300      50        0.0
1019   300      50        0.0
1020   300      50        0.0
1021   300      50        0.0
1022   300      50        0.0
1023   300      50        0.0
1024   300      50        0.0
1025   300      50        0.0
1026   300      50        0.0
1027   300      50        0.0
1028   300      50        0.0
1029   300      50        0.0
1030   300      50        0.0
1031   300      50        0.0
1032   300      50        0.0
1033   500      50        0.0
1034   500      50        0.0
1035   500      50        0.0
1036   500      50        0.0
1037   500      50        0.0
1038   500      50        0.0
1039   500      50        0.0
1040   500      50        0.0
1041   500      50        0.0
1042   500      50        0.0
1043   500      50        0.0
1044   500      50        0.0
1045   500      50        0.0
1046   500      50        0.0
1047   500      50        0.0
1048   500      50        0.0
1049   500      50        0.0
1050   500      50        0.0
1051   500      50        0.0
1052   500      50        0.0
1053   500      50        0.0
1054   500      50        0.0
1055   500      50        0.0
1056   500      50        0.0
1057  1000      50        0.0
1058  1000      50        0.0
1059  1000      50        0.0
1060  1000      50        0.0
1061  1000      50        0.0
1062  1000      50        0.0
1063  1000      50        0.0
1064  1000      50        0.0
1065  1000      50        0.0
1066  1000      50        0.0
1067  1000      50        0.0
1068  1000      50        0.0
1069  1000      50        0.0
1070  1000      50        0.0
1071  1000      50        0.0
1072  1000      50        0.0
1073  1000      50        0.0
1074  1000      50        0.0
1075  1000      50        0.0
1076  1000      50        0.0
1077  1000      50        0.0
1078  1000      50        0.0
1079  1000      50        0.0
1080  1000      50        0.0
