shockvslife tests SHOCK copies=var Audit=1yr Shock=20000, dur=var lifem=var svrdeflife=100000 seed21 
(how bad is medium shock?) 

Input data from 		 ../../../shockspan1/2yr/dat/GiantOutput_shk20000durvarimpvarspan1_20170612_00.txt 
Output analysis into 	 ../shock/tabs/analysis_shockvslife_2yr_20170617_00.txt 

analysis tables by 		 ./ShelfAnalyze.r 	 20170514_131518EDT 
and summarize script 	 ./summ-shockvslife-4.r 	 20170618_222743EDT 
at 	 20170618_235038EDT 

../shock/tabs/analysis_shockvslife_2yr_20170617_00.txt 20170618_235038EDT 
shockvslife tests SHOCK copies=var Audit=1yr Shock=20000, dur=var lifem=var svrdeflife=100000 seed21 

Summary losses (midmeans)

    shockfreq impact duration lifem copies svrdeflife lost midmean median Nreps
1       20000     20     5000    10      1     100000     10000.00  10000    21
2       20000     20     5000    10      2     100000       843.18    776    21
3       20000     20     5000    10      3     100000       115.82     36    21
4       20000     20     5000    10      4     100000         7.00      6    21
5       20000     20     5000    10      5     100000         0.00      0    21
6       20000     20     5000    20      1     100000     10000.00  10000    21
7       20000     20     5000    20      2     100000      2222.36    525    21
8       20000     20     5000    20      3     100000        37.73     10    21
9       20000     20     5000    20      4     100000         1.64      2    21
10      20000     20     5000    20      5     100000         0.00      0    21
11      20000     20     5000    30      1     100000     10000.00  10000    21
12      20000     20     5000    30      2     100000       261.73    230    21
13      20000     20     5000    30      3     100000        23.45      6    21
14      20000     20     5000    30      4     100000         0.27      0    21
15      20000     20     5000    30      5     100000         0.00      0    21
16      20000     20     5000    50      1     100000     10000.00  10000    21
17      20000     20     5000    50      2     100000       179.64    141    21
18      20000     20     5000    50      3     100000         7.45      2    21
19      20000     20     5000    50      4     100000         0.00      0    21
20      20000     20     5000    50      5     100000         0.00      0    21
21      20000     20     5000   100      1     100000     10000.00  10000    21
22      20000     20     5000   100      2     100000        74.73     66    21
23      20000     20     5000   100      3     100000        17.55     30    21
24      20000     20     5000   100      4     100000         0.00      0    21
25      20000     20     5000   100      5     100000         0.00      0    21
26      20000     20     5000   200      1     100000     10000.00  10000    21
27      20000     20     5000   200      2     100000        44.64     41    21
28      20000     20     5000   200      3     100000         2.64      0    21
29      20000     20     5000   200      4     100000         0.00      0    21
30      20000     20     5000   200      5     100000         0.00      0    21
31      20000     20     5000   300      1     100000     10000.00  10000    21
32      20000     20     5000   300      2     100000        23.18     20    21
33      20000     20     5000   300      3     100000         1.55      0    21
34      20000     20     5000   300      4     100000         0.00      0    21
35      20000     20     5000   300      5     100000         0.00      0    21
36      20000     20     5000   500      1     100000     10000.00  10000    21
37      20000     20     5000   500      2     100000        16.91     15    21
38      20000     20     5000   500      3     100000         0.91      0    21
39      20000     20     5000   500      4     100000         0.00      0    21
40      20000     20     5000   500      5     100000         0.00      0    21
41      20000     20     5000  1000      1     100000     10000.00  10000    21
42      20000     20     5000  1000      2     100000         8.09      8    21
43      20000     20     5000  1000      3     100000         0.36      0    21
44      20000     20     5000  1000      4     100000         0.00      0    21
45      20000     20     5000  1000      5     100000         0.00      0    21
46      20000     20    10000    10      1     100000     10000.00  10000    21
47      20000     20    10000    10      2     100000       896.00    777    21
48      20000     20    10000    10      3     100000        97.27     36    21
49      20000     20    10000    10      4     100000         5.09      3    21
50      20000     20    10000    10      5     100000         0.00      0    21
51      20000     20    10000    20      1     100000     10000.00  10000    21
52      20000     20    10000    20      2     100000       495.82    515    21
53      20000     20    10000    20      3     100000        54.18     12    21
54      20000     20    10000    20      4     100000         1.36      2    21
55      20000     20    10000    20      5     100000         0.00      0    21
56      20000     20    10000    30      1     100000     10000.00  10000    21
57      20000     20    10000    30      2     100000       338.64    348    21
58      20000     20    10000    30      3     100000        52.73      7    21
59      20000     20    10000    30      4     100000         0.27      0    21
60      20000     20    10000    30      5     100000         0.00      0    21
61      20000     20    10000    50      1     100000     10000.00  10000    21
62      20000     20    10000    50      2     100000       173.36    154    21
63      20000     20    10000    50      3     100000        17.27      2    21
64      20000     20    10000    50      4     100000         0.00      0    21
65      20000     20    10000    50      5     100000         0.00      0    21
66      20000     20    10000   100      1     100000     10000.00  10000    21
67      20000     20    10000   100      2     100000        72.45     73    21
68      20000     20    10000   100      3     100000         5.45      1    21
69      20000     20    10000   100      4     100000         0.00      0    21
70      20000     20    10000   100      5     100000         0.00      0    21
71      20000     20    10000   200      1     100000     10000.00  10000    21
72      20000     20    10000   200      2     100000        40.91     42    21
73      20000     20    10000   200      3     100000         0.00      0    21
74      20000     20    10000   200      4     100000         0.00      0    21
75      20000     20    10000   200      5     100000         0.00      0    21
76      20000     20    10000   300      1     100000     10000.00  10000    21
77      20000     20    10000   300      2     100000        24.73     27    21
78      20000     20    10000   300      3     100000         1.55      0    21
79      20000     20    10000   300      4     100000         0.00      0    21
80      20000     20    10000   300      5     100000         0.00      0    21
81      20000     20    10000   500      1     100000     10000.00  10000    21
82      20000     20    10000   500      2     100000        14.36     13    21
83      20000     20    10000   500      3     100000         0.27      0    21
84      20000     20    10000   500      4     100000         0.00      0    21
85      20000     20    10000   500      5     100000         0.00      0    21
86      20000     20    10000  1000      1     100000     10000.00  10000    21
87      20000     20    10000  1000      2     100000         9.00      9    21
88      20000     20    10000  1000      3     100000         0.64      0    21
89      20000     20    10000  1000      4     100000         0.00      0    21
90      20000     20    10000  1000      5     100000         0.00      0    21
91      20000     50     5000    10      1     100000     10000.00  10000    21
92      20000     50     5000    10      2     100000       919.00   1024    21
93      20000     50     5000    10      3     100000       123.00     49    21
94      20000     50     5000    10      4     100000         7.73     10    21
95      20000     50     5000    10      5     100000         0.09      0    21
96      20000     50     5000    20      1     100000     10000.00  10000    21
97      20000     50     5000    20      2     100000      2332.82    694    21
98      20000     50     5000    20      3     100000        38.18     10    21
99      20000     50     5000    20      4     100000         2.00      3    21
100     20000     50     5000    20      5     100000         0.00      0    21
101     20000     50     5000    30      1     100000     10000.00  10000    21
102     20000     50     5000    30      2     100000       287.09    256    21
103     20000     50     5000    30      3     100000        23.36      6    21
104     20000     50     5000    30      4     100000         0.45      0    21
105     20000     50     5000    30      5     100000         0.00      0    21
106     20000     50     5000    50      1     100000     10000.00  10000    21
107     20000     50     5000    50      2     100000       204.18    195    21
108     20000     50     5000    50      3     100000         7.64      2    21
109     20000     50     5000    50      4     100000         0.00      0    21
110     20000     50     5000    50      5     100000         0.00      0    21
111     20000     50     5000   100      1     100000     10000.00  10000    21
112     20000     50     5000   100      2     100000        96.64     98    21
113     20000     50     5000   100      3     100000        20.91     30    21
114     20000     50     5000   100      4     100000         0.00      0    21
115     20000     50     5000   100      5     100000         0.00      0    21
116     20000     50     5000   200      1     100000     10000.00  10000    21
117     20000     50     5000   200      2     100000        43.36     41    21
118     20000     50     5000   200      3     100000         1.73      0    21
119     20000     50     5000   200      4     100000         0.00      0    21
120     20000     50     5000   200      5     100000         0.00      0    21
121     20000     50     5000   300      1     100000     10000.00  10000    21
122     20000     50     5000   300      2     100000        25.36     24    21
123     20000     50     5000   300      3     100000         0.00      0    21
124     20000     50     5000   300      4     100000         0.00      0    21
125     20000     50     5000   300      5     100000         0.00      0    21
126     20000     50     5000   500      1     100000     10000.00  10000    21
127     20000     50     5000   500      2     100000        17.55     16    21
128     20000     50     5000   500      3     100000         0.91      0    21
129     20000     50     5000   500      4     100000         0.00      0    21
130     20000     50     5000   500      5     100000         0.00      0    21
131     20000     50     5000  1000      1     100000     10000.00  10000    21
132     20000     50     5000  1000      2     100000         7.73      8    21
133     20000     50     5000  1000      3     100000         0.36      0    21
134     20000     50     5000  1000      4     100000         0.00      0    21
135     20000     50     5000  1000      5     100000         0.00      0    21
136     20000     50    10000    10      1     100000     10000.00  10000    21
137     20000     50    10000    10      2     100000       866.27    773    21
138     20000     50    10000    10      3     100000       133.09     41    21
139     20000     50    10000    10      4     100000         7.27      4    21
140     20000     50    10000    10      5     100000         0.27      0    21
141     20000     50    10000    20      1     100000     10000.00  10000    21
142     20000     50    10000    20      2     100000       524.09    515    21
143     20000     50    10000    20      3     100000        54.45     12    21
144     20000     50    10000    20      4     100000         1.64      2    21
145     20000     50    10000    20      5     100000         0.00      0    21
146     20000     50    10000    30      1     100000     10000.00  10000    21
147     20000     50    10000    30      2     100000       331.36    345    21
148     20000     50    10000    30      3     100000        74.18    107    21
149     20000     50    10000    30      4     100000         0.27      0    21
150     20000     50    10000    30      5     100000         0.00      0    21
151     20000     50    10000    50      1     100000     10000.00  10000    21
152     20000     50    10000    50      2     100000       214.18    212    21
153     20000     50    10000    50      3     100000        17.27      2    21
154     20000     50    10000    50      4     100000         0.00      0    21
155     20000     50    10000    50      5     100000         0.00      0    21
156     20000     50    10000   100      1     100000     10000.00  10000    21
157     20000     50    10000   100      2     100000        91.09     97    21
158     20000     50    10000   100      3     100000         8.18      1    21
159     20000     50    10000   100      4     100000         0.00      0    21
160     20000     50    10000   100      5     100000         0.00      0    21
161     20000     50    10000   200      1     100000     10000.00  10000    21
162     20000     50    10000   200      2     100000        46.64     46    21
163     20000     50    10000   200      3     100000         3.55      0    21
164     20000     50    10000   200      4     100000         0.00      0    21
165     20000     50    10000   200      5     100000         0.00      0    21
166     20000     50    10000   300      1     100000     10000.00  10000    21
167     20000     50    10000   300      2     100000        25.00     26    21
168     20000     50    10000   300      3     100000         2.45      0    21
169     20000     50    10000   300      4     100000         0.00      0    21
170     20000     50    10000   300      5     100000         0.00      0    21
171     20000     50    10000   500      1     100000     10000.00  10000    21
172     20000     50    10000   500      2     100000        15.27     14    21
173     20000     50    10000   500      3     100000         1.27      0    21
174     20000     50    10000   500      4     100000         0.00      0    21
175     20000     50    10000   500      5     100000         0.00      0    21
176     20000     50    10000  1000      1     100000     10000.00  10000    21
177     20000     50    10000  1000      2     100000         9.27     10    21
178     20000     50    10000  1000      3     100000         0.36      0    21
179     20000     50    10000  1000      4     100000         0.00      0    21
180     20000     50    10000  1000      5     100000         0.00      0    21
181     20000     90     5000    10      1     100000     10000.00  10000    21
182     20000     90     5000    10      2     100000      3651.73   1381    21
183     20000     90     5000    10      3     100000       284.91    353    21
184     20000     90     5000    10      4     100000        14.18     14    21
185     20000     90     5000    10      5     100000         0.82      1    21
186     20000     90     5000    20      1     100000     10000.00  10000    21
187     20000     90     5000    20      2     100000       774.09    763    21
188     20000     90     5000    20      3     100000        84.18     21    21
189     20000     90     5000    20      4     100000         3.18      3    21
190     20000     90     5000    20      5     100000         0.00      0    21
191     20000     90     5000    30      1     100000     10000.00  10000    21
192     20000     90     5000    30      2     100000      1314.45    467    21
193     20000     90     5000    30      3     100000        33.00      9    21
194     20000     90     5000    30      4     100000         0.82      1    21
195     20000     90     5000    30      5     100000         0.00      0    21
196     20000     90     5000    50      1     100000     10000.00  10000    21
197     20000     90     5000    50      2     100000      1177.55    294    21
198     20000     90     5000    50      3     100000        25.64      5    21
199     20000     90     5000    50      4     100000         0.00      0    21
200     20000     90     5000    50      5     100000         0.00      0    21
201     20000     90     5000   100      1     100000     10000.00  10000    21
202     20000     90     5000   100      2     100000       149.18    146    21
203     20000     90     5000   100      3     100000        11.45      1    21
204     20000     90     5000   100      4     100000         0.00      0    21
205     20000     90     5000   100      5     100000         0.00      0    21
206     20000     90     5000   200      1     100000     10000.00  10000    21
207     20000     90     5000   200      2     100000        75.36     76    21
208     20000     90     5000   200      3     100000         7.36      0    21
209     20000     90     5000   200      4     100000         0.00      0    21
210     20000     90     5000   200      5     100000         0.00      0    21
211     20000     90     5000   300      1     100000     10000.00  10000    21
212     20000     90     5000   300      2     100000        45.45     48    21
213     20000     90     5000   300      3     100000         2.00      0    21
214     20000     90     5000   300      4     100000         0.00      0    21
215     20000     90     5000   300      5     100000         0.00      0    21
216     20000     90     5000   500      1     100000     10000.00  10000    21
217     20000     90     5000   500      2     100000        26.82     27    21
218     20000     90     5000   500      3     100000         2.27      1    21
219     20000     90     5000   500      4     100000         0.00      0    21
220     20000     90     5000   500      5     100000         0.00      0    21
221     20000     90     5000  1000      1     100000     10000.00  10000    21
222     20000     90     5000  1000      2     100000      1830.36     17    21
223     20000     90     5000  1000      3     100000         0.55      0    21
224     20000     90     5000  1000      4     100000         0.00      0    21
225     20000     90     5000  1000      5     100000         0.00      0    21
226     20000     90    10000    10      1     100000     10000.00  10000    21
227     20000     90    10000    10      2     100000      1457.00   1385    21
228     20000     90    10000    10      3     100000       138.55     52    21
229     20000     90    10000    10      4     100000        11.82     12    21
230     20000     90    10000    10      5     100000         0.55      1    21
231     20000     90    10000    20      1     100000     10000.00  10000    21
232     20000     90    10000    20      2     100000       742.09    703    21
233     20000     90    10000    20      3     100000        86.55     25    21
234     20000     90    10000    20      4     100000         2.09      3    21
235     20000     90    10000    20      5     100000         0.00      0    21
236     20000     90    10000    30      1     100000     10000.00  10000    21
237     20000     90    10000    30      2     100000       499.18    479    21
238     20000     90    10000    30      3     100000        72.36    105    21
239     20000     90    10000    30      4     100000         0.45      0    21
240     20000     90    10000    30      5     100000         0.00      0    21
241     20000     90    10000    50      1     100000     10000.00  10000    21
242     20000     90    10000    50      2     100000       261.91    234    21
243     20000     90    10000    50      3     100000        30.82      5    21
244     20000     90    10000    50      4     100000         0.00      0    21
245     20000     90    10000    50      5     100000         0.00      0    21
246     20000     90    10000   100      1     100000     10000.00  10000    21
247     20000     90    10000   100      2     100000       159.09    167    21
248     20000     90    10000   100      3     100000        16.73     23    21
249     20000     90    10000   100      4     100000         0.00      0    21
250     20000     90    10000   100      5     100000         0.00      0    21
251     20000     90    10000   200      1     100000     10000.00  10000    21
252     20000     90    10000   200      2     100000        71.18     73    21
253     20000     90    10000   200      3     100000         5.27      0    21
254     20000     90    10000   200      4     100000         0.00      0    21
255     20000     90    10000   200      5     100000         0.00      0    21
256     20000     90    10000   300      1     100000     10000.00  10000    21
257     20000     90    10000   300      2     100000        37.36     34    21
258     20000     90    10000   300      3     100000         4.45      0    21
259     20000     90    10000   300      4     100000         0.00      0    21
260     20000     90    10000   300      5     100000         0.00      0    21
261     20000     90    10000   500      1     100000     10000.00  10000    21
262     20000     90    10000   500      2     100000        23.09     22    21
263     20000     90    10000   500      3     100000         0.55      0    21
264     20000     90    10000   500      4     100000         0.00      0    21
265     20000     90    10000   500      5     100000         0.00      0    21
266     20000     90    10000  1000      1     100000     10000.00  10000    21
267     20000     90    10000  1000      2     100000        14.64     15    21
268     20000     90    10000  1000      3     100000         1.27      0    21
269     20000     90    10000  1000      4     100000         0.00      0    21
270     20000     90    10000  1000      5     100000         0.00      0    21
271     20000    100     5000    10      1     100000     10000.00  10000    21
272     20000    100     5000    10      2     100000      3864.45   1672    21
273     20000    100     5000    10      3     100000       286.27    352    21
274     20000    100     5000    10      4     100000        17.27     16    21
275     20000    100     5000    10      5     100000         1.82      1    21
276     20000    100     5000    20      1     100000     10000.00  10000    21
277     20000    100     5000    20      2     100000      1611.91    763    21
278     20000    100     5000    20      3     100000       131.91    168    21
279     20000    100     5000    20      4     100000         3.45      3    21
280     20000    100     5000    20      5     100000         0.00      0    21
281     20000    100     5000    30      1     100000     10000.00  10000    21
282     20000    100     5000    30      2     100000      1392.55    490    21
283     20000    100     5000    30      3     100000        35.27      8    21
284     20000    100     5000    30      4     100000         1.73      2    21
285     20000    100     5000    30      5     100000         0.00      0    21
286     20000    100     5000    50      1     100000     10000.00  10000    21
287     20000    100     5000    50      2     100000      1199.73    337    21
288     20000    100     5000    50      3     100000        32.18      6    21
289     20000    100     5000    50      4     100000         0.09      0    21
290     20000    100     5000    50      5     100000         0.00      0    21
291     20000    100     5000   100      1     100000     10000.00  10000    21
292     20000    100     5000   100      2     100000      1072.64    180    21
293     20000    100     5000   100      3     100000         9.55      1    21
294     20000    100     5000   100      4     100000         0.00      0    21
295     20000    100     5000   100      5     100000         0.00      0    21
296     20000    100     5000   200      1     100000     10000.00  10000    21
297     20000    100     5000   200      2     100000        87.09     82    21
298     20000    100     5000   200      3     100000        10.91     13    21
299     20000    100     5000   200      4     100000         0.00      0    21
300     20000    100     5000   200      5     100000         0.00      0    21
301     20000    100     5000   300      1     100000     10000.00  10000    21
302     20000    100     5000   300      2     100000       959.36     56    21
303     20000    100     5000   300      3     100000         2.91      0    21
304     20000    100     5000   300      4     100000         0.00      0    21
305     20000    100     5000   300      5     100000         0.00      0    21
306     20000    100     5000   500      1     100000     10000.00  10000    21
307     20000    100     5000   500      2     100000        33.27     33    21
308     20000    100     5000   500      3     100000         2.00      0    21
309     20000    100     5000   500      4     100000         0.00      0    21
310     20000    100     5000   500      5     100000         0.00      0    21
311     20000    100     5000  1000      1     100000     10000.00  10000    21
312     20000    100     5000  1000      2     100000      1832.73     18    21
313     20000    100     5000  1000      3     100000         1.45      2    21
314     20000    100     5000  1000      4     100000         0.00      0    21
315     20000    100     5000  1000      5     100000         0.00      0    21
316     20000    100    10000    10      1     100000     10000.00  10000    21
317     20000    100    10000    10      2     100000      1477.64   1385    21
318     20000    100    10000    10      3     100000       143.27     60    21
319     20000    100    10000    10      4     100000        12.73     14    21
320     20000    100    10000    10      5     100000         0.55      1    21
321     20000    100    10000    20      1     100000     10000.00  10000    21
322     20000    100    10000    20      2     100000       764.73    726    21
323     20000    100    10000    20      3     100000        70.91     21    21
324     20000    100    10000    20      4     100000         2.64      3    21
325     20000    100    10000    20      5     100000         0.00      0    21
326     20000    100    10000    30      1     100000     10000.00  10000    21
327     20000    100    10000    30      2     100000       483.27    455    21
328     20000    100    10000    30      3     100000        65.27    105    21
329     20000    100    10000    30      4     100000         1.64      1    21
330     20000    100    10000    30      5     100000         0.00      0    21
331     20000    100    10000    50      1     100000     10000.00  10000    21
332     20000    100    10000    50      2     100000       280.18    271    21
333     20000    100    10000    50      3     100000        36.73     60    21
334     20000    100    10000    50      4     100000         0.09      0    21
335     20000    100    10000    50      5     100000         0.00      0    21
336     20000    100    10000   100      1     100000     10000.00  10000    21
337     20000    100    10000   100      2     100000       154.82    160    21
338     20000    100    10000   100      3     100000        17.18     27    21
339     20000    100    10000   100      4     100000         0.00      0    21
340     20000    100    10000   100      5     100000         0.00      0    21
341     20000    100    10000   200      1     100000     10000.00  10000    21
342     20000    100    10000   200      2     100000        75.00     73    21
343     20000    100    10000   200      3     100000         4.00      0    21
344     20000    100    10000   200      4     100000         0.00      0    21
345     20000    100    10000   200      5     100000         0.00      0    21
346     20000    100    10000   300      1     100000     10000.00  10000    21
347     20000    100    10000   300      2     100000        44.55     45    21
348     20000    100    10000   300      3     100000         4.45      0    21
349     20000    100    10000   300      4     100000         0.00      0    21
350     20000    100    10000   300      5     100000         0.00      0    21
351     20000    100    10000   500      1     100000     10000.00  10000    21
352     20000    100    10000   500      2     100000        29.36     29    21
353     20000    100    10000   500      3     100000         0.27      0    21
354     20000    100    10000   500      4     100000         0.00      0    21
355     20000    100    10000   500      5     100000         0.00      0    21
356     20000    100    10000  1000      1     100000     10000.00  10000    21
357     20000    100    10000  1000      2     100000        14.64     15    21
358     20000    100    10000  1000      3     100000         1.00      0    21
359     20000    100    10000  1000      4     100000         0.00      0    21
360     20000    100    10000  1000      5     100000         0.00      0    21

../shock/tabs/analysis_shockvslife_2yr_20170617_00.txt 20170618_235038EDT 
shockvslife tests SHOCK copies=var Audit=1yr Shock=20000, dur=var lifem=var svrdeflife=100000 seed21 

Percentage losses (midmeans)

    shockfreq impact duration lifem copies svrdeflife lost midmean median Nreps
1       20000     20     5000    10      1     100000     100.0000 100.00    21
2       20000     20     5000    10      2     100000       8.4318   7.76    21
3       20000     20     5000    10      3     100000       1.1582   0.36    21
4       20000     20     5000    10      4     100000       0.0700   0.06    21
5       20000     20     5000    10      5     100000       0.0000   0.00    21
6       20000     20     5000    20      1     100000     100.0000 100.00    21
7       20000     20     5000    20      2     100000      22.2236   5.25    21
8       20000     20     5000    20      3     100000       0.3773   0.10    21
9       20000     20     5000    20      4     100000       0.0164   0.02    21
10      20000     20     5000    20      5     100000       0.0000   0.00    21
11      20000     20     5000    30      1     100000     100.0000 100.00    21
12      20000     20     5000    30      2     100000       2.6173   2.30    21
13      20000     20     5000    30      3     100000       0.2345   0.06    21
14      20000     20     5000    30      4     100000       0.0027   0.00    21
15      20000     20     5000    30      5     100000       0.0000   0.00    21
16      20000     20     5000    50      1     100000     100.0000 100.00    21
17      20000     20     5000    50      2     100000       1.7964   1.41    21
18      20000     20     5000    50      3     100000       0.0745   0.02    21
19      20000     20     5000    50      4     100000       0.0000   0.00    21
20      20000     20     5000    50      5     100000       0.0000   0.00    21
21      20000     20     5000   100      1     100000     100.0000 100.00    21
22      20000     20     5000   100      2     100000       0.7473   0.66    21
23      20000     20     5000   100      3     100000       0.1755   0.30    21
24      20000     20     5000   100      4     100000       0.0000   0.00    21
25      20000     20     5000   100      5     100000       0.0000   0.00    21
26      20000     20     5000   200      1     100000     100.0000 100.00    21
27      20000     20     5000   200      2     100000       0.4464   0.41    21
28      20000     20     5000   200      3     100000       0.0264   0.00    21
29      20000     20     5000   200      4     100000       0.0000   0.00    21
30      20000     20     5000   200      5     100000       0.0000   0.00    21
31      20000     20     5000   300      1     100000     100.0000 100.00    21
32      20000     20     5000   300      2     100000       0.2318   0.20    21
33      20000     20     5000   300      3     100000       0.0155   0.00    21
34      20000     20     5000   300      4     100000       0.0000   0.00    21
35      20000     20     5000   300      5     100000       0.0000   0.00    21
36      20000     20     5000   500      1     100000     100.0000 100.00    21
37      20000     20     5000   500      2     100000       0.1691   0.15    21
38      20000     20     5000   500      3     100000       0.0091   0.00    21
39      20000     20     5000   500      4     100000       0.0000   0.00    21
40      20000     20     5000   500      5     100000       0.0000   0.00    21
41      20000     20     5000  1000      1     100000     100.0000 100.00    21
42      20000     20     5000  1000      2     100000       0.0809   0.08    21
43      20000     20     5000  1000      3     100000       0.0036   0.00    21
44      20000     20     5000  1000      4     100000       0.0000   0.00    21
45      20000     20     5000  1000      5     100000       0.0000   0.00    21
46      20000     20    10000    10      1     100000     100.0000 100.00    21
47      20000     20    10000    10      2     100000       8.9600   7.77    21
48      20000     20    10000    10      3     100000       0.9727   0.36    21
49      20000     20    10000    10      4     100000       0.0509   0.03    21
50      20000     20    10000    10      5     100000       0.0000   0.00    21
51      20000     20    10000    20      1     100000     100.0000 100.00    21
52      20000     20    10000    20      2     100000       4.9582   5.15    21
53      20000     20    10000    20      3     100000       0.5418   0.12    21
54      20000     20    10000    20      4     100000       0.0136   0.02    21
55      20000     20    10000    20      5     100000       0.0000   0.00    21
56      20000     20    10000    30      1     100000     100.0000 100.00    21
57      20000     20    10000    30      2     100000       3.3864   3.48    21
58      20000     20    10000    30      3     100000       0.5273   0.07    21
59      20000     20    10000    30      4     100000       0.0027   0.00    21
60      20000     20    10000    30      5     100000       0.0000   0.00    21
61      20000     20    10000    50      1     100000     100.0000 100.00    21
62      20000     20    10000    50      2     100000       1.7336   1.54    21
63      20000     20    10000    50      3     100000       0.1727   0.02    21
64      20000     20    10000    50      4     100000       0.0000   0.00    21
65      20000     20    10000    50      5     100000       0.0000   0.00    21
66      20000     20    10000   100      1     100000     100.0000 100.00    21
67      20000     20    10000   100      2     100000       0.7245   0.73    21
68      20000     20    10000   100      3     100000       0.0545   0.01    21
69      20000     20    10000   100      4     100000       0.0000   0.00    21
70      20000     20    10000   100      5     100000       0.0000   0.00    21
71      20000     20    10000   200      1     100000     100.0000 100.00    21
72      20000     20    10000   200      2     100000       0.4091   0.42    21
73      20000     20    10000   200      3     100000       0.0000   0.00    21
74      20000     20    10000   200      4     100000       0.0000   0.00    21
75      20000     20    10000   200      5     100000       0.0000   0.00    21
76      20000     20    10000   300      1     100000     100.0000 100.00    21
77      20000     20    10000   300      2     100000       0.2473   0.27    21
78      20000     20    10000   300      3     100000       0.0155   0.00    21
79      20000     20    10000   300      4     100000       0.0000   0.00    21
80      20000     20    10000   300      5     100000       0.0000   0.00    21
81      20000     20    10000   500      1     100000     100.0000 100.00    21
82      20000     20    10000   500      2     100000       0.1436   0.13    21
83      20000     20    10000   500      3     100000       0.0027   0.00    21
84      20000     20    10000   500      4     100000       0.0000   0.00    21
85      20000     20    10000   500      5     100000       0.0000   0.00    21
86      20000     20    10000  1000      1     100000     100.0000 100.00    21
87      20000     20    10000  1000      2     100000       0.0900   0.09    21
88      20000     20    10000  1000      3     100000       0.0064   0.00    21
89      20000     20    10000  1000      4     100000       0.0000   0.00    21
90      20000     20    10000  1000      5     100000       0.0000   0.00    21
91      20000     50     5000    10      1     100000     100.0000 100.00    21
92      20000     50     5000    10      2     100000       9.1900  10.24    21
93      20000     50     5000    10      3     100000       1.2300   0.49    21
94      20000     50     5000    10      4     100000       0.0773   0.10    21
95      20000     50     5000    10      5     100000       0.0009   0.00    21
96      20000     50     5000    20      1     100000     100.0000 100.00    21
97      20000     50     5000    20      2     100000      23.3282   6.94    21
98      20000     50     5000    20      3     100000       0.3818   0.10    21
99      20000     50     5000    20      4     100000       0.0200   0.03    21
100     20000     50     5000    20      5     100000       0.0000   0.00    21
101     20000     50     5000    30      1     100000     100.0000 100.00    21
102     20000     50     5000    30      2     100000       2.8709   2.56    21
103     20000     50     5000    30      3     100000       0.2336   0.06    21
104     20000     50     5000    30      4     100000       0.0045   0.00    21
105     20000     50     5000    30      5     100000       0.0000   0.00    21
106     20000     50     5000    50      1     100000     100.0000 100.00    21
107     20000     50     5000    50      2     100000       2.0418   1.95    21
108     20000     50     5000    50      3     100000       0.0764   0.02    21
109     20000     50     5000    50      4     100000       0.0000   0.00    21
110     20000     50     5000    50      5     100000       0.0000   0.00    21
111     20000     50     5000   100      1     100000     100.0000 100.00    21
112     20000     50     5000   100      2     100000       0.9664   0.98    21
113     20000     50     5000   100      3     100000       0.2091   0.30    21
114     20000     50     5000   100      4     100000       0.0000   0.00    21
115     20000     50     5000   100      5     100000       0.0000   0.00    21
116     20000     50     5000   200      1     100000     100.0000 100.00    21
117     20000     50     5000   200      2     100000       0.4336   0.41    21
118     20000     50     5000   200      3     100000       0.0173   0.00    21
119     20000     50     5000   200      4     100000       0.0000   0.00    21
120     20000     50     5000   200      5     100000       0.0000   0.00    21
121     20000     50     5000   300      1     100000     100.0000 100.00    21
122     20000     50     5000   300      2     100000       0.2536   0.24    21
123     20000     50     5000   300      3     100000       0.0000   0.00    21
124     20000     50     5000   300      4     100000       0.0000   0.00    21
125     20000     50     5000   300      5     100000       0.0000   0.00    21
126     20000     50     5000   500      1     100000     100.0000 100.00    21
127     20000     50     5000   500      2     100000       0.1755   0.16    21
128     20000     50     5000   500      3     100000       0.0091   0.00    21
129     20000     50     5000   500      4     100000       0.0000   0.00    21
130     20000     50     5000   500      5     100000       0.0000   0.00    21
131     20000     50     5000  1000      1     100000     100.0000 100.00    21
132     20000     50     5000  1000      2     100000       0.0773   0.08    21
133     20000     50     5000  1000      3     100000       0.0036   0.00    21
134     20000     50     5000  1000      4     100000       0.0000   0.00    21
135     20000     50     5000  1000      5     100000       0.0000   0.00    21
136     20000     50    10000    10      1     100000     100.0000 100.00    21
137     20000     50    10000    10      2     100000       8.6627   7.73    21
138     20000     50    10000    10      3     100000       1.3309   0.41    21
139     20000     50    10000    10      4     100000       0.0727   0.04    21
140     20000     50    10000    10      5     100000       0.0027   0.00    21
141     20000     50    10000    20      1     100000     100.0000 100.00    21
142     20000     50    10000    20      2     100000       5.2409   5.15    21
143     20000     50    10000    20      3     100000       0.5445   0.12    21
144     20000     50    10000    20      4     100000       0.0164   0.02    21
145     20000     50    10000    20      5     100000       0.0000   0.00    21
146     20000     50    10000    30      1     100000     100.0000 100.00    21
147     20000     50    10000    30      2     100000       3.3136   3.45    21
148     20000     50    10000    30      3     100000       0.7418   1.07    21
149     20000     50    10000    30      4     100000       0.0027   0.00    21
150     20000     50    10000    30      5     100000       0.0000   0.00    21
151     20000     50    10000    50      1     100000     100.0000 100.00    21
152     20000     50    10000    50      2     100000       2.1418   2.12    21
153     20000     50    10000    50      3     100000       0.1727   0.02    21
154     20000     50    10000    50      4     100000       0.0000   0.00    21
155     20000     50    10000    50      5     100000       0.0000   0.00    21
156     20000     50    10000   100      1     100000     100.0000 100.00    21
157     20000     50    10000   100      2     100000       0.9109   0.97    21
158     20000     50    10000   100      3     100000       0.0818   0.01    21
159     20000     50    10000   100      4     100000       0.0000   0.00    21
160     20000     50    10000   100      5     100000       0.0000   0.00    21
161     20000     50    10000   200      1     100000     100.0000 100.00    21
162     20000     50    10000   200      2     100000       0.4664   0.46    21
163     20000     50    10000   200      3     100000       0.0355   0.00    21
164     20000     50    10000   200      4     100000       0.0000   0.00    21
165     20000     50    10000   200      5     100000       0.0000   0.00    21
166     20000     50    10000   300      1     100000     100.0000 100.00    21
167     20000     50    10000   300      2     100000       0.2500   0.26    21
168     20000     50    10000   300      3     100000       0.0245   0.00    21
169     20000     50    10000   300      4     100000       0.0000   0.00    21
170     20000     50    10000   300      5     100000       0.0000   0.00    21
171     20000     50    10000   500      1     100000     100.0000 100.00    21
172     20000     50    10000   500      2     100000       0.1527   0.14    21
173     20000     50    10000   500      3     100000       0.0127   0.00    21
174     20000     50    10000   500      4     100000       0.0000   0.00    21
175     20000     50    10000   500      5     100000       0.0000   0.00    21
176     20000     50    10000  1000      1     100000     100.0000 100.00    21
177     20000     50    10000  1000      2     100000       0.0927   0.10    21
178     20000     50    10000  1000      3     100000       0.0036   0.00    21
179     20000     50    10000  1000      4     100000       0.0000   0.00    21
180     20000     50    10000  1000      5     100000       0.0000   0.00    21
181     20000     90     5000    10      1     100000     100.0000 100.00    21
182     20000     90     5000    10      2     100000      36.5173  13.81    21
183     20000     90     5000    10      3     100000       2.8491   3.53    21
184     20000     90     5000    10      4     100000       0.1418   0.14    21
185     20000     90     5000    10      5     100000       0.0082   0.01    21
186     20000     90     5000    20      1     100000     100.0000 100.00    21
187     20000     90     5000    20      2     100000       7.7409   7.63    21
188     20000     90     5000    20      3     100000       0.8418   0.21    21
189     20000     90     5000    20      4     100000       0.0318   0.03    21
190     20000     90     5000    20      5     100000       0.0000   0.00    21
191     20000     90     5000    30      1     100000     100.0000 100.00    21
192     20000     90     5000    30      2     100000      13.1445   4.67    21
193     20000     90     5000    30      3     100000       0.3300   0.09    21
194     20000     90     5000    30      4     100000       0.0082   0.01    21
195     20000     90     5000    30      5     100000       0.0000   0.00    21
196     20000     90     5000    50      1     100000     100.0000 100.00    21
197     20000     90     5000    50      2     100000      11.7755   2.94    21
198     20000     90     5000    50      3     100000       0.2564   0.05    21
199     20000     90     5000    50      4     100000       0.0000   0.00    21
200     20000     90     5000    50      5     100000       0.0000   0.00    21
201     20000     90     5000   100      1     100000     100.0000 100.00    21
202     20000     90     5000   100      2     100000       1.4918   1.46    21
203     20000     90     5000   100      3     100000       0.1145   0.01    21
204     20000     90     5000   100      4     100000       0.0000   0.00    21
205     20000     90     5000   100      5     100000       0.0000   0.00    21
206     20000     90     5000   200      1     100000     100.0000 100.00    21
207     20000     90     5000   200      2     100000       0.7536   0.76    21
208     20000     90     5000   200      3     100000       0.0736   0.00    21
209     20000     90     5000   200      4     100000       0.0000   0.00    21
210     20000     90     5000   200      5     100000       0.0000   0.00    21
211     20000     90     5000   300      1     100000     100.0000 100.00    21
212     20000     90     5000   300      2     100000       0.4545   0.48    21
213     20000     90     5000   300      3     100000       0.0200   0.00    21
214     20000     90     5000   300      4     100000       0.0000   0.00    21
215     20000     90     5000   300      5     100000       0.0000   0.00    21
216     20000     90     5000   500      1     100000     100.0000 100.00    21
217     20000     90     5000   500      2     100000       0.2682   0.27    21
218     20000     90     5000   500      3     100000       0.0227   0.01    21
219     20000     90     5000   500      4     100000       0.0000   0.00    21
220     20000     90     5000   500      5     100000       0.0000   0.00    21
221     20000     90     5000  1000      1     100000     100.0000 100.00    21
222     20000     90     5000  1000      2     100000      18.3036   0.17    21
223     20000     90     5000  1000      3     100000       0.0055   0.00    21
224     20000     90     5000  1000      4     100000       0.0000   0.00    21
225     20000     90     5000  1000      5     100000       0.0000   0.00    21
226     20000     90    10000    10      1     100000     100.0000 100.00    21
227     20000     90    10000    10      2     100000      14.5700  13.85    21
228     20000     90    10000    10      3     100000       1.3855   0.52    21
229     20000     90    10000    10      4     100000       0.1182   0.12    21
230     20000     90    10000    10      5     100000       0.0055   0.01    21
231     20000     90    10000    20      1     100000     100.0000 100.00    21
232     20000     90    10000    20      2     100000       7.4209   7.03    21
233     20000     90    10000    20      3     100000       0.8655   0.25    21
234     20000     90    10000    20      4     100000       0.0209   0.03    21
235     20000     90    10000    20      5     100000       0.0000   0.00    21
236     20000     90    10000    30      1     100000     100.0000 100.00    21
237     20000     90    10000    30      2     100000       4.9918   4.79    21
238     20000     90    10000    30      3     100000       0.7236   1.05    21
239     20000     90    10000    30      4     100000       0.0045   0.00    21
240     20000     90    10000    30      5     100000       0.0000   0.00    21
241     20000     90    10000    50      1     100000     100.0000 100.00    21
242     20000     90    10000    50      2     100000       2.6191   2.34    21
243     20000     90    10000    50      3     100000       0.3082   0.05    21
244     20000     90    10000    50      4     100000       0.0000   0.00    21
245     20000     90    10000    50      5     100000       0.0000   0.00    21
246     20000     90    10000   100      1     100000     100.0000 100.00    21
247     20000     90    10000   100      2     100000       1.5909   1.67    21
248     20000     90    10000   100      3     100000       0.1673   0.23    21
249     20000     90    10000   100      4     100000       0.0000   0.00    21
250     20000     90    10000   100      5     100000       0.0000   0.00    21
251     20000     90    10000   200      1     100000     100.0000 100.00    21
252     20000     90    10000   200      2     100000       0.7118   0.73    21
253     20000     90    10000   200      3     100000       0.0527   0.00    21
254     20000     90    10000   200      4     100000       0.0000   0.00    21
255     20000     90    10000   200      5     100000       0.0000   0.00    21
256     20000     90    10000   300      1     100000     100.0000 100.00    21
257     20000     90    10000   300      2     100000       0.3736   0.34    21
258     20000     90    10000   300      3     100000       0.0445   0.00    21
259     20000     90    10000   300      4     100000       0.0000   0.00    21
260     20000     90    10000   300      5     100000       0.0000   0.00    21
261     20000     90    10000   500      1     100000     100.0000 100.00    21
262     20000     90    10000   500      2     100000       0.2309   0.22    21
263     20000     90    10000   500      3     100000       0.0055   0.00    21
264     20000     90    10000   500      4     100000       0.0000   0.00    21
265     20000     90    10000   500      5     100000       0.0000   0.00    21
266     20000     90    10000  1000      1     100000     100.0000 100.00    21
267     20000     90    10000  1000      2     100000       0.1464   0.15    21
268     20000     90    10000  1000      3     100000       0.0127   0.00    21
269     20000     90    10000  1000      4     100000       0.0000   0.00    21
270     20000     90    10000  1000      5     100000       0.0000   0.00    21
271     20000    100     5000    10      1     100000     100.0000 100.00    21
272     20000    100     5000    10      2     100000      38.6445  16.72    21
273     20000    100     5000    10      3     100000       2.8627   3.52    21
274     20000    100     5000    10      4     100000       0.1727   0.16    21
275     20000    100     5000    10      5     100000       0.0182   0.01    21
276     20000    100     5000    20      1     100000     100.0000 100.00    21
277     20000    100     5000    20      2     100000      16.1191   7.63    21
278     20000    100     5000    20      3     100000       1.3191   1.68    21
279     20000    100     5000    20      4     100000       0.0345   0.03    21
280     20000    100     5000    20      5     100000       0.0000   0.00    21
281     20000    100     5000    30      1     100000     100.0000 100.00    21
282     20000    100     5000    30      2     100000      13.9255   4.90    21
283     20000    100     5000    30      3     100000       0.3527   0.08    21
284     20000    100     5000    30      4     100000       0.0173   0.02    21
285     20000    100     5000    30      5     100000       0.0000   0.00    21
286     20000    100     5000    50      1     100000     100.0000 100.00    21
287     20000    100     5000    50      2     100000      11.9973   3.37    21
288     20000    100     5000    50      3     100000       0.3218   0.06    21
289     20000    100     5000    50      4     100000       0.0009   0.00    21
290     20000    100     5000    50      5     100000       0.0000   0.00    21
291     20000    100     5000   100      1     100000     100.0000 100.00    21
292     20000    100     5000   100      2     100000      10.7264   1.80    21
293     20000    100     5000   100      3     100000       0.0955   0.01    21
294     20000    100     5000   100      4     100000       0.0000   0.00    21
295     20000    100     5000   100      5     100000       0.0000   0.00    21
296     20000    100     5000   200      1     100000     100.0000 100.00    21
297     20000    100     5000   200      2     100000       0.8709   0.82    21
298     20000    100     5000   200      3     100000       0.1091   0.13    21
299     20000    100     5000   200      4     100000       0.0000   0.00    21
300     20000    100     5000   200      5     100000       0.0000   0.00    21
301     20000    100     5000   300      1     100000     100.0000 100.00    21
302     20000    100     5000   300      2     100000       9.5936   0.56    21
303     20000    100     5000   300      3     100000       0.0291   0.00    21
304     20000    100     5000   300      4     100000       0.0000   0.00    21
305     20000    100     5000   300      5     100000       0.0000   0.00    21
306     20000    100     5000   500      1     100000     100.0000 100.00    21
307     20000    100     5000   500      2     100000       0.3327   0.33    21
308     20000    100     5000   500      3     100000       0.0200   0.00    21
309     20000    100     5000   500      4     100000       0.0000   0.00    21
310     20000    100     5000   500      5     100000       0.0000   0.00    21
311     20000    100     5000  1000      1     100000     100.0000 100.00    21
312     20000    100     5000  1000      2     100000      18.3273   0.18    21
313     20000    100     5000  1000      3     100000       0.0145   0.02    21
314     20000    100     5000  1000      4     100000       0.0000   0.00    21
315     20000    100     5000  1000      5     100000       0.0000   0.00    21
316     20000    100    10000    10      1     100000     100.0000 100.00    21
317     20000    100    10000    10      2     100000      14.7764  13.85    21
318     20000    100    10000    10      3     100000       1.4327   0.60    21
319     20000    100    10000    10      4     100000       0.1273   0.14    21
320     20000    100    10000    10      5     100000       0.0055   0.01    21
321     20000    100    10000    20      1     100000     100.0000 100.00    21
322     20000    100    10000    20      2     100000       7.6473   7.26    21
323     20000    100    10000    20      3     100000       0.7091   0.21    21
324     20000    100    10000    20      4     100000       0.0264   0.03    21
325     20000    100    10000    20      5     100000       0.0000   0.00    21
326     20000    100    10000    30      1     100000     100.0000 100.00    21
327     20000    100    10000    30      2     100000       4.8327   4.55    21
328     20000    100    10000    30      3     100000       0.6527   1.05    21
329     20000    100    10000    30      4     100000       0.0164   0.01    21
330     20000    100    10000    30      5     100000       0.0000   0.00    21
331     20000    100    10000    50      1     100000     100.0000 100.00    21
332     20000    100    10000    50      2     100000       2.8018   2.71    21
333     20000    100    10000    50      3     100000       0.3673   0.60    21
334     20000    100    10000    50      4     100000       0.0009   0.00    21
335     20000    100    10000    50      5     100000       0.0000   0.00    21
336     20000    100    10000   100      1     100000     100.0000 100.00    21
337     20000    100    10000   100      2     100000       1.5482   1.60    21
338     20000    100    10000   100      3     100000       0.1718   0.27    21
339     20000    100    10000   100      4     100000       0.0000   0.00    21
340     20000    100    10000   100      5     100000       0.0000   0.00    21
341     20000    100    10000   200      1     100000     100.0000 100.00    21
342     20000    100    10000   200      2     100000       0.7500   0.73    21
343     20000    100    10000   200      3     100000       0.0400   0.00    21
344     20000    100    10000   200      4     100000       0.0000   0.00    21
345     20000    100    10000   200      5     100000       0.0000   0.00    21
346     20000    100    10000   300      1     100000     100.0000 100.00    21
347     20000    100    10000   300      2     100000       0.4455   0.45    21
348     20000    100    10000   300      3     100000       0.0445   0.00    21
349     20000    100    10000   300      4     100000       0.0000   0.00    21
350     20000    100    10000   300      5     100000       0.0000   0.00    21
351     20000    100    10000   500      1     100000     100.0000 100.00    21
352     20000    100    10000   500      2     100000       0.2936   0.29    21
353     20000    100    10000   500      3     100000       0.0027   0.00    21
354     20000    100    10000   500      4     100000       0.0000   0.00    21
355     20000    100    10000   500      5     100000       0.0000   0.00    21
356     20000    100    10000  1000      1     100000     100.0000 100.00    21
357     20000    100    10000  1000      2     100000       0.1464   0.15    21
358     20000    100    10000  1000      3     100000       0.0100   0.00    21
359     20000    100    10000  1000      4     100000       0.0000   0.00    21
360     20000    100    10000  1000      5     100000       0.0000   0.00    21


