6901
1434
4829
6993
865
4514
2701
2225
5018
8123
7949
2878
2729
8001
1991
1716
9395
4710
3405
2800
9685
9925
4243
7298
6264
1107
9632
1621
1992
6297
5552
440
1504
7835
8416
7443
8931
3906
3767
2369
8786
3580
7360
9185
8078
3613
8579
2333
3860
6177
6614
4008
2796
2955
527
5452
7093
7979
5615
2405
9031
8506
9144
1346
8303
1855
6210
4203
2780
5821
6471
793
9293
5683
9380
8297
3898
9593
3200
9418
2673
4813
9707
7406
6319
1615
9023
5823
921
2222
7321
1498
7442
7607
586
50
6051
6771
9206
8431
1089
2580
1227
5523
6240
2774
6581
1925
6648
1549
5874
7969
536
8805
4778
3004
6413
6265
362
9082
8044
9149
5960
2499
4205
3274
6135
7503
5463
8387
4608
3673
6235
5623
3985
6869
4491
7786
7005
9088
8922
7353
5748
6548
3941
4288
236
2589
8490
4806
6868
1802
3852
6630
1893
6789
1604
3323
6710
4144
1987
7665
8059
1459
9920
3659
6066
9247
393
8251
3905
7042
448
90
5656
6686
3869
8347
8637
9103
2263
2301
6998
4209
9761
3265
5985
8946
5806
8023
6733
2781
3782
4701
8571
924
9798
6214
4385
3592
3553
4657
1184
5999
3077
1872
5565
4881
6927
4915
459
487
1003
3359
679
890
3024
1088
1059
4669
5348
9163
6056
9757
5184
5643
322
1342
9384
9469
7802
1047
7509
950
7074
5931
1844
6197
6369
644
5836
5328
7223
2820
2578
4890
6826
5575
6801
4551
8466
5967
4566
2947
8291
9609
5123
5446
545
659
3071
4455
4335
8980
9723
1023
5508
7240
7903
6679
14
2584
4909
3145
7951
3324
1158
4078
7200
6347
2026
5336
1188
9258
5057
6074
83
4653
2113
5813
2182
8020
5152
141
5213
2496
7900
4853
467
1506
5291
4083
9982
5600
177
9899
8815
8648
478
9254
730
4446
3523
9569
481
881
4594
2976
1626
8634
3828
2005
984
8658
3186
560
1801
6361
4053
8369
7224
296
6052
457
5042
4361
4188
4393
7520
6911
5064
6477
3630
4552
7213
9550
338
6655
3364
5360
8590
5105
6448
7275
3719
7616
1474
5022
9172
9896
95
1469
9245
6555
2965
6639
8075
9210
7927
3178
3810
2661
9736
5802
1341
1345
2913
8537
1446
6897
7673
2327
3204
329
8919
3511
9391
601
1503
32
3027
1810
2385
9913
4438
7340
5930
6041
4326
7046
2831
6181
5661
2712
5444
6706
4395
4387
6854
6019
8498
9107
5277
1203
9463
8924
6193
2675
2455
5496
4125
4075
1394
1358
6313
9876
5571
2862
5269
4080
9086
8438
2228
43
3007
9804
2723
1274
9414
8775
8852
9591
6388
7472
8746
6189
3387
8392
5283
4696
3564
3074
1354
7281
8009
5320
5955
8338
9392
1172
7400
7882
7439
9084
9058
9316
6781
9312
7841
9927
1164
8810
587
9097
2586
153
3439
3595
8656
8588
7605
6434
6553
8833
5025
7198
7068
2014
6249
8663
4757
6697
1868
6676
3627
187
346
8362
1823
7812
4305
1349
8105
9349
6615
5098
82
2674
8230
2832
1958
6216
9888
859
7710
5595
1964
2144
1643
150
5060
3290
7336
8945
3263
2159
6601
4312
1422
7632
9811
995
4208
8370
7849
4874
1212
7048
5412
6085
2588
2335
9917
1316
4152
4726
8274
7725
9315
9153
7361
9246
6561
4965
2031
5574
1029
8827
1098
2722
8514
6192
743
6569
2759
7377
5181
8999
857
425
4777
2891
7936
7164
7297
5186
5877
8322
7388
2743
9988
277
4257
365
521
6201
4468
231
4666
1624
3870
6499
4055
7128
2071
9570
252
7583
579
6551
7926
6804
1584
6731
8743
8524
4187
6287
2441
7233
6842
4401
8435
3061
507
9307
3581
4495
2815
2148
8247
6352
3086
4601
1907
3848
7095
5315
9358
802
976
8995
4369
7152
1682
7774
5274
3759
5591
8110
3821
8932
9740
9345
7937
6741
1151
1930
3036
5211
8157
3949
9451
4851
1169
8845
5775
5002
5155
8028
2147
1924
4775
5127
1441
6986
6961
3636
4431
9488
2089
1353
2599
291
3684
9299
9188
1579
8201
3110
1484
1616
2665
6734
8851
9603
6893
4384
5242
4281
9284
8878
2092
7228
6350
1479
9492
3851
1221
418
2062
1064
4916
3378
2098
7062
2304
2651
9863
8535
8523
1397
5768
3390
8464
5198
7107
4138
2821
6763
1998
4226
715
6167
6446
7411
5727
9997
7766
981
1159
4020
8660
6602
9853
6046
2445
661
3773
3661
5578
5720
1081
8930
9445
4691
6546
6113
681
8990
1606
4687
7226
8841
4518
7919
7751
4648
1692
4682
6224
7218
1019
35
6837
8675
3064
4165
2603
4871
6599
3703
8095
2153
9898
8866
6992
8243
1850
2102
7341
4510
4834
6492
2177
5909
2934
7347
4967
9212
5498
9696
5141
825
7122
2204
6237
142
8757
2238
539
5258
7348
2302
5994
777
3100
7905
7422
1733
4800
1919
8209
3702
3298
3716
9456
3539
8094
9691
5188
3270
3152
8875
9950
3797
434
912
2407
5378
1638
8717
2523
2100
2549
4024
6087
8756
3679
517
9162
5603
7243
2247
1501
8400
455
6698
1296
8794
5865
1520
9119
7367
3231
7286
4445
9207
3911
15
3139
8341
8556
5362
7479
8755
805
6604
775
268
6444
2328
6582
7328
2069
7371
6202
2602
9998
8836
4749
7791
3755
9468
7868
7288
5085
8298
2760
8430
4595
1265
3825
1343
6511
9992
1667
304
2799
3196
5766
3156
5406
8921
9856
3256
5651
4351
1226
8645
5837
7761
16
5977
5631
2680
4105
3609
1022
2107
5950
9554
8420
9215
4267
6957
6687
7257
8595
5715
9973
5156
1486
1832
3780
9135
5116
8971
6718
3528
8260
1122
5528
1976
1588
2481
4406
1165
9117
1255
115
2163
3889
3955
7881
6002
5770
6952
9647
9259
1884
1911
1314
2397
8021
6717
931
2819
4659
7672
1249
1789
1827
7320
1820
2127
378
5966
836
7339
4295
6029
4363
4553
7489
1117
8241
4651
6384
8582
9156
3202
1153
5790
7675
5639
9595
6441
2736
7560
6619
5857
5900
1307
6096
210
5716
3341
7301
6312
5010
7611
243
7267
1292
4713
4179
647
8720
1852
2744
8584
623
4769
7804
1929
6516
6815
7012
3516
1731
1874
9067
6846
4593
8169
7573
6669
1718
1478
2501
149
7007
5416
3854
9766
6424
9388
8221
1526
4979
234
3960
8472
5559
8718
2841
9311
5157
5023
4022
9498
9226
2041
9635
8673
485
6464
4542
7259
8238
8029
2387
9322
2022
674
7531
672
2
3831
2383
7075
2564
6116
10000
9301
5544
5052
3373
2880
8814
1460
27
6818
6701
3301
1305
8401
8555
9644
4826
4215
4508
377
3705
917
4487
8606
9975
164
2948
8
284
3116
7698
1534
398
6524
1701
6067
8040
3969
9660
9985
6054
6519
7836
1063
3257
9466
3921
6050
7815
2960
6761
2288
3414
1328
1409
2676
137
7867
343
5979
1570
3216
6661
3901
1878
2423
4667
8768
4815
4998
3557
8567
2259
6862
7943
7888
349
3362
7323
9241
5938
5728
9674
5964
5644
9145
1351
4635
8587
9278
6885
3970
1784
1521
3466
8765
8621
4173
7043
1817
435
6935
4776
4832
9622
8516
4207
6932
9700
6383
274
9152
2846
9438
4359
5733
2202
1794
1192
9177
3403
1275
4546
8429
4977
7003
8181
9956
6327
8484
6377
8141
763
1904
8902
6921
4958
3874
5417
4908
3668
5237
8956
9235
1664
702
1075
1367
4237
1779
7550
7214
6200
9774
3043
6673
5168
6843
3643
1782
7910
6521
3980
173
8668
8158
6978
3107
7378
6168
4668
5749
2839
1090
1094
1370
1393
525
766
932
9458
7313
1758
5902
6867
8953
7403
3895
7131
7597
4827
1916
3354
8962
7889
5096
1152
994
4251
7454
1512
2278
3839
6647
9860
2218
8616
7674
4939
4238
2434
4740
9721
3509
2105
5607
5834
389
7248
768
1517
492
4602
3541
6573
6223
6101
5110
7552
1364
3530
4641
8585
6896
200
8077
1082
3607
8398
3199
7856
7452
7702
9429
1248
4555
3875
376
3583
4121
2757
2626
8439
597
5690
7350
3600
5200
3248
140
6642
1263
5499
8034
7545
6559
1079
7466
1734
20
957
9032
6166
2459
8597
8261
3278
4978
584
3330
6973
3793
9822
445
7578
1587
4985
5419
258
8147
2478
1972
4620
5629
7913
7208
3558
6371
6125
3052
7114
6702
4676
5736
1728
3228
5645
486
4721
1391
9237
7618
6906
4284
7355
4213
8712
5895
7368
3999
2844
9949
5722
1568
2160
6997
7874
5910
7727
2620
8901
7108
4051
4241
551
6140
1421
1741
242
2553
6966
1336
4613
5849
885
3599
2437
2527
3552
1070
6000
7921
6184
8016
7219
5760
6691
4615
2885
4540
2440
4714
6794
2174
1515
1183
5597
1034
8058
5730
1387
974
5361
5432
9124
2633
2865
8916
3681
1187
4321
2637
3185
2720
3996
9093
4107
2292
4870
1598
3338
4154
8947
7664
3846
161
1543
7939
8574
3130
832
2682
4548
8872
8265
8326
11
1680
8850
2266
8091
5389
6937
3443
8954
5761
1060
7946
4389
6522
1634
3798
5158
5507
7918
5350
5383
5241
2272
6590
8164
5250
6219
4724
9139
7212
3093
5701
4768
7745
6246
1554
6975
2930
3321
2048
3189
9756
3909
9912
3879
2235
5914
1348
4082
316
1752
2843
5712
5319
400
8198
4366
1225
9560
1436
989
2606
7072
46
2655
2543
477
9909
6751
9842
1400
205
7548
1138
5058
4617
3239
725
5634
8426
6489
6596
4814
1759
8258
3667
8143
574
5259
3382
5694
4884
6985
192
6872
7018
1888
1119
8973
5142
9802
2422
1683
4649
5041
7112
1104
1332
5550
7332
3948
2859
7987
194
8448
6586
3954
2021
3128
423
3042
9253
212
1509
9500
6744
7572
1552
1706
3125
776
5385
4304
9303
2264
8884
4836
780
3776
6871
5829
6853
7562
4997
6241
3034
960
4735
8236
290
6876
9229
3616
3642
6618
2912
4046
5338
5031
1270
1149
5411
4970
4816
7457
8701
3714
959
9793
8692
747
8772
6650
2801
1573
9240
6092
1882
2207
9732
5126
6757
9012
5517
2226
9508
8353
7499
4833
7418
9946
2754
9551
5454
4697
7996
403
875
8253
717
31
7384
8470
4630
4685
2756
7681
3736
603
369
7040
3555
4993
5430
5039
8447
9612
6014
1905
9450
4404
9586
6506
5262
7617
6462
9626
4736
357
1331
468
8747
7923
6044
6130
6722
2033
8914
916
5946
9464
1591
5248
5912
183
3629
8879
1788
4662
7982
1196
3644
7474
8451
2361
1271
9329
5541
8778
5344
3738
3606
1541
8292
5301
3884
7788
3397
8050
7083
3171
4632
9304
853
9923
7717
9563
7528
8996
5665
7967
6267
8508
640
9954
4310
7253
8276
7912
8306
5015
5130
9810
1037
3159
7986
8223
3984
895
557
2309
8605
2392
6659
131
9040
4150
9910
4937
7303
5968
7540
705
2351
247
9401
5206
819
9194
6960
6588
1289
8983
4292
4680
9868
4175
1633
9203
1873
226
1004
4786
3289
4463
5769
2365
6855
9331
1142
5926
7600
1834
3556
550
5489
9678
5287
2793
3819
534
2442
1666
1413
3477
3740
4767
1896
6397
2039
6254
9004
4011
6775
5684
4831
4265
9890
4618
279
3986
4420
5240
3096
3368
6367
4482
2567
6652
2462
1813
5125
2871
1714
1950
2200
5190
5492
2116
4415
8315
4752
2775
6271
4026
6174
9869
3693
8082
5556
18
3813
813
6527
7459
5174
814
1833
2368
4111
5228
4709
699
2641
8293
1671
1723
198
4859
4337
8359
2689
9404
2531
1612
734
5540
6784
6315
3741
412
2378
9540
7730
4959
2721
3733
8510
124
1201
3545
3088
6151
2195
2316
9234
761
8450
6980
1311
2855
40
5394
2374
1055
6410
3641
5680
2337
6668
9664
2152
4545
9791
8027
5972
7398
9886
2279
4511
2616
2377
9820
2621
7484
6890
5547
7535
9357
6653
4343
6450
2451
220
2234
9221
4176
8754
4494
208
3462
5260
3526
433
3508
7150
2975
3614
6286
8232
5441
9367
7763
6345
5704
4296
4692
1215
2563
4153
1970
300
3478
1797
337
9487
1622
7510
9090
5223
5377
5741
2307
4629
2677
6877
3803
1232
3066
8074
5511
2514
2717
1514
9731
7646
3232
9883
7139
8581
5103
1302
2519
7181
967
4118
6460
281
311
8446
3664
235
363
1999
2795
5820
4014
1027
823
4480
908
4233
1298
2623
4509
9734
6251
9594
3824
3285
5952
6278
7282
5264
9621
2216
9598
8843
8561
6795
9715
2678
9009
5001
1897
2524
3908
5347
2120
3877
8002
6093
1914
7658
5998
1406
4799
8877
8651
988
7227
8352
3134
8911
471
613
2461
6493
1753
3273
1899
5905
3104
4268
5852
4888
4986
3928
9531
9348
3161
241
4145
6633
6995
4980
7183
2697
4512
6915
2644
4201
7934
3363
3357
3317
7625
7246
9969
8121
9360
7504
1533
792
2282
9936
8180
8525
6408
6660
894
660
4642
9859
4580
2054
6363
152
2660
7978
9592
1940
1627
3841
6243
3126
7295
2353
585
7549
6118
3894
7870
6435
8106
6849
8036
8240
4819
4718
3538
6421
6564
9075
7594
8951
3500
9522
3431
1943
975
4472
692
8820
9497
6545
8773
886
3041
569
191
5757
2414
328
8449
5311
7924
685
4619
2436
722
6305
847
6481
8130
8391
1898
8503
618
4124
1293
8533
4344
8421
305
4534
229
7595
9344
2749
9665
2936
3332
1602
7899
4746
4287
4378
2792
2172
8920
9533
386
6857
9021
2836
6081
9955
1073
3081
8250
4838
3653
6568
9353
9033
9759
6008
4948
6627
2838
9214
491
9597
8942
8187
9824
5327
4887
5594
4828
1858
4914
5648
5084
7385
3536
8403
8781
3157
6400
5747
8661
9239
9486
1973
2851
7624
1722
4434
9413
6097
53
8052
1126
8390
5702
7291
17
1720
4397
7468
9101
6134
1297
1719
2540
5772
3997
8734
5590
6585
718
2020
4633
1105
1416
45
7659
1623
8033
8062
3217
3961
9000
3744
4453
9814
3967
6612
1125
8664
9340
6399
3272
8452
2671
6491
820
9565
1356
5537
7613
371
8943
8035
3725
7907
6010
4204
9465
9182
7935
9046
9017
3112
6035
6894
3250
1932
9809
7692
9427
9408
9514
7473
7785
1819
7640
5007
5515
2245
6117
6525
9127
1462
5555
2492
1535
8796
3975
8252
8349
6222
7013
8782
5873
3238
3223
6455
6111
1458
657
933
2435
175
1309
4589
5462
1532
1390
5164
8100
396
1863
5329
6759
2656
1285
5576
3515
6624
379
8378
3850
6970
6938
8329
1746
1732
6390
1694
1870
9564
9095
4538
4180
2592
9509
9815
1431
5229
1822
6068
2463
549
6773
6233
9816
1191
6261
5851
5973
1764
8358
5601
3351
6637
2923
9725
9473
9877
5835
6282
3261
1222
2776
4839
3927
356
5724
6528
3615
9843
6191
7154
5598
6049
9411
4747
8066
4903
8703
5611
5717
5641
8277
9268
9116
1000
4474
6879
8268
9649
7861
1528
6721
3025
8696
8539
4066
2517
5194
6438
5606
6715
2475
4357
1418
3864
3696
5693
5525
5896
8715
9862
2753
508
5333
5482
901
855
2573
204
1887
5562
1687
4002
5353
8443
4661
6834
3974
5486
5884
547
7642
2045
380
7178
4317
1697
8511
8541
7502
4396
9970
2610
255
68
8014
8468
6900
4405
384
8608
4059
3233
2029
4056
6358
8601
3033
9238
9022
2608
609
1876
4750
8889
5646
694
7058
3106
6084
1182
6727
334
6832
6395
9189
8423
965
139
9695
1295
5667
4488
2647
1319
7081
7720
6311
612
9471
676
7067
4164
1259
1742
9752
5957
8195
4808
2520
1968
4137
7803
5657
8039
8552
6391
1997
96
7345
110
5059
927
5212
4193
6643
8501
4626
1257
9690
2286
7300
5054
4225
9260
3983
3569
4893
7414
4607
5777
3651
6640
6407
8952
3005
8135
293
4574
4623
4197
3498
3593
7873
8828
8882
2810
9053
5529
9350
6919
4444
9132
6159
7908
8626
2126
7027
1545
5021
6532
9147
7945
9908
6053
7451
4936
4398
7636
543
6567
6802
922
2713
8787
5539
8560
7512
1145
2542
925
4845
5754
3468
7844
7015
556
158
2511
3829
3871
6816
4634
2594
6922
1589
8677
677
9658
9584
9211
6539
8512
5479
2181
5956
3587
6047
577
3566
6003
5671
1574
6925
1790
9867
4090
740
408
7448
2591
941
5799
4576
2348
7898
2629
8722
3987
3249
6905
8219
8518
1171
3662
1229
8507
7906
900
9784
1659
7832
1157
3109
5119
4358
951
7375
1286
8220
2888
37
8502
4123
5160
2731
1401
8113
5989
7561
294
4503
8226
1233
233
8011
2149
8017
6226
9760
4616
6844
9537
8547
4163
5033
7426
7101
6183
8890
2702
7981
8480
8124
442
7001
6692
8839
5892
5861
2650
7099
7319
5154
3425
6060
42
4331
704
3525
3823
8427
573
6968
4211
2277
4252
3236
8385
8026
3353
8104
4293
4584
4643
2019
7221
4779
2618
2191
8073
8681
9653
5584
5118
8215
2417
5324
1253
5659
8048
7827
1792
6045
9133
9002
6509
3406
4500
4440
7352
1815
8167
2038
2230
5109
1939
4320
7741
6129
97
537
3820
1250
9971
6221
6641
2503
3056
126
6270
9631
5422
845
1139
2663
8190
3503
6178
9735
615
2058
1748
1717
997
1686
7045
5887
2634
757
3490
8540
5561
4329
7274
4219
3838
3551
2386
6239
6902
8266
4520
590
9121
5710
3633
1026
991
1494
5045
7697
8969
159
6899
8412
7365
6591
4984
3138
5560
5762
4753
3329
1372
5876
1963
8887
7010
1724
3747
9217
6114
2432
1951
8343
9118
4525
3665
1653
5202
3833
1875
5674
8461
2479
7366
5232
7668
2431
4889
4720
682
2583
5408
4864
7768
7757
4120
1725
6728
6330
5939
7619
8193
5117
7305
207
2538
9267
254
5742
3657
990
1636
5846
2219
5342
3775
7311
5227
6343
4941
7547
4004
2773
460
8334
9485
1210
628
1030
2833
4592
9505
3208
5013
9364
5625
8305
278
5619
5983
5197
6632
5224
1967
9218
2763
5803
1051
3144
6838
7871
1042
5393
2631
4570
4869
4221
1544
9957
1505
2189
3858
2009
2248
5176
2134
6279
3280
4360
2853
5682
1864
8941
1189
2984
6043
9042
665
6904
5034
3227
5971
7202
3808
2008
6409
733
818
5878
3915
5366
6218
8205
8174
1942
5856
4554
6294
3562
3577
7431
7793
6496
1908
2983
3322
5807
6304
8791
8542
347
2179
7111
1906
3032
1375
3795
4597
2287
826
2270
4374
7598
8444
2084
6827
6324
8950
7435
3976
7091
3888
5530
2730
4217
118
9951
8886
8218
129
7965
3923
3475
7656
6316
5159
7876
2664
6969
3365
1219
7
1021
8179
510
5980
2546
5203
4846
2716
1865
3855
8340
566
5252
9338
3936
2890
5965
1835
2734
611
8161
5179
7525
821
4556
3546
9072
9209
9662
663
5579
600
6259
7627
9506
8317
8652
6684
6447
520
6592
9323
5314
5580
7464
687
4370
1849
7693
4034
5855
7302
8432
5068
9895
8377
2669
1433
3520
2502
7895
2735
7049
8368
3881
4900
8659
6892
567
6951
6887
8116
9114
5161
9659
2825
7860
1536
9673
5220
2625
2371
8172
771
8883
2532
5746
8497
9968
7897
3013
1828
9213
214
4135
598
4373
6119
4956
6520
7016
89
2439
6577
4419
8819
4652
7326
6036
8087
8830
9585
6073
2400
8905
2991
9130
2513
7096
7004
3963
6225
4569
2236
8758
4855
2143
4069
2403
7346
3750
1251
2138
9615
2336
9302
1499
1423
1080
1829
5951
102
9484
5449
4663
7719
3956
7671
5940
5573
3102
9190
5056
759
7995
6257
2249
5093
6112
5570
944
3708
7958
1902
5842
5077
8600
1463
2790
9441
9675
38
3464
6147
5235
688
1140
7811
5255
3266
2748
1111
6677
9526
66
2486
489
4892
2178
9748
9183
1524
4612
3704
9897
6780
7500
9244
6136
4158
9846
3639
1599
2791
8960
565
6076
2018
230
6425
8784
9710
6412
6157
3900
4821
4788
7020
9298
3291
2814
6828
5943
391
8070
4502
6392
8440
6230
3544
1402
7601
2751
5434
9683
3426
4061
9839
7655
1773
7249
3474
7080
6847
3778
6427
8129
2767
436
8356
4247
6338
5774
6688
4717
2755
7892
8239
9818
4057
4067
4409
8175
8835
9885
2488
4708
9336
8206
9334
3499
3284
1427
6829
4891
1839
9330
4035
2585
8864
1018
4216
9959
5139
8795
7147
7334
7019
1949
1204
4811
3483
1317
3087
9805
71
1380
3658
3264
6533
6385
39
5295
2352
5929
7276
7555
9515
7817
2632
9472
8963
3817
4423
8088
4306
8037
8779
9743
4549
5284
3103
2086
7409
1707
2869
4388
9370
7017
772
7863
6161
5997
1110
5209
8770
2771
8761
6558
5088
6360
8807
2805
6623
8583
8422
4282
2343
4156
4745
9236
8741
9191
2117
8908
7853
9880
711
4307
464
2271
1757
6953
630
929
7847
8517
9148
475
9326
172
4077
8959
4297
9942
9768
4875
2812
454
9457
4258
3409
3994
9952
8407
3521
1247
7631
9122
9727
8389
7404
3604
257
4976
9138
3020
5536
3785
2043
4327
8897
3158
9689
4402
2418
3127
3
2268
3695
4037
3037
1114
1816
7558
3678
7396
5472
6547
6805
2256
4174
3012
8771
4148
8762
5975
7609
3990
103
7872
8654
518
614
111
1791
4527
9085
3543
7694
884
7505
2318
1994
7362
5334
8114
1662
5495
7612
3050
7100
6037
4428
7145
2707
4294
1561
6164
7471
6817
5216
7929
3650
5542
6571
444
779
8270
2893
1186
3497
5063
1481
1538
7337
4599
9321
4072
7261
7265
3694
8821
3163
6695
8469
8777
5700
2998
5969
8789
2725
8742
2576
4262
2551
2489
5676
9308
6186
2884
3506
8132
6296
7485
3883
1443
1128
9309
221
9541
8125
5092
6984
3177
9855
2470
9764
355
2186
8564
564
2798
8899
4285
9477
4751
2907
4559
9905
7683
949
4723
9079
9405
9447
5868
9948
2607
9935
6038
6094
2010
3276
8383
6121
8573
9382
2319
3485
1995
2257
4142
1323
701
2648
1241
528
2469
5478
3339
7794
3119
552
9836
9233
3796
4820
4461
7795
8319
8691
2613
7197
7638
2212
2561
1635
2176
1108
3222
2554
2406
21
6665
6420
1103
6229
4235
7565
1087
9666
3151
7428
6449
217
4475
9091
3337
496
999
8565
2560
8428
8724
8275
3611
8984
3255
5226
2106
4200
1471
5372
8653
7689
7434
3435
4942
7070
5437
49
6428
8307
846
9750
4029
9328
134
1582
1439
7707
9332
8655
2566
778
8155
9552
3529
1366
9837
5759
8456
8076
470
9365
2870
1652
3890
1347
4234
6812
3247
7878
2283
6342
1754
4095
1179
645
431
227
8622
3173
6335
7994
1388
6512
1396
4587
1386
4835
5918
3763
6231
4439
3707
4263
4161
352
1012
9222
2883
662
9407
6811
1527
5316
3560
5792
4484
2529
4464
5136
2994
6672
6128
1787
3418
7284
3687
1811
3473
3729
6322
6841
8647
1711
3433
1482
4266
7077
3195
1948
8320
2848
4504
7524
2530
3533
8939
4823
8893
6033
6681
3689
5016
3842
2465
9439
3099
2715
2322
287
1630
9266
7557
7862
1039
1800
1384
6320
228
1837
2949
7653
8825
937
5714
849
7931
2622
2088
8199
9601
3344
6830
3811
151
9845
4558
360
2015
7779
2484
3169
6916
7599
9317
7511
7308
3863
7714
6277
5886
13
2932
6790
7106
888
7746
7667
4912
2203
3632
7453
596
1133
6537
8804
1339
8994
2480
5612
8061
2638
3822
4535
8972
180
3977
1476
5247
1542
2326
5343
7684
3314
5854
4272
5201
5367
5735
7392
1147
8892
9170
8137
1861
2135
1363
5624
5564
9146
7883
8289
936
6131
9250
3396
1704
738
2193
5376
3818
6711
2894
7105
6238
7407
9889
9507
2142
5554
2198
4904
2075
1115
8321
1130
2541
909
7006
299
7998
5516
8847
1644
1083
6
1979
8632
9645
295
2485
7373
939
4596
8380
638
6467
3981
898
8436
5080
7743
7758
1920
4044
7156
6293
6146
3448
6436
2709
3380
526
6770
3300
4759
5642
4411
1120
8912
6597
3746
3432
509
8665
3652
3734
8103
9068
2615
4771
2311
5121
8049
835
4812
6936
9581
6538
7865
1300
6348
2617
7266
272
531
1099
945
321
8680
9629
2916
5019
7488
5099
9663
799
9684
6300
1679
7941
562
6507
6835
5890
6625
9878
4865
605
5679
4325
7589
992
2093
1883
6443
4591
7735
7621
7397
6730
6394
9333
4706
2574
9978
627
3229
8083
168
3361
5934
1909
3514
2601
2559
6020
9061
6667
4627
8750
2802
3732
1988
319
576
6403
1290
3480
4146
8217
1362
1581
651
4658
8682
9131
48
3146
7234
8895
8604
5450
2577
1333
62
7575
744
1586
6064
7076
862
7737
411
7098
5390
3919
1052
3671
7933
6459
2224
9808
2525
494
7660
5750
6283
3993
4655
3315
7476
6656
7686
4256
7469
4129
5622
2285
2873
8801
1572
7846
1273
248
1109
2569
809
7603
9257
1412
4291
490
5567
4783
105
8397
114
6373
8985
581
5162
2110
3210
4000
7229
199
5826
5050
5330
2666
3083
1663
3760
4162
4938
5688
706
5753
6208
5183
9963
6195
5254
6649
4104
8735
9821
5879
3434
8489
9783
8128
668
265
9919
7402
9159
2210
8279
1510
8504
6933
7626
731
7251
7491
1057
1228
4330
3594
8505
2552
218
7581
5078
8763
9264
8396
7637
5653
1661
7515
7171
3375
930
372
9944
6680
5794
7942
3234
453
3224
2961
3461
9196
2695
6740
2211
314
8208
5046
5401
1783
9884
4172
1365
2280
5915
5883
1045
2085
7608
7959
1546
1193
8824
4249
5199
7523
3458
2874
7050
7973
5215
1738
869
6387
4425
1836
1548
2313
4582
3003
7325
7412
2703
9076
213
5410
8005
9310
3015
7645
9638
4707
5111
4983
834
7374
6724
5976
120
4013
9555
2732
7209
9535
8233
7854
1613
262
6863
3111
6346
3812
3676
3612
6331
723
4101
2704
6974
3847
70
7450
5337
3283
5953
4375
5936
6912
9306
9983
335
6274
331
288
6088
4521
7244
2468
1516
406
7206
8570
7851
5167
5272
4911
2718
22
8809
8086
4536
9693
8785
7172
9866
3398
2396
8318
5345
8709
1299
1338
1124
2987
634
79
2990
4222
1578
9566
4954
3998
4969
3286
7103
6006
6746
4515
8857
6708
2466
5384
7055
5695
1258
9841
4611
1371
6485
9313
2251
5848
498
5669
5725
9142
3903
8646
8753
7904
4302
3348
6065
8684
9789
5233
1755
6158
3832
831
6629
7231
987
7963
4260
3573
5660
3648
2600
2231
415
3585
1990
4210
5818
9590
7985
7536
1335
4430
5635
108
7695
5954
514
4290
1205
7997
7877
5687
2737
5652
1485
9578
9467
3770
8463
9706
8509
8257
285
3686
5549
1674
8615
4966
5707
3737
8302
8818
7026
5745
9099
6552
9650
9656
7984
3021
4803
197
6737
6752
5880
8649
3297
9887
7891
3142
4021
1399
2232
6381
9478
7130
2526
5618
6426
6083
8869
2395
402
7420
6870
3711
8812
4424
4825
6357
6452
854
8441
2474
6280
7029
6776
4096
8698
5703
8546
4064
1377
2373
4902
4531
6742
4610
8336
8224
9417
4110
6440
4699
511
9275
6605
5933
9779
7161
966
8308
1002
5614
695
7526
3011
1928
3619
8569
4449
2350
4340
3445
9494
1095
8822
4386
6755
828
5466
6675
5801
6310
2829
462
1708
5832
2341
3031
2171
6173
7952
5786
417
5524
6171
1913
2082
6220
3561
800
4896
9559
6745
1376
4355
6852
8923
3646
5787
619
9490
2303
3340
6873
7894
8051
7143
9730
5173
6170
5881
2939
7718
3866
943
642
575
2835
8676
2064
1
3219
5028
1195
6694
5326
4791
817
6981
8120
9702
1072
3481
8607
2358
2568
4785
5850
2339
4429
8670
6217
3896
6884
5924
7514
7030
9279
2074
3420
1134
5299
6729
1016
4694
9049
6339
8041
1337
2360
3742
7369
2516
4379
6206
9858
1710
8797
3303
3885
4414
6732
2926
9892
5102
6999
6689
7639
358
2872
7634
3549
4298
1767
5583
4758
3367
2495
3724
1750
920
5506
578
116
3388
1137
6903
4688
5513
2376
6836
4198
7000
4604
6754
1729
9679
9071
8630
5705
5812
2168
3582
5469
8749
2788
1596
1912
1017
6152
2347
5148
8043
7852
3282
7310
2510
9074
3010
6475
8213
2558
7173
571
8134
2379
2515
602
2719
8367
8776
961
2408
519
2370
6314
4505
4410
1044
7185
5869
3115
2299
2454
1768
7781
147
2063
3040
6800
6798
6603
2742
691
7066
2662
9063
1798
9980
7764
5990
1892
7825
9255
6541
6504
1563
3312
5421
3165
7250
6556
5192
297
33
9530
9567
5026
9470
350
7180
4143
7133
4286
3026
9857
3039
3781
9596
4151
8393
3699
1389
8485
1705
2941
5273
9510
332
8031
4019
2416
9708
804
7930
9341
7115
4399
1513
1320
4147
6269
6024
9680
3784
7563
9854
7845
7438
6851
2438
9399
3731
8196
6809
753
2389
4804
6959
3934
2306
5533
8481
5901
5925
5313
499
5043
7165
6778
5222
9714
7449
4356
4543
848
7056
8339
2614
9436
7537
9111
4567
923
558
3446
8881
4787
3617
9449
318
7060
5840
7433
2966
6370
6258
2962
4996
6566
8080
1327
8287
5196
9359
4817
4447
6723
3720
7383
4674
6861
6165
5147
2381
6473
522
5461
3567
6082
1862
9903
3350
658
5959
9051
9989
162
1838
7167
4382
4878
5467
2895
5122
6929
3972
9741
3135
8674
8928
2684
424
8445
7529
6105
19
1181
267
955
443
3184
6295
2411
1922
7729
3198
2380
4253
4523
9716
1600
3933
7756
4132
5346
3389
342
8168
8324
419
4575
3182
1869
8592
3962
4469
9057
5755
852
1398
6378
9265
3455
4631
9421
4114
5572
4562
143
5698
3830
4664
7586
7235
2013
6645
8861
232
6824
8136
5870
1996
4171
7866
3166
8978
745
7258
344
345
7972
7118
2597
3502
4496
26
9179
5448
1046
9037
5833
3164
8138
4240
5400
2055
5358
8774
6332
3391
838
3260
8150
9347
7789
748
2752
340
1279
2856
3347
9371
8500
3072
259
9513
8325
4308
4426
9461
6013
3989
9711
2042
8641
7036
3726
3669
6349
5838
4122
4028
5831
9356
9749
5038
5788
2649
4462
1637
9932
5633
1437
8404
977
3118
450
5592
903
3401
5049
4704
7021
8186
6881
9614
3878
8728
5586
9501
1061
3333
2627
1614
4715
8085
6001
4362
7777
6503
7782
8977
5429
6228
136
1005
394
3150
5285
9576
6505
7857
8898
621
9273
3723
4919
8146
5553
850
616
588
3048
6514
312
8623
6526
6263
8496
4191
2456
5783
7304
6774
249
1062
4497
7506
6964
368
4792
1160
3101
7728
8102
8925
163
7590
915
2863
4499
9318
5095
2447
8262
9263
5317
4094
8160
6071
7643
5029
6318
7992
426
9379
1230
270
8007
3920
4572
1428
5107
3113
7063
6317
6474
5175
4945
3563
9990
3779
7629
4671
9286
9050
2412
8054
7423
8988
1796
5374
8309
8855
3748
8711
2797
2065
8242
6833
1404
5593
4088
2087
7875
2464
891
2826
6848
5352
5189
8981
5963
5718
1713
1378
3022
6518
5143
5061
2505
7309
4727
1288
98
1774
4901
9140
5399
6273
3932
99
9489
5217
3129
6291
9619
9755
4041
8006
6368
3424
5637
9671
7278
2830
7546
1102
4228
8870
8474
3399
2845
5795
4040
8927
8171
7915
7971
9503
6748
1751
3476
2968
9767
3522
7071
9287
604
9400
1726
815
6508
5036
7622
8373
1497
8935
1315
1593
2345
589
2958
4301
9044
1490
4322
6292
8245
6252
9296
9737
3965
8557
9202
4899
1200
495
8183
2001
1177
145
3487
4269
2811
6542
5332
9882
3358
5569
9933
1847
5414
8471
2534
2979
3493
3491
1933
6108
1553
1009
8915
5386
4772
5691
6825
8619
3568
6705
4822
6996
6543
6075
5638
7682
1244
5551
7110
5387
926
6949
104
4065
6631
7819
9865
3114
5847
1236
4797
1473
8047
5776
4248
9422
9606
1036
6288
9773
5097
5037
5392
8018
9460
6482
5534
606
9426
8788
6663
4289
3887
6272
9790
5685
9557
897
9346
6176
7032
9958
7429
2201
9006
7204
7596
81
482
9562
1451
1224
1954
5487
1947
430
4524
3067
7713
1480
4857
1740
5815
7425
7022
1903
7731
8940
2545
6396
9029
7330
2611
4733
5780
3049
463
6196
8376
7315
2246
5146
6180
4526
7444
2905
9961
2653
4734
6712
4005
879
8314
8056
5244
2777
868
3225
3400
8563
9354
6810
5811
6242
8410
54
9271
9762
4218
4683
7507
8483
6439
7268
1206
739
4606
3783
8364
9692
9527
7661
4060
127
9995
4437
6141
339
5526
2359
2816
9482
4155
6364
4367
8126
8719
906
8631
7220
6822
938
9112
3454
9412
4796
4824
5307
7887
8859
2252
504
2052
7801
4801
8813
4644
6823
2320
512
8580
9712
3754
3437
7709
2173
4689
6617
171
2507
2818
7119
4103
7211
2298
401
1141
2053
712
7568
5654
3356
8729
907
9475
529
3417
7569
4860
5006
5476
1198
1743
5632
6162
4270
1383
6058
8853
201
6494
6344
3194
680
4810
3188
979
5906
2035
9780
2363
7838
3242
4365
980
7823
1620
9722
88
9879
1054
9225
2399
851
6682
4456
3002
2658
2772
5297
3294
7238
8361
9525
9125
7189
2104
8967
6069
1065
4038
9169
9166
6175
9512
3394
1558
7736
8987
8618
5293
8549
9832
2023
6139
5875
7938
1770
3149
829
4910
7138
4681
3411
1806
5187
2988
724
1211
7487
4703
8867
1795
4432
74
5066
1559
3764
9052
3730
6707
8069
1772
8644
6928
784
7142
8767
8944
3377
4106
4052
458
9669
3674
7809
6298
9558
3640
1608
5626
4990
2562
9770
1786
3220
8536
8313
5899
5904
1359
2500
652
1488
8433
5987
2670
3800
6153
5451
8154
5003
67
4590
3774
3379
1068
1575
8211
892
5982
6670
1457
7088
24
4950
7069
2115
8038
7419
505
1657
6401
9543
2861
4539
5845
3596
5841
6289
429
9098
9442
8745
582
3374
1696
2136
7168
6048
3230
9361
2154
5131
5436
4583
9007
5055
3423
6622
5789
6886
5144
1853
8831
1121
8413
5427
2498
3527
8457
5318
6393
7483
206
5697
3891
3697
7679
4450
5894
6501
5858
5086
996
7780
7296
7163
5978
6638
6484
1547
9034
7739
6095
3947
9900
41
5961
9174
6336
5225
75
1560
9419
8903
8331
5471
3318
6924
8371
2706
9670
8968
1185
6417
7953
23
7798
92
721
8672
3625
8492
1618
7127
3621
3427
156
9199
709
2032
8662
8098
1467
4131
7902
796
7534
3422
4774
6015
4184
6572
632
2953
3762
5627
1577
5844
620
5445
1464
8572
2950
8793
1283
6055
7858
720
8543
2999
9069
3325
7839
8876
4443
625
2012
1207
7859
7294
7553
4962
5035
5613
9180
4561
6840
2244
3620
5662
9643
7962
113
1609
765
2770
5407
9150
4128
8207
797
9424
7588
2398
6696
8259
4490
7712
5756
7415
6875
4459
34
3258
6411
3131
5371
9812
36
6266
6232
3598
5030
5249
3133
3068
2944
4738
5230
3334
8704
697
752
6947
60
1163
8998
4239
8544
9698
4071
1360
9574
9640
7762
2685
636
3943
7842
6430
3488
1025
6560
9158
144
9633
3410
4119
182
1891
6150
1472
1156
4279
5100
5048
2140
6145
7264
8531
7477
2667
6227
1736
4992
6578
6716
5145
9753
7125
4742
6908
86
6766
3688
3059
421
6584
3073
8714
4467
2487
7911
6090
4054
9193
3873
5442
4906
2047
9568
55
9746
5719
6453
3807
1028
2393
5640
9553
5379
8614
7446
6309
2460
9462
1262
6284
8197
8513
2823
1977
751
5810
9739
6583
2491
307
1960
1049
1239
4259
5082
2165
4433
3591
9965
9771
6379
8933
383
2628
2356
1962
4380
4392
653
1223
3155
7662
3055
4277
4087
6865
7944
4381
9270
8153
4930
8055
5380
3304
2095
3421
7408
5089
422
4481
3105
3136
6109
833
8204
5443
9100
2457
387
812
1625
4390
2044
8751
8366
2329
9835
9604
7593
2424
6276
8657
4773
2137
6132
7364
2747
3482
3430
6580
1096
8337
4074
629
986
9431
3079
8173
7663
9375
594
4917
8288
9496
3057
3892
4973
3942
4336
323
6415
5888
2547
7497
4227
774
5464
1368
6341
5860
7680
3393
8045
1857
3589
2003
8284
9796
7053
4951
2476
6091
3467
6595
5076
8611
6329
5664
6389
2312
8823
3308
9416
754
8375
130
7351
4577
2643
9402
708
8913
5306
7543
6154
5071
9967
785
1161
5065
413
3023
224
9291
2803
9387
8683
6007
4109
6089
1278
8790
4989
8365
7539
1945
336
3331
9335
5737
4532
1456
4790
1890
2942
7170
7928
1656
5325
6923
7247
5365
2241
3207
2940
2184
5081
2119
77
6726
2946
6480
3470
2188
1576
9102
5280
3214
6946
1590
2017
1291
871
9582
9070
5323
8419
4236
810
3211
3677
1965
4186
1508
6126
8280
6831
3757
3288
2924
7421
2294
8577
9962
9520
6967
3710
8096
6523
1978
186
7775
3654
5636
8591
7884
5497
2639
6570
7381
202
5304
7554
3235
7390
5568
8424
8707
7533
7427
1475
5617
5758
7215
4961
2364
4895
6028
7767
2857
972
6765
1675
2886
952
4981
2267
9703
6987
2096
2956
9803
9655
7932
2528
6423
9772
5907
3080
3170
2555
4850
2314
4934
9720
3806
283
7974
9105
9546
2050
3092
617
2317
341
9228
3868
7456
3245
2077
4852
9027
3484
9434
6910
2427
9171
1702
1084
5044
5739
9745
3160
4848
9113
3649
1562
9719
8900
4
5205
4458
2205
3016
6693
4695
5922
25
3691
6299
9994
8986
5532
9155
6040
8576
8593
4573
9008
2746
7800
8177
9136
3548
1739
5218
7387
1825
6819
5357
4315
8022
6213
9977
6366
2323
9011
1454
3882
4076
1038
8437
6281
2672
3792
2401
8246
7517
5072
2255
9733
1737
6549
6666
6593
7025
7542
1877
8894
3269
6437
824
6944
9224
8769
4988
9045
6979
3753
7481
4794
2587
8917
3859
1136
250
7650
6302
4586
2921
4033
1276
7591
7508
7920
3926
1727
5150
9826
2101
4167
9682
2290
1425
1100
9676
1690
1261
6714
1419
7669
7784
1264
6030
880
437
9891
2472
8534
4947
9819
9479
5024
9588
4730
3108
8194
7379
928
286
6250
1167
4686
2076
7980
170
2125
7245
9073
9872
7441
7210
9059
5011
6769
9940
5535
2933
4372
6976
6079
7242
6406
6248
827
3957
9292
4519
4656
5276
5134
5621
8708
4609
703
9377
7771
5120
3789
8269
4550
935
7790
6099
9452
700
1067
6958
3531
2443
8115
4045
9325
441
3542
3907
5008
8159
4927
276
8374
3190
9440
1522
4654
3501
2433
9288
2155
8042
1500
3489
7750
4250
8858
5005
9902
8200
8202
5992
1379
7559
837
8957
4159
7518
6059
1721
1106
3386
6664
9738
1231
2696
1282
7324
4764
7754
2700
870
3537
2083
2964
2668
8067
9699
3360
3931
2768
8834
1523
3017
2141
8929
9966
5711
4877
1496
3853
176
3065
6977
7760
4944
6783
910
4605
7140
6262
8955
4741
7792
271
1308
767
9295
8133
8989
9688
9003
6307
361
3534
2512
2332
9524
7772
2265
2151
2367
7708
6814
6405
4972
3457
5286
5522
7436
219
4318
7641
1880
940
1395
860
7855
9906
7011
7343
3626
1150
8880
670
315
3666
7700
2691
6634
3302
7263
7890
3306
3971
58
8486
7416
7831
7327
5253
7579
1322
1113
1537
3718
6148
6704
6215
3570
2223
9979
225
223
671
5322
5075
9366
2925
6498
9639
8384
9801
9833
1477
1961
6107
3709
5503
9134
1901
524
8559
8780
1489
359
3814
1966
9481
2240
1173
9610
10
5538
4637
7090
8697
6102
2539
5074
4341
5867
8837
9089
7129
934
9894
8477
2784
9290
456
5781
3601
5370
6256
7440
4023
8526
6550
7556
1859
169
593
1886
1415
4994
4782
3849
8372
2139
7748
4177
5418
6340
2954
474
9320
7405
1010
6792
1763
8530
5369
3277
4039
6772
9829
5266
7916
7820
2344
1984
8609
7370
2779
1955
7028
3930
240
1983
1470
2132
1985
7726
405
4471
3205
1277
1769
9788
5947
409
9077
5460
3893
3440
4223
2963
7193
4316
9200
373
1854
3124
8478
7843
3647
4368
1946
8473
5288
6858
4196
9871
9945
1934
7816
2007
2079
2806
8907
4452
1066
8528
7280
693
5708
1628
9104
165
6469
8148
1407
4345
1926
1214
9028
8529
713
8783
7078
9164
6009
7356
7480
2688
6758
8568
2497
6709
8727
3058
2080
2957
85
6402
4139
5128
8311
2046
1127
7035
7577
6182
2906
1730
7740
465
3045
6926
8806
5666
8494
3054
3028
8312
1670
8025
4866
7705
5804
1981
8360
1024
6703
4050
3663
8189
5734
7649
2630
4974
9282
2727
6123
7822
427
9056
7961
6621
4650
7522
9930
8976
6895
7807
2982
5798
2242
7194
8710
5830
3018
2220
6120
146
559
1915
4473
1982
292
2902
5405
1564
5814
8411
3176
5911
4376
9861
6531
9667
1217
2030
8184
5004
5872
3147
2970
2786
7654
438
1361
5796
7270
4231
2828
3463
6419
5620
9205
9060
6962
9397
877
5991
6422
783
1605
4856
4529
7647
6061
5455
1597
7909
7399
1303
9106
4027
7230
1449
5839
5310
3335
1175
7633
9817
3408
5151
3267
5481
6142
9184
1776
4117
6579
1693
5341
148
2652
6445
1284
3187
8351
3512
9511
4789
4025
9143
7848
1097
6207
7329
8346
8149
548
4089
2199
1256
3973
7059
592
3429
4638
1035
9248
2969
5135
3181
8966
9448
7975
4743
3761
3958
4636
7769
8602
4229
1715
6466
3346
4300
9389
2817
6011
3089
3953
6739
4678
106
8840
2000
2762
9625
523
2078
5428
1518
2974
5265
5094
6799
4761
2394
112
9907
6456
5493
3844
5169
4880
9192
7826
9230
7123
7169
3441
5863
7516
7940
1340
1438
2550
7787
2450
6796
650
8107
397
5589
76
1640
9018
641
7372
719
7393
6972
8519
395
7293
6803
3451
5402
3319
8089
4953
7176
608
9010
6163
1660
3371
6651
3076
3218
5808
1557
9324
6359
8975
2040
8409
100
4185
5862
5655
4324
4003
6939
2640
4457
9039
1234
6636
795
3078
8679
9342
9636
732
7082
3293
998
2066
8414
6144
516
5514
4557
1555
1216
1294
330
2099
8666
7102
7034
3786
3504
7289
4982
8327
5920
2254
3117
1688
2896
2745
7759
6244
3571
7614
5585
9850
8725
1944
1583
6245
3299
3586
7318
5294
1495
904
1007
7465
1785
4693
8405
9786
3044
5289
4588
7460
3706
61
1254
3655
8721
8032
7447
3683
1424
6756
8151
8628
942
4876
6536
8388
1691
6104
2920
8117
8140
591
9618
8733
6022
3209
5581
7023
9502
5214
5563
9838
239
5238
8846
1848
2809
8586
1617
1116
5908
29
8896
7966
4748
9911
404
867
4943
9642
4670
446
8285
2935
9792
7084
8863
8234
6323
1260
5743
7087
9763
2693
3123
1885
1895
6616
6562
2847
3712
9830
5942
7134
4528
3212
1008
1381
8685
8299
8399
9081
9904
1894
3701
2391
7721
4278
5364
6306
8475
7584
7687
9864
4530
5296
6351
8491
4849
9918
8515
8816
4412
8689
5817
1651
3241
5137
5453
2150
1487
7880
9430
1843
9785
546
6738
8871
8255
9019
4957
9600
9173
6909
5165
6850
3310
5185
4348
4975
354
5221
6334
872
9589
8090
9627
9778
6375
3281
2882
5763
5423
6945
8545
8617
9981
3769
8046
5566
4166
2059
2908
3518
2483
3035
6497
7922
2733
2121
1551
1483
3827
1647
4847
3175
2989
9646
461
7160
1766
6398
8918
1154
4807
3758
2315
7814
555
3547
6486
7014
3631
9575
4725
2598
9747
8170
631
3268
7821
1808
1129
7722
5974
3336
2917
842
9219
1910
9914
1556
5166
4063
2027
4070
6461
633
7574
3524
9305
8379
9280
8688
6433
3935
4565
5331
1131
6465
3320
5106
4333
637
251
3097
5945
7047
8562
4614
6598
1780
563
6880
770
2897
4858
8310
1775
3352
4097
9924
515
6039
5713
9362
4134
8228
5843
9637
7051
5672
9277
9141
4679
5368
2681
2911
2208
3809
8808
7094
1447
5298
2419
3904
3063
9161
8163
1672
4001
4199
2187
2778
1676
3215
1330
2807
6791
5382
222
6198
6301
4755
2698
5670
9620
7031
8909
47
4346
6488
9787
947
8910
9459
9474
479
6813
5509
6529
2156
1812
6155
3513
1974
506
2122
4493
2645
5501
8671
3370
8065
3407
3988
2764
746
8294
3964
9571
2705
6137
5195
3805
193
63
7699
3472
4115
8594
3450
8934
8550
6115
8803
2213
2275
9806
2090
9454
2209
2915
2206
8296
8538
416
3519
4971
8643
5396
7424
3154
7153
4407
4843
2642
2714
8627
6468
7287
811
3001
30
2239
2229
8300
9374
109
8112
476
7567
4885
3453
1304
8344
8964
1761
9813
1649
2384
1086
654
488
9545
2581
4477
3979
3279
9634
2506
2657
502
216
3172
2945
1980
7747
5921
8109
1243
2590
7445
5234
7089
1917
6203
1118
8355
8961
1799
716
6635
1468
6070
7149
1749
3183
6429
3412
2366
7455
5
1440
65
5491
993
2237
3692
8669
1357
8487
2901
2382
3991
7044
9751
8467
7901
2109
7498
9065
6179
3790
3771
6613
2579
1350
4560
3910
1272
9249
9066
2981
9617
2258
1860
6626
2609
2787
9840
856
882
8323
9223
4309
6942
1410
9483
6290
1312
902
7954
7386
57
9406
7587
3174
3384
7990
874
7648
7582
8589
264
7285
4628
263
6356
5596
3510
8225
9126
4949
1565
6821
6100
3345
6172
8596
6806
432
9823
542
9652
3213
2922
7376
873
1352
5079
1445
1180
8248
6138
6500
866
2108
6026
8072
2508
905
1900
5132
44
6355
8650
7492
4470
5512
4935
7688
5893
473
6735
1781
4113
863
8636
8263
9848
4841
2056
5577
6608
5819
3835
7564
6699
6416
4311
1176
64
5388
6891
4009
9794
7117
4085
9849
554
1435
4273
9657
1684
3698
2557
3075
3140
4140
2635
8730
4334
9765
2604
6574
2123
7690
9283
2904
2605
7344
7527
4169
1208
4867
2196
2118
5477
5375
3766
5738
9758
4408
8997
7893
9687
2914
2992
6374
2473
9523
6127
6018
8842
728
7120
3449
9931
8156
3574
4031
8145
7521
2355
4086
1673
6354
3815
9769
3296
8394
6025
7463
6620
2687
4339
9984
8000
7482
7711
3959
2164
7519
5689
5866
5140
2215
9476
7252
887
1202
6365
2804
2724
1146
392
7999
5521
2166
3572
2274
5459
2740
7437
6750
4622
1430
5440
3559
7723
2081
1952
367
9901
5182
7136
9987
9491
7651
3739
2918
6609
8849
2413
4744
8162
7948
7691
3535
9579
9297
1266
4722
9393
6205
3608
9953
798
8678
3623
3656
4968
5958
2357
5729
3415
8015
8060
9999
5456
8178
1603
4625
3460
7570
626
3459
5889
3316
4047
5270
1209
5520
3221
553
6103
741
7201
8551
5793
5124
2866
3727
7394
5263
2111
4391
7079
4854
2794
9314
3912
7896
1975
3745
8235
5791
3856
5941
2986
4517
4319
6762
649
8264
238
6965
2785
3929
5767
7037
4448
6743
5312
7159
9960
4079
1959
190
9154
3192
9709
5800
3193
7290
4092
3584
9256
5784
326
3137
6713
385
5996
8937
1166
4873
1607
6303
7097
2995
698
4795
5171
2952
9096
8844
9943
382
9005
2444
6654
5948
7132
6917
3913
9372
5180
3444
6990
9873
2596
3914
9339
4894
3203
7490
6472
1793
9516
1840
6934
8068
189
273
4181
6077
3416
2402
4465
5070
9686
2060
5480
2937
9964
8348
1519
4883
1442
1747
1655
5355
5073
4242
6034
5278
7196
2972
7271
2006
6856
6042
348
4136
1092
8888
484
2097
5677
1031
622
7191
3995
7002
1162
9001
4897
167
3880
5465
9480
736
4192
6874
5658
8638
2544
2509
1681
8817
7144
1074
7470
7592
4220
5300
1076
9178
2197
8522
5616
2321
5548
2421
5424
6106
8406
9409
1778
9661
9425
2711
919
7148
3349
8970
1132
978
2739
5731
9109
7182
4016
7432
8053
4920
3680
8227
6749
7109
8273
7317
1199
3787
1735
9453
969
5413
6483
9605
5937
532
6845
7778
8603
7135
1325
1043
6793
483
5935
2269
9187
8333
9092
5395
2854
1677
52
9701
7818
5219
3897
5305
9651
5083
8013
3226
3788
4863
7008
3442
8142
5275
7146
3243
7255
4018
4068
3287
7467
7322
1058
3309
1235
3872
1085
3722
1385
4313
5605
8185
8328
179
4923
2518
7976
2295
8165
8904
1658
6380
9717
87
899
9423
282
822
447
1301
7955
9054
9547
2415
3867
7316
5398
3675
5587
6786
2458
3168
8865
2233
3590
7869
9383
4563
9583
4780
3924
5153
3046
2860
3447
7349
729
6736
8267
1453
2175
7216
9697
4422
121
4149
7151
4805
533
5543
8885
78
3899
4036
5267
308
1956
1326
4091
3179
656
6607
5115
452
1567
5245
803
3244
5546
138
8363
2977
7914
5208
5349
2690
6404
5257
8702
3237
7749
7830
3029
6948
6611
3197
7837
7086
8686
9922
544
4762
7495
8739
3085
2951
7799
9986
7333
1700
2449
188
538
9289
3670
7222
9654
4579
3253
1805
5282
9015
9262
9934
1237
7917
2293
8732
3951
6454
313
4886
2024
9825
3575
3008
8479
6211
4394
8131
794
174
5281
4190
4729
2146
7272
2227
4673
1699
1856
2284
8010
3143
9036
2324
9928
735
3313
7363
9580
5927
4507
4133
2822
7701
7496
2928
7879
9014
6940
7073
7620
1665
6169
786
6994
1923
1408
8214
2827
9742
3402
4130
1444
6515
2124
1760
9
7755
9167
2129
6866
3799
4042
6057
5628
1871
6563
9602
5610
1842
3717
1267
3246
5032
1078
4830
4861
310
1143
9175
2103
7770
7983
466
317
9208
861
7541
5805
7190
6376
8081
8868
6767
9274
8256
1461
5518
8612
1619
1611
8415
710
8642
9577
8667
8425
3645
2868
8495
9047
5673
497
946
2145
5303
4987
5062
2448
8958
755
2346
2910
122
962
9549
4127
3772
3952
655
5891
1123
4353
1306
7753
1178
5279
4349
9369
1071
5308
364
375
4732
7630
5864
7430
3507
1382
4030
4646
9916
4784
7380
4840
9726
9599
9243
843
9108
1594
5391
5040
2892
253
6016
6513
5170
3006
8992
5828
8566
7797
9390
9386
6005
2477
2390
1053
9544
9168
196
4522
4802
1831
6004
2710
7199
3262
6362
3328
4568
7773
1417
889
8856
9929
6878
2072
7137
7829
8624
9875
6594
5484
8705
7551
5608
9201
7501
1550
7237
5163
7065
3624
7395
7155
3816
8635
6839
3794
5970
7187
4842
7968
2864
9777
101
3837
9435
4214
1144
3682
954
6753
5474
2161
7486
9337
8418
5885
9938
2903
4640
3167
7236
3826
94
3865
8127
6534
4261
3030
5599
2536
244
8386
3419
4102
9232
3922
7678
4926
8458
2900
7186
6414
3635
439
8216
1709
6576
1238
3496
4564
7124
8119
5686
133
1569
6678
5809
6606
6510
6382
9285
2340
914
6797
1455
790
4246
91
8272
7580
1695
9874
4660
6808
4665
8926
7644
493
8974
1242
5545
4049
2428
1879
9064
3602
8694
7824
737
7716
7277
3605
256
4533
8737
1889
2694
2061
1771
9834
5932
5882
1069
4116
9539
9110
8019
4770
2430
4108
6062
9800
4417
2959
4478
4963
6236
5027
9532
7776
8548
8192
696
7232
948
3690
9744
1269
7604
4677
5604
7389
9013
1465
5981
4544
1448
7038
117
8229
9521
9368
2300
2157
4639
4924
1032
407
1313
2612
2548
160
4516
1155
5531
6587
8222
2253
8832
9728
4690
9080
2997
7530
8748
128
5903
1374
3070
2067
4921
5009
9381
7991
7796
6325
4672
7956
4571
5191
7635
1936
237
1403
9974
1056
420
327
669
9573
7269
6502
1669
6883
4716
1821
6209
4255
6451
9926
8802
3603
84
2858
541
5771
1452
4427
8687
8434
5488
7808
7960
9828
8295
6188
3728
3479
6431
5995
73
5012
1525
7993
4413
1668
9204
7239
1414
8838
5193
639
1595
9394
7652
5500
4598
8408
298
1213
6954
6785
1310
3252
9128
1014
1807
4844
1712
2114
69
5051
9996
3369
480
8417
4485
5261
4084
3240
2262
9025
7052
185
4600
2522
6063
4506
388
3254
1033
9269
8093
2750
3532
4907
8030
3505
93
8459
9157
9251
4435
5917
5335
5087
4299
9504
4728
769
8282
1101
6086
8382
985
911
8938
4928
9915
689
1867
841
6032
9881
7532
3494
2073
4700
2646
4922
3343
7989
1765
3014
6021
3845
132
4098
3804
2291
5404
1135
9415
7704
3672
5243
1851
2535
6930
5101
9561
8738
1344
9276
8118
1698
4451
5752
4964
2571
215
449
6955
4898
5420
3456
858
3597
8084
3372
2453
8521
5663
9432
667
7947
7988
6268
2420
2572
5339
4007
8281
2761
6657
1392
3292
9363
5675
7085
4283
6012
839
1931
320
6253
3802
9398
7312
2875
2708
5431
3876
6971
5204
8004
1935
6768
9718
2273
7475
4905
266
8527
1321
6662
7401
2996
2185
5913
5172
4879
3700
5292
1020
8874
4991
9705
5602
6674
8891
3715
5354
6260
6199
6950
9294
4737
6719
5381
8693
5678
2028
6941
9016
4048
5239
6989
5824
6490
2850
8271
3660
3091
414
1689
9534
9062
6194
5020
2909
8716
1938
958
4421
4350
756
3090
9704
2849
9443
4763
7738
1814
2330
5113
6285
2494
883
540
8108
289
2471
4100
758
6777
5502
7783
9775
399
8948
5321
8993
6463
1989
4364
7061
7174
8873
4194
6671
3469
9220
4585
2973
2493
2993
2296
6913
9630
7538
7188
3201
3327
2214
9026
2194
2057
306
4012
7241
8713
1530
968
5773
6078
8342
2654
726
3554
6517
2305
2738
8726
9616
7260
1194
1969
4189
4416
9847
4581
1093
8826
9972
5988
4126
7813
3180
8854
5588
5650
2362
7205
4441
3843
6589
1631
2728
8188
4476
2789
6080
9281
9648
2813
7207
7494
6982
8752
4486
8991
971
1762
6255
4073
8799
1957
3307
7657
3062
5133
9048
56
1830
9083
9797
3886
8254
6859
5433
5782
684
8063
5435
1937
1048
4766
7024
9681
6575
3271
8350
5017
3376
2289
3765
9376
4603
1580
4933
9528
4547
8455
7410
8493
472
5236
2308
3861
6889
9941
5898
6326
9094
2929
3946
5014
5309
3713
3404
2769
6882
4793
1373
3141
4647
1329
690
3038
807
789
9493
303
8690
1281
683
1432
7256
9556
6212
893
3053
6149
8740
2482
6372
7461
1502
4244
3120
2429
8057
8798
1197
3259
6600
4352
6931
4798
2565
2852
8598
2016
2388
5696
8860
2310
5178
673
5490
6557
9548
3939
643
750
530
4712
2036
6658
2025
8453
2867
9624
5468
5351
9351
4403
568
4454
3840
3540
9043
1405
155
4271
1841
762
2595
3777
9437
6487
1529
8460
6764
1411
964
6204
2624
7977
876
1426
7054
535
2342
12
7806
5473
7957
3618
9517
3251
3275
7724
451
3918
2842
5916
1245
4705
2636
8520
7092
5740
8304
5104
7615
6918
5356
5426
7292
3610
7203
714
178
583
4377
8723
9628
1993
9724
3916
7195
7970
366
5425
5290
6495
6779
5409
6023
7462
6098
1986
9197
8482
3579
6031
973
2131
6308
2931
8286
2180
5732
5397
9355
1632
5256
808
9420
1040
9343
7623
7670
9782
982
8695
8381
3968
2782
5505
7834
5149
4781
9455
5765
390
9499
4931
8610
301
7175
4960
2726
7104
749
2619
913
5827
3576
3966
5114
157
4178
1531
9428
135
896
7391
7732
5138
6234
1685
4081
3917
5825
7742
203
4280
3438
4274
8599
2426
5483
9433
6432
4765
1845
5359
9641
2834
1466
2881
4872
3206
2372
2659
1011
5699
5053
4206
3069
261
5859
2971
4342
1971
6321
7734
4929
6943
9319
4010
5764
3978
5681
1744
7571
3452
2889
9518
9613
211
8640
4043
3095
9844
8575
7179
7706
4347
5897
9495
245
3122
7116
1511
9672
6540
9444
2217
7628
1650
953
9754
8811
6027
351
2260
9446
8699
8335
6442
2162
4501
816
9939
9261
3743
5527
686
2221
7885
8092
4537
4460
2533
4754
2133
8111
8176
9991
2467
8231
3492
4702
5457
635
2741
8064
8212
3756
1539
7950
2167
5091
7126
3486
7041
7417
8829
8554
8633
9831
5993
5706
2537
4731
8203
6110
7358
8079
7733
260
2699
4224
2070
787
4541
8965
7254
801
9937
7331
325
1170
9216
4624
9536
3121
5373
8290
1492
6017
1218
7009
2824
5630
9976
7544
6479
5340
1006
8139
7576
3628
7141
4489
9611
2943
1866
4868
3950
6864
7744
4182
9030
8936
5797
3791
7585
1645
5363
9327
595
2504
6991
3937
1493
8760
1013
107
3836
7314
9035
9538
760
4952
8249
4112
3634
7810
9799
7306
7342
4946
7113
1287
9410
6646
4479
3902
4809
4017
2404
8625
3162
2683
6988
3944
3925
2758
4323
5928
1592
1420
1240
7925
4925
6907
3637
1678
624
4955
2375
4062
2325
3768
7192
788
2490
28
2570
2276
2409
5582
8979
501
4264
181
8848
2410
3517
2575
7493
9038
8244
8700
6143
2783
3801
2967
5986
6333
7039
8488
5919
195
2112
8301
209
8532
1927
2978
4230
7478
4940
4160
59
3191
6565
8476
6133
3060
666
2765
503
5069
2927
4015
5816
9087
7307
7828
1777
2879
7359
4275
2686
8316
5923
1566
7225
7715
1826
1334
983
9529
4918
727
9227
3019
3098
1429
8800
8283
6690
353
5415
9373
1804
2037
3132
3148
3413
3565
8144
1174
2170
3465
8166
9807
4698
4882
5129
6337
678
5210
7602
6535
4303
4058
3392
4168
3051
8210
1491
8792
9231
2190
1252
9198
9024
9195
8454
3326
1642
6160
9385
4032
3735
5207
5271
3495
3383
5251
7805
4862
7610
5778
664
7184
1355
6683
8182
6820
6185
2183
1745
3992
9137
4719
2002
5949
1507
764
8639
8764
8278
9729
5231
8620
2898
8330
6476
1091
3940
782
8152
4232
7606
9123
1809
6782
9851
2899
1015
2049
8736
4371
7703
1369
7458
381
1168
1148
4675
2808
4338
5475
5510
8906
7840
2446
5721
9020
6554
6747
2004
3385
5723
4513
7283
8237
742
3436
9519
1756
4093
410
3342
3082
6458
2679
3834
8949
5470
1112
7513
7566
572
3578
5447
7158
9623
3721
374
6760
2334
4099
309
3749
5090
5458
125
5853
4578
9608
6720
6386
9694
1540
2281
8097
4466
4314
269
9176
8759
8099
4354
7666
2051
3588
5751
9165
4006
4400
7354
6898
7752
302
8982
2261
5609
5439
2158
5047
4684
1190
5785
3311
9776
3685
9921
1818
2593
8578
7685
3000
2034
1646
513
8766
3009
1585
3355
5504
6072
3395
4157
4254
4913
6544
9352
6353
675
3982
5944
6124
3381
2877
2837
6190
9041
4418
6920
5871
1641
275
1077
1846
9186
781
3938
7886
6418
580
2582
9078
4195
7696
6914
4645
4183
5649
123
1803
2169
7335
2692
1629
1041
7413
6860
7357
8465
7166
4202
3428
6470
5302
7033
599
2766
9893
1268
4483
9396
5692
8357
9781
2250
4711
773
6700
6457
1941
9542
2128
5519
7677
1648
7864
9115
2919
6187
7850
8332
7338
4995
4818
5668
7217
8395
6122
707
1824
2876
5112
72
8744
6610
3550
4328
1703
1571
2521
324
1881
3752
9055
2985
9713
4739
7177
7676
1220
9677
3471
8462
1050
6530
1246
7064
570
8191
3295
5438
2094
6478
6628
918
2130
9252
8402
4492
6685
280
1639
1324
8008
9129
119
844
3094
8101
4276
370
6644
6963
8012
607
8354
2068
830
4932
8442
6888
2354
6807
6787
4141
5177
7299
9242
51
4442
8499
2011
5558
9272
4621
4170
5962
9870
9827
8024
2192
5647
2297
6956
9151
1953
9587
8629
2349
7273
4212
5494
7262
6983
7157
80
5822
5984
9668
166
1921
1918
4383
4332
5268
9160
5246
970
9993
7279
791
3862
6725
2887
6275
5726
8345
8706
500
9403
3622
878
1001
9378
8558
3047
1280
9120
9607
7162
9572
3305
154
1610
7057
2556
3638
2243
246
3945
5557
8553
8731
561
2840
806
610
956
428
1318
840
4498
5403
3153
9947
7964
9795
8071
5485
8862
5709
3857
646
9300
7765
1654
864
7833
184
6788
6247
3751
963
1450
2331
9852
5067
5108
4837
8003
5000
4999
648
333
3366
2938
4245
5779
2091
4756
4760
1601
2452
8613
2338
2425
469
8122
7382
6156
3084
9181
5744
6328
4436
2980
7121
