742087684
636988387
149900462
183233020
637812881
495738470
678342697
286204280
128070828
583406955
149587481
246332431
893060059
727696581
656505962
786806364
707596801
464307984
216011023
920975646
801781138
86557901
741401134
300609951
337918679
900593577
783385198
432839455
488586921
194929101
139324481
461169980
240964526
406687183
895552331
751210847
55146359
749859589
161917901
608527678
798814598
462730251
352052328
456289884
45560923
266626029
494518667
200927474
634134161
967420430
844575351
430280795
812177872
349286087
487584648
848691420
28044051
61433011
311500922
195278224
890783777
432175667
11295094
179369549
328766755
653861348
951203870
684513706
266323158
670250579
67554749
991964806
851770742
915442367
384280661
95463883
828683718
746013562
645728147
526292456
995257278
303728377
297001380
371354503
505921592
412540885
895616939
676048313
904371029
29232044
206694432
719486828
18814292
727006205
847181340
291050688
548728371
883449187
596052850
282994863
394951393
82214942
424181462
86793738
366839295
150432093
904647131
131941153
246080644
886953464
678193803
461829611
476443848
674109126
564639832
784627816
55787701
340383393
989820909
786360284
330937882
220741403
471605841
574996726
8126124
17867441
635416628
805593134
654901444
322712286
124270115
670205983
537169837
902185635
354281597
40993999
406163458
319832754
206312803
730068934
60784380
507691922
494780757
709729959
926593188
577029941
47032469
460148574
841208788
310486738
73576307
886148493
88479672
311723499
303484554
205737285
30054426
539263551
932948139
185578093
804662840
146975648
124302600
291481360
74486686
909250393
726973895
671373369
875940420
376343954
156631222
878543713
106343941
403241343
459368708
330298346
568621672
792702419
499712601
576299183
710517872
435353776
551969814
349143371
637898764
349864690
820358926
253472647
935558867
371159172
381474132
236685481
305463076
843792922
447534721
989047205
99925397
431887567
141293332
422393418
157595199
467045223
166218549
510615517
85471092
972873710
445253439
266425463
641840997
499363835
168151903
197265147
996278122
27006499
702689533
63942713
140144383
710649515
677394371
755270862
388817747
284482965
244598897
21626526
891087512
478012152
510687909
109713483
760426475
34693380
723018024
938864514
169338912
58171539
747626705
422977700
408164819
435888868
897144542
120469238
558645852
91450037
108613377
958557544
768425203
76066611
21793238
71420033
873564846
47491709
640636558
811723938
543644080
173189250
892361095
203963273
459740099
525483938
622392422
441245164
553838401
48071383
909042346
653347131
649358753
536468613
42107742
689445794
91299351
405494740
915087161
378362758
20542484
493996319
262698981
461514188
463508535
557557865
595338862
141672536
557213570
894936010
962423427
159611462
342144948
6101699
849860689
501802680
311776070
468763383
524031215
176679887
470423154
275800189
488749877
70822990
206625530
71251200
125989315
43170112
368906548
544773660
761333240
711905760
411523980
277320908
177195786
762175341
297362936
219854629
868723269
636572684
805172113
246174011
345016326
475374042
297531508
739750755
236242630
336702664
191022337
408646083
636607645
289535434
411135193
614341949
3558224
756225394
396578260
915399993
215267855
681651937
84366757
582922324
92627169
205419181
97647290
111990264
336589148
953400349
276915524
400595862
352573234
513230061
76216971
163243630
980291017
999715765
334501423
383882372
156809532
902459526
442647203
815009757
847790456
374726691
301924848
109006231
777902182
987208150
198157671
2417537
174253580
342666035
867706175
19293829
283743061
696119551
58153756
116699884
721033469
505445080
940467010
93014174
699087305
933261472
298293417
266420700
768784617
847157742
872972937
867725990
277458255
187035174
443519181
498581251
156189826
765192050
632575392
637586543
589182750
754665394
122965719
870850147
748021685
325810854
322748378
43646200
177551849
625311450
941415991
297694933
491253163
460584215
677668889
478925325
439887509
714353261
592829865
201779013
392114213
850616919
372426118
356311836
360060489
556102674
521962007
464218724
59484041
383431246
866721475
364604805
980819702
701251954
564411681
811130556
561582208
849618365
479144932
206032706
590504976
474387486
383841825
692834251
646203487
314847220
595550045
867304182
646471434
637843586
489624499
561648281
840144820
413809202
573230590
655407343
7759133
394556508
744087420
881970887
360214206
427294377
521911417
412808981
411480041
802136555
471662870
317014070
186445131
371411100
500452580
373383859
585151859
889876407
873660194
51914030
839603701
157872343
937809045
254509093
421023890
897873585
256560971
7291229
122390102
733480059
359139089
873918047
30091401
802552454
831552623
602844085
593495306
126353789
876067841
509712839
754554026
461175206
658413683
949792109
588618618
475178367
688775462
4498415
295272824
508919769
417045443
54912244
940917478
610206558
708834960
129098991
480728353
721769057
700482008
92674776
431672539
226506397
128391576
47098813
371743323
353778049
721981278
383866332
312225085
114543240
697334488
739424066
144721844
693525632
878180258
516967044
349017798
225916432
220120594
899627735
997165900
842413838
272020540
953581032
736122443
76090986
663633237
185968665
526077930
742385282
514175915
721777733
446134668
401647260
388275253
125322482
735294639
215706421
471227641
47349098
988653136
353694684
209180685
830475360
950711530
133231220
678788153
831989066
682103877
22063287
625551656
418433113
304010581
684384504
404347217
369185318
887463753
653536617
713692409
143836040
543580396
991512135
218110932
256410418
635384243
723919170
204485156
280269040
785145649
890843581
443620669
357854291
244741440
351660628
311610666
835408847
297233690
13932629
163390695
37591189
587886836
703174726
586360854
949172304
541436411
113174534
503982515
426522524
400949391
767889880
795397674
442981638
14515185
228789413
567070578
873781001
284019910
808601722
818398538
90167355
727240733
661965598
154055337
480957292
120171321
484000054
419340791
159868318
851543559
469840689
633235157
259593291
52312073
755286724
219032853
136238497
33921329
723773115
141525221
68542149
405880423
702642924
879506101
172514594
634945553
860415752
724792806
20195842
242793674
535898627
491205250
604870997
6346976
873610952
395022002
755627718
221651916
817162773
767108054
587807706
890887359
540741602
726385558
707608129
936721191
342945921
672462543
397424191
48776487
756184320
280971937
368806851
222218937
777773093
830328048
776454409
52410010
748592046
617083136
454983162
972013149
511526992
421754929
705138977
30654033
388286638
320206846
122769296
866612295
831961277
858804299
716738348
616307601
562745248
183046980
44927576
883270916
60721114
482310454
293254119
752995537
8834196
273465432
936440178
861090033
469222140
263587661
955147060
569639822
671530715
717740191
588770296
906760717
290401787
217059399
564286273
5717708
132183747
599571297
503304433
134063202
807289901
819749054
318017627
354862287
279505651
478428205
672669301
242695942
102698509
828443053
654570511
976520416
562624551
736159524
403466689
647565414
467625106
678934342
249237312
733317975
264567285
669131645
951870176
629629727
552049094
911987143
242426880
373913611
96610856
637855203
719125636
382402493
403407012
479649491
554621448
197671399
588138199
180270722
250650
209330343
423151817
697537852
226479888
760352787
688538351
927912574
834295574
289582967
400099822
196839796
34317647
72706485
344430081
1405401
376497339
828796826
369142243
534937955
979447759
270000748
173928537
741028693
165102603
478385633
605125080
919792096
153719602
802590091
546645524
47594686
512509803
131859027
999610221
686945674
986664396
604762219
237181941
592280123
108892079
206314229
306713953
537129775
874879597
5010454
760422353
579705068
120100700
451927740
132963687
764154973
762302710
839492
688793942
438928616
607375249
155693319
893245434
909597154
10148863
952022695
392091796
368333564
155812261
602888635
101664308
744705644
819650743
888139711
125207714
196526598
57335241
893914299
840179152
949762061
539196557
176739224
686148376
955111882
80891639
456881336
690117245
989727178
165398077
539070887
239519323
755201922
817232456
841955550
244985374
315690044
26778508
870778980
685692485
467029884
33952145
178164888
522522681
715134391
137477971
83604331
659633732
674080009
836289655
846890887
277723803
837475655
298955943
861191053
891189182
299293938
3970158
855441859
341117980
858325151
288881473
388311903
875645417
59514846
584567219
961891200
858427924
901510899
798171235
70507862
616537645
677665458
575961521
628738841
20443141
326478306
623701434
505377703
148167997
450694498
524132702
417022806
25074015
500027744
667107804
329324129
700834928
266175531
152801357
929354408
60781564
691599886
409088294
467420997
676420090
165529573
695780577
489958147
188741190
902130211
723608551
379725705
291317602
360075516
165422769
200346051
673737388
357368299
387048102
43055263
83389833
157510662
570521163
376481188
77789349
415461511
553285151
967393510
260841998
471135803
245400631
845828608
130987734
317013169
538159287
540314847
923017051
39065286
310079017
870454282
446908136
713935895
911779259
619194213
630331212
295191457
259906019
225837592
125022983
770755652
710615035
58402051
588106534
690041275
133496848
818464118
389714323
644702964
961068229
484807477
638571791
982842752
721987644
937401009
374412841
804233164
745050210
672738358
317385937
515873788
404051495
235452533
175791856
135345097
360568321
181366683
393032742
167734783
79905631
6240645
744680394
749396904
426298378
627091878
501902530
939229321
657566845
931839268
749800942
622668038
557129658
69408059
437780243
154793123
993633237
90585342
77818986
902702973
931490472
502866749
683384920
468872512
604891421
633192500
22351276
200028092
364003998
871112966
982302317
818188134
67360245
408146032
608936951
844319495
427979016
677656352
63631674
353595887
893142680
625594224
434971949
302749435
925115645
462386983
221240341
314692949
49280299
62072377
259988099
799653658
861873335
613539068
553075956
494998102
648885337
529852023
754813790
619993259
100983138
317353678
321997584
1854581
329264052
159360947
347061441
975332885
438413070
468164186
554547681
907545204
52725416
369567944
360209145
37426932
162743934
7547894
633923658
311170203
967032063
346154747
905272972
747684592
130906346
117301244
846653743
38668313
286409343
414579323
854338478
719707415
919554685
395439789
283258552
785260850
598749621
739288870
402700317
991988922
246222612
525745675
217868132
449785780
982644099
871910428
495558699
951800322
901883647
107845876
89108719
961611084
307320260
51594971
320296450
923490360
605586138
194286633
99555512
401442987
820207890
159580783
140937864
297003175
555206313
609734454
366502250
894636009
50607413
574483880
181237737
719929731
632659712
470848517
672203294
150669191
354862645
723722340
265523790
742013688
533754922
943668137
321736308
788069864
508477701
1344385
856572850
630203493
755369073
8590553
786353549
845687390
347038900
955249830
634017963
3136843
462732598
801377988
166594751
233484445
345491336
742164142
276831269
561563415
883798150
244907253
335684527
932936636
233006005
897324294
754182814
68784116
641454950
537376181
715328422
281706908
166375907
717942332
1196206
261402735
360390864
172841473
202394877
61607035
266287394
913738504
763395601
453150182
456875246
330533047
33622502
709420667
258392017
170262743
997437626
566229629
520414343
261560673
932856379
253317656
557852448
651507143
338737251
616553073
850811557
53779735
132178299
702397791
786056362
960895506
41362599
549742232
555574933
631767299
997795218
39852597
593532855
652804750
633885367
723725513
362294876
921681680
23398107
340151253
138960728
347170953
834587772
950596657
299448803
624462997
918243461
456894619
402419472
26538976
740930570
622178876
845598836
292627151
236116558
531680940
32443855
492067326
857023795
889314807
365122988
800206487
989270007
147270719
638138551
48280516
894817708
530034003
233654371
146297819
277847733
120893813
861875050
13757680
251197384
414153611
930685042
934625293
142717138
215528521
364595804
161260677
545683180
28595776
376074408
21938599
741840143
213704092
881641559
97315989
562415132
211715673
183993253
404179387
519010184
50030338
913427089
948473325
549220648
668931103
839783995
9336811
905652140
423084778
317340469
113295172
800501533
395151538
303958063
746287658
974392399
315432716
174238718
683270601
885603822
824358405
513715085
260807438
313750358
586553881
168448330
840108091
984578298
820111415
388334049
350335219
105578403
318228313
974275245
413280240
110674583
245459099
20568402
461996566
340399486
903114034
677806528
734391842
696355230
836895751
548497013
687846334
708540858
946463372
192433504
881767672
937338097
885859468
254846353
257911683
766280214
414519525
821128257
421634964
504041148
147180606
905868759
343665002
339154996
895422938
559221840
917383525
66898461
377943710
860675043
873035145
144450508
822764861
255366380
231641310
699062441
764456977
236223506
483448560
425556448
185637667
551106300
759737344
4131018
761670246
329164728
640981809
689124325
106884897
106320794
979574722
365570533
611570476
551293761
623331803
547341822
117469420
841327567
323364914
51557270
883701614
622493863
67637879
225530050
798926213
97864605
274648833
212627466
34923389
246752703
810402466
349529770
736936927
921380987
222784346
964389353
112602088
149358268
132840419
611885050
891855415
90346915
456414693
601574542
234866233
996202995
384597890
101314743
712570505
800355351
356817211
893719987
556528391
603092285
348376987
381325261
209369659
169420520
346615382
368480721
614178350
621393727
753148371
636895202
199147758
944467001
60153317
976316966
287697576
396302867
985663479
100794587
530243725
484589859
144323623
466139318
332737960
339390998
54723264
297341201
221510102
899820057
578248216
496399839
493928350
612127297
768632194
911130562
404621732
792910819
374950327
655266007
200679013
103658503
412545783
16888228
889588535
147235842
391003748
670422905
918918605
562514849
852028781
26378413
651172904
612638774
631531955
543390810
107081628
119661561
53212609
379755612
24369695
330830189
303956981
278756040
581896703
546465735
346524706
737907131
667629158
585595839
631156383
159605
606276023
667182491
192591377
989605559
888639447
116182638
714888692
342372806
783352041
211052507
762398073
663267847
623384274
244478950
494633356
504746744
563333576
293355228
262886945
800293477
95370802
389311456
824646459
576307864
540890469
737258732
31978613
25331384
736294327
80517939
622123099
580271358
202833221
295516908
783051974
644219539
914351840
983874482
125422848
932978685
674643638
412343376
535082080
31838093
754173015
273039324
492762722
38363098
893294188
95351595
539344609
1095588
306992158
161225224
86571220
304521883
949450064
380016362
347701503
183238793
666728383
358535368
723449618
303331118
228795632
664820895
383533281
751968289
663084856
212725734
564381345
748845358
401940972
526561903
761536699
219938541
641039026
400571149
187181368
720261974
924167673
654736328
347692275
822772790
329954825
282051562
653312343
424379632
938527489
878766519
846950260
806587765
430468576
123819915
588708870
710719447
506916209
55449076
302619964
437483728
478579142
87140088
392804407
242186990
683357054
982856651
974536438
290294072
498566762
515328007
763352488
361739697
148807704
193319897
115537779
268141459
703366307
751092497
726198054
902267633
33454833
15503786
191923268
637883959
463233448
551953803
380928553
936441273
164961988
89808846
449446874
731134750
735639408
65073973
205108914
394456887
105369781
725718011
395166689
873447287
367174329
906458954
736755011
459043369
247163307
637165064
283620955
422912848
87032146
554751104
859823600
215676392
600823081
980789699
418668681
489780059
683869732
235610186
881800032
574635584
523293861
387779053
743987776
396204049
151095231
20289903
543563977
53749295
902237364
451098939
374431782
338203162
190553081
882892067
927577216
494787598
82086675
964830259
78952412
767014576
651397284
912897205
168192301
716014024
126504987
786152178
138802597
250506679
861895513
183194474
478202590
339573809
85802175
169603676
187621338
817045720
480223976
598234780
408140012
641988522
328170410
230477979
446861348
568144173
29230800
470947991
317397202
49401086
840693837
907877144
188435827
494856121
639153100
816030603
124466067
148263748
624950836
616366187
131049846
557756400
673579570
848977048
20981658
308639003
491387593
195813879
562294626
326280910
660674070
905776381
907965230
986755348
486082857
235495906
227434612
653087491
50562201
534596152
686943191
253269394
192943232
784970545
816000194
613721515
911752035
800822714
476671255
898193113
884068168
859625786
243290690
50452250
454148772
547851025
281723189
613188511
769742742
891989081
786756542
782734416
631036101
503782436
277147427
211957305
638675534
822572679
9961106
214145502
96159041
972340463
685068531
160977983
664911930
532782979
671564510
946012460
152693842
153043120
963328251
934326472
152502245
420140046
373447560
627095192
809525043
540485403
648245788
293144777
486146448
655786159
594167351
921848881
35703644
13846659
793235931
910261379
848014973
814888725
941382881
918804035
710602258
615439941
378333293
292151477
189421827
985344417
980649869
156095042
234650417
398903379
736587504
201039447
675700722
377192370
997175914
744454342
155771597
397361440
798441547
274173211
502504765
76965572
603022098
389950547
252949273
638509984
887204953
376761082
877802341
939197672
234130189
342363995
24190908
31466762
823779753
111345296
18362581
560036954
559181226
664382894
571615614
984890947
958092962
104515476
302348069
238036981
369133975
727716734
806332829
210485998
817175578
640331065
991720746
850551581
100184334
159974158
552906266
902826179
311119918
427189811
544404542
725514919
405142086
182095636
692571543
743201256
560144192
97668803
288619304
420942256
692428497
777634474
359240374
51155810
690659293
362824736
805424732
807831793
8092474
28053543
770768427
489034941
402440515
204940290
195295694
371232946
915619205
923759930
981238157
742470112
560713897
999859215
427556274
385928784
184215024
61352694
387757804
916301727
454699747
528088829
406580784
305552110
669988428
472024231
448801051
514811887
7436624
371037513
971344535
154203299
847656985
778002658
465674668
494917832
421750257
404156069
113617190
738695087
323221367
506880555
340994443
429418705
926151897
115129519
572979383
267734253
128163523
94612197
983330849
707200167
312290232
254866262
272498826
253554875
92756923
383485427
200140206
556704904
230376783
683762947
139216138
193939579
675686489
516468559
550230433
697366585
266495285
352869995
871111627
916388959
537938927
335143352
215705965
677123011
152366432
334956485
998678646
699977050
636689509
270248708
252662520
50797587
780974450
446225649
201257610
614738443
77424131
78015241
587758612
260285013
589575030
896202265
116189009
917703452
855412308
801221593
787088861
262162889
922291642
961874508
879821502
713075436
978257934
191046257
250956009
946159889
424302246
851342382
909427079
90163406
57604011
495238056
520909863
320217220
345602959
367527424
812121365
10408814
748788715
612068578
341171146
307056468
584032728
89016946
169563535
275575708
476817311
498094996
487092034
537574801
847377324
893785649
448340404
540198384
322635254
983384578
106324689
987358269
822053042
361505902
92296328
940724965
60695644
606969367
198891613
254031070
472976455
214644023
895081698
117476799
438450528
548968787
130704095
898676890
327516784
915212817
61749132
716787987
311371657
949379191
284066239
447668146
128976574
457100859
776891487
467084581
357488796
234985046
867031322
747808229
343619704
218044582
773140469
377264866
252417169
305398080
490866231
971590661
767171082
782828265
735715458
360885617
45856595
950897215
586585076
736266044
823898137
909638096
877843006
142675856
402347576
642654245
589389958
348634557
853969113
413890656
645973665
41760764
176230249
668007356
513772369
138882114
587711672
327700544
180510658
102693801
285272992
366471767
569133277
192348212
836065852
465809193
718493809
85964422
721012689
17934463
812086525
795004851
714539459
646486265
656988589
921488877
259157308
435598318
73879037
484257782
701580007
132518998
276110049
438723039
632668015
148041766
763629554
282783099
731755581
541321537
869716995
384659392
471328116
371101681
937636525
970323579
460699253
142397949
112435747
728261722
408139362
595437252
411723859
232718166
464795888
802850725
504599699
68845327
90310858
328788951
283269300
751066314
335450525
890654217
50121233
19526065
28079485
980665543
627506573
254860363
139083272
622713789
522898139
86185604
951083752
880881818
939972803
506102609
95432201
149225272
197055464
946329416
44669250
336298396
632831633
449771623
921954493
12397818
23463843
291551367
254021068
466403693
40755860
556685636
89072270
640349601
351859131
571794751
612046635
507709700
148585463
40309077
430036514
302866501
893865183
152463711
930169906
70479631
937741969
334231371
57769492
440180833
710832782
822039087
341900397
846103819
886997659
969374465
601889146
181345869
647111089
384095148
630071143
481630488
817655762
674460709
299530725
674169552
960112178
31867363
633587389
57088538
912079721
658734583
471846192
829527007
871505565
290688507
353694446
390631400
6567445
341120140
765758499
460303913
924822163
860182051
310173914
404280261
840754852
353997523
160981789
374275681
129932577
812734577
228540985
305556530
54131972
128380200
792346210
171549601
517564114
422505469
455969596
768858609
156034643
89100837
150138935
819649753
364804963
278924070
995315046
713616588
324430055
362734547
248734593
807074007
686625449
342351619
102595474
431749077
17539882
258784670
679204815
296303258
861665550
165966900
279643001
705011775
498156416
728808974
514699590
361521870
76233812
170039475
344126757
533903235
348709938
432962934
916602098
428042969
486844231
98772822
884888123
770982501
109491643
761304930
178374303
787992436
998611929
435720484
198654590
69901290
965610914
415420710
665443833
815963532
270033713
249107994
532249256
786550485
612283157
266329912
546563406
302818522
307505604
5683238
748549609
743957688
365936428
200824785
507177394
402217187
937343502
31495381
584693424
690283035
720041573
368979670
714956076
199130683
274621707
476338647
241872800
878714932
513249708
971839454
546812360
499591246
223766968
804825292
461679036
872791689
506468634
258662944
810846156
160760445
399840115
460209859
16801954
159746750
732449353
887614854
735698049
674457020
650169097
736902460
47799538
749399493
442980604
549042060
134337709
2484692
545338835
125515182
759921552
67082100
11999863
332700867
263205032
365532521
882016826
113354429
194391077
420385019
418303239
821089073
637138126
528454573
472730791
90171798
483831835
201843399
663820023
489322119
952754727
325575272
688884249
247890440
415212869
398122483
6424508
427651228
704605650
111322772
304028755
967448728
27720303
565282886
415513589
943468468
852561917
412847918
803306541
514973963
396371497
90695559
247735785
439966509
651960164
878599459
938691119
463025085
777728228
759395166
600662789
438304265
395598824
974432076
884557818
633535318
439032185
705931916
465048515
749432120
77498626
830931700
669600470
237610772
87344857
766220928
541125965
965959848
162804568
18269783
750267757
193759662
631084073
383781507
746167922
735951796
79899300
188132636
961089505
646821335
695974887
708102099
172429534
577656836
782185818
746968801
837587377
226395473
42224318
103895228
119925798
299198306
598367158
21390931
172675635
523612194
294632935
80608146
127875305
898819270
196627297
243852244
512117414
67242760
416946101
104190024
688393931
369623145
366444133
622783405
288388900
580394329
302206580
586493029
727338159
521117853
1334852
785793364
43679715
369164886
813501774
647445593
998466919
347663455
56184966
420064390
981622840
26632174
621209060
57908898
966920216
670401247
853197020
171010193
587364006
920446588
910743228
491596775
6849506
975234602
397228229
484294207
905934307
803628067
141419061
140061905
148175648
497627021
25301317
273343694
763358653
305720564
830192745
306412339
194590612
82578748
791281800
918119040
922535071
595859548
542275114
63811946
750621877
857022583
855596110
332977014
85962750
654389671
540172254
334201514
556750758
517835779
838977756
298523756
318133682
433596542
938786831
466916616
212526338
577009915
546119048
731769530
435001064
936221022
102548290
238224218
396676379
304437637
775113659
489754003
606531408
797801706
319491455
878367346
337552555
815962217
694363966
584053920
984573116
700088774
478734418
110156945
156623967
694934569
660286553
504290939
299725346
313390407
955065012
796081412
126804815
490636924
917380291
450255974
193586570
396645049
137547104
536714345
6725510
359032818
838097386
785452825
12493419
239211755
410946158
388087905
846078173
952391060
356450890
209463576
195670647
489248072
748868466
205392316
660881870
396377203
128765582
671626886
386391770
418129459
392074624
131130518
422887433
175381898
459056918
788619441
623543677
8278507
891335380
260755539
897988894
938737557
44446017
780636500
690171349
644678885
651385578
450955028
364271717
921212863
568175489
199985089
948713760
209658708
662250941
25808518
660301574
794255986
752044622
215285264
298798593
643469186
959433260
725644034
206131601
866405910
587124217
780714629
938603560
923441174
350524778
524343864
748159902
933250217
705604812
142098238
50097515
276750387
997676592
303197096
725362919
93570230
586093674
768691243
779798593
698962019
658227776
703553613
78097639
232863013
167812165
914926877
672416555
94745315
316073924
401274455
408127645
258917721
959291086
94706835
615846039
309880994
873197995
109375629
527076655
795472211
651385491
540126916
315417320
745456210
525629589
100971396
330826508
896768121
559227265
601121923
213800360
358771069
105638029
695435113
761833444
806530474
136769811
725818304
255266294
136770606
994215272
418657297
313384367
777351440
704907221
781271549
732296855
232030371
521325885
573011786
656146281
220076779
423901584
766678603
593949493
200289199
39491512
543643183
545149931
248289107
409377457
498111638
873469552
155081359
219220407
424699764
493117218
410564676
416061725
894517156
125583568
947420502
921700946
373357048
386239249
233087471
432814317
328693706
274716883
376873991
236617710
621520174
278370934
9216245
744233089
467025387
169848428
241736543
768254920
695342531
428952022
437686111
939968292
330186528
252054382
519487755
41106589
94415593
682774717
101217812
448337818
558757031
181267842
493690555
950225036
526007187
503549048
234243887
101685756
986712953
570441826
474998438
914760728
826631577
665560321
323713223
229171698
791540093
59824990
856886444
931385555
126130625
99690452
873272008
872677364
560225645
664057538
362231687
156827460
744910111
622852481
787092026
769224498
132933995
289292772
211503642
816561710
968576234
270206248
312364458
749751149
430474692
834910336
168813404
881692366
629664188
628125703
330134569
554870533
284941734
606572106
923772329
531611990
231905891
980738682
8810878
317733804
436651160
513366910
712225455
216576657
48619255
703125184
952718703
437880385
370902801
483130643
82411599
937639171
956248297
210487594
749738298
2300625
810163652
175370610
876714137
409682368
888330146
748879755
555640313
435299552
249598166
624707740
984094948
939512288
23487716
658062981
898380906
873798611
735603654
342454883
316821587
240922738
93285780
691597911
266287680
304682425
537944850
972153644
893089037
685700397
472291371
823887963
643802703
942963750
995173903
156928112
452384055
206868692
707690929
803451455
911701999
914989670
101793573
634400690
413295631
475077783
186112813
908273943
298001147
153572242
402461933
589758989
19916294
877609952
82289851
254822463
213361509
604417517
978032062
330354121
319711977
342800335
543867737
804464023
498740633
28262671
294639031
762840478
49088945
957895646
694336359
832353595
970141852
278712462
191459880
789272642
495664050
474221536
600122715
396159900
868330988
748897471
139215733
131071729
988944695
713753355
316635603
867396968
40395582
116959794
660525988
952093161
771806834
460303439
709018148
104116002
689128207
610064428
960364599
337849844
120013485
101350655
946402254
89251621
157704780
157157160
532877155
85881586
682802028
960593105
158072313
450405065
467153941
230913825
670042382
682428893
932856271
966230774
564413365
825028751
139749831
658759800
317080575
397310581
628092278
489230771
734144430
97840974
851514104
373037691
307286258
281740724
648225223
185978683
12573971
985741857
577505320
910694702
568036317
485389461
510501060
625804094
252657509
294397395
180026464
220922172
550439504
240408905
908129746
607785750
146472946
917720410
682785684
47751913
499742811
498399870
401520234
231451621
346397114
983284234
232064037
657622762
652776890
138633581
80210289
210839659
16922929
211078534
774483933
101625243
895429517
567594882
838962481
951207568
515603435
836329526
965168894
45191632
584022161
222112425
727388831
956406256
3865275
341279643
440266474
621901696
138429389
458775414
759996000
395612747
408682399
379024642
54586972
678477890
302918690
916201439
27205641
783631708
545001004
757233489
131594533
89659297
351990147
375371467
968338297
528676963
168209411
220439471
219559492
382469379
615287515
973123593
74774734
446223228
269177466
803377563
816544888
773542408
259429711
673819326
843485406
177414146
695691606
154182849
523070873
700659154
534757115
246055386
272624148
11981530
807825136
95792755
144548087
400534170
43526170
413557812
346381909
40190672
476487596
406812622
416235587
665249755
214071399
604319123
56024539
63164178
904696946
927333466
154837059
804525374
732268811
664226993
705295100
876815317
443649273
179148143
398016097
949528061
816679256
920061125
958603211
346917055
11143425
106336355
938266148
765502428
542945971
34047281
499726732
802625337
332793273
667061396
891888680
388883247
120492869
21769353
464202170
709652878
737174987
15357186
417583100
598821793
372488157
820082472
949763239
602349790
444854822
211777855
81400043
977929261
901202467
534566682
904911466
472624284
639149395
319922228
135439628
929800025
455357517
269698915
780705238
983977339
464205842
31590267
18945054
407297945
939165186
965988125
257629890
740293780
826131225
33161406
853501684
776252196
866535603
545685977
625361905
904427827
949795594
590334989
773128881
409500629
445548700
472716895
666628101
143590772
158774883
674455655
252632229
22870153
221423872
409918425
721110904
724601057
793828619
838912505
783899580
53211367
103217570
466741319
454882257
873548936
388337683
802790682
950939890
412489892
87912497
445082729
392008512
833566135
981690951
450002837
793870020
499154202
737280071
586250892
779707881
839270819
599817458
1166199
314638672
199833307
602499914
811838884
207599739
46350720
873459438
370888833
369394908
578072794
484395042
801996135
555608441
168595629
122926350
421619595
131921880
673800354
191567083
164890354
710022071
894271048
452521858
510574018
585574399
858897513
442582829
105659896
128920190
597423869
422092343
515293131
835694741
739105443
681797245
407285811
357944942
559617133
345916000
579731831
810945162
764532558
977893810
653126130
728514009
10280403
78592273
199466117
456242670
513068157
343410093
7736913
873971573
170176723
682500584
402675567
694684561
770254191
471548045
153694158
637698384
763740455
38798369
633791498
512038008
626646244
532176520
99009857
427702712
511804681
483232742
888991756
416310124
445824437
497969207
672209668
84374343
194265687
93191242
210689478
484311568
198078723
964066243
788787887
759585566
785959016
849736769
454793374
609434151
158642036
766051112
241419969
451925420
463382993
613452019
319078979
950075405
405271870
394364314
312802220
259073417
451443058
146982652
298431507
55891046
9909098
481881139
339282954
850569942
491561677
228528943
753176501
744260752
989036179
407068848
602454470
158506031
338872467
62517597
125261631
672537758
453112573
176663201
183685812
987653482
130180062
265895487
188415189
833563164
45701300
671158061
149741804
654327603
469419604
153085911
21720048
728726837
791281378
441025240
699580367
492381367
915774351
452046780
699954750
976457621
191420536
749925011
762645711
874767824
732113047
165170104
329448891
528824398
464413371
152093101
875564141
391966994
582204519
706985893
755711370
252737982
55417186
744959968
257099648
115168120
448399923
982406129
24337355
835554558
975636856
623636522
257690473
312484801
739838884
174717763
382094836
529736090
198740583
626937485
94753625
583682459
172047777
114680608
798307247
148234360
581614388
826454339
563941200
386654041
188504021
749862362
451692186
687940512
37862465
125220065
640321765
125074410
562378029
265145236
621878440
775188251
984608346
723152895
685780281
666765393
711043665
750204078
22555060
545815728
846893110
849733699
468006536
406882881
716912166
828204845
280546575
933894176
58178197
793989951
517082722
996634587
608420456
67256189
584189017
9437163
468684285
656929575
664921063
836606127
105548167
331857922
355330907
279725055
983222568
14204331
5499714
962278424
90315523
647011752
476672143
543227532
785452147
730932552
490038708
643518977
358797515
21898055
672213769
715348952
649509553
785754066
493082253
975471228
328675863
57171781
61419218
216345861
344934667
766555828
953586901
977789688
212683656
547492021
675560663
821071219
71941420
445147704
516098884
391210835
103629065
294665309
187942138
129732638
168615777
584014773
294096245
583733058
757054375
308743999
121414452
660616915
410262341
439964227
625863385
891780544
294147120
877073392
232804927
770201530
21129897
737833749
381647802
828937849
546885525
279936938
25380019
427355555
636578212
304155443
839760892
497283502
173492413
645569191
329887458
430872769
799629854
591383166
630520086
774727939
262594266
512258689
941972261
40380469
257128597
217009815
650137411
998941748
576772961
323419642
942018539
415163094
339111601
817517252
567647847
164294382
838392085
958533950
734975268
583382532
493027305
892439973
205119411
406128890
440109835
820712548
883739604
920991244
185243380
627255842
367766080
115806479
411450269
796991806
316429411
216340855
530104986
569110697
962423409
987276303
359620654
709983195
445516438
19092455
889649236
505412609
959641458
544078547
282402063
646492318
587422045
263717463
65318935
359313145
786104289
418257968
898395658
864284246
816426729
263144518
330810786
969270567
364055124
627905767
83870964
311262749
833519760
939689358
110477151
700871256
305714452
30547592
928693313
558739921
33823317
559979899
560053372
243043558
367947105
722641312
339987327
44189492
259381868
754070577
600571492
789936987
74526510
747296308
552341941
85555543
945610669
879366241
448070722
703568437
376428481
836865609
178843938
382750382
135253706
816640485
955885804
787308800
89615772
781471475
76927135
991662931
751420289
720159605
992271066
80587275
104444255
808430612
823235011
321514597
238046599
197178862
490067055
978033595
49523211
316320658
173798102
741150052
874134505
252315246
327514859
759548660
3400499
414563549
956420783
360464096
168821079
404934989
497074248
247242860
689673496
833459495
812450717
898953338
655413408
136712646
290849380
669896760
989256879
19449322
177846402
718644123
746302351
229208594
254846356
901735328
163317273
789008833
542755962
907878989
719735621
192580678
538109810
365621768
395613825
984152893
314871363
681116632
119921703
420310875
757459250
69151952
881363585
132053792
542552713
668105922
386808712
135552951
608213705
526627280
354814988
954103943
577224408
807340183
65150508
570321741
435530845
818561301
155696430
610710610
309349202
209248700
808957773
281190611
188200031
107820675
520473056
552950534
40364314
804987037
521155365
425107033
147585969
346811369
406422437
502975627
453094422
734500357
484421566
609557990
966049741
109016851
695510363
252664122
868140216
197455740
478707853
282515916
859751555
261715476
438175605
658914123
866935549
798305690
790194444
480762350
936499647
796363335
43772826
948682098
970085616
106031558
816108975
19200543
68840614
774157035
535883138
759165559
820533551
169010147
562633590
349779001
109845345
700215677
949075597
71181163
732721092
68992303
595996407
976357294
569448558
430121756
501545525
178330713
73830709
337830967
916476431
751487573
192407595
727878028
437066034
759963857
474607899
733141863
670542896
979238786
581266096
743479782
912028138
77571718
961107407
7999579
388534959
295179656
831918018
283962488
517341244
84614904
201729750
662404000
604910482
912193704
71829620
829029872
649782094
212564735
280711362
633960214
436372284
326755700
325352837
472576220
254913819
809379077
18189254
467026494
765334453
561353195
672222588
637004638
403846733
277198664
181348832
439340052
547641474
87067271
747586424
419848731
887712845
627783918
914992551
236983859
767641091
831924446
216007429
611299224
94587572
847536983
24501767
375366375
795893686
105084711
861339708
458062980
133758159
728561927
301375644
900855587
871018159
150700071
425964195
884860998
193108682
761389480
993325794
279509898
255841243
764633567
942299682
919855119
566440967
588991877
41482145
272809489
878673895
723845284
632760
149268216
781825246
171958167
525516748
782659273
239134825
414678979
139517920
14601957
121210044
145341966
406109758
315731816
437777841
684429919
505470359
761749495
756793994
576175476
180421857
694847838
839048628
244348620
899216548
439791624
590374766
936816448
40364182
583932568
953693483
831209494
303409987
36569002
693662618
456286318
87959684
514720053
492446261
929683916
99719238
715138845
42577209
947243105
88157633
442427961
865426315
125275067
426814161
795285726
508260039
908426464
518699780
852294009
96421940
57154763
85749552
909589844
577724087
650090454
662015104
56134004
233003637
706614524
871296376
623155085
889059212
954385226
152510500
39833514
491644272
914529188
90197410
552463441
664038340
935184551
419337989
244287459
296720461
891237578
525270701
541367836
899531358
822160289
171553371
858725383
330206898
195914786
766027655
581292948
252861282
141433730
278375205
602758391
489075112
270247342
607798292
283748807
984251298
637225480
329994862
435706460
956309994
76500422
895618776
836930788
968008364
280264946
206088085
262181822
946258508
598166585
854504411
404741206
809643855
5525949
776018194
888412027
244101582
811101449
136243774
397579302
43157921
854911071
743051006
928709718
713505517
946285002
171109045
832019217
923172984
984719731
171649567
541813689
891280806
929011462
16313780
112086703
956791996
246215571
359704179
185323568
120456376
449787144
544314060
262244784
410544399
755562950
195031492
347603777
973440778
415720860
371843384
201375328
516809053
393408132
238472836
849258017
929619619
97680264
966844555
130050865
756432245
291991709
693132617
339869264
859964004
81868883
669781642
985890362
174194965
137304038
462931139
239283107
945732918
669894133
831182449
647070501
257193933
880630494
399729300
523852836
482201286
507241570
888078683
898855585
890264205
330469408
184872289
604582293
790803397
752176800
538232910
91529257
114109010
506462616
130054918
819516634
259419728
879889438
789289429
689711118
422006894
963903052
23897233
284006368
363608471
462358031
906185626
405020469
941859387
785827849
730678687
696936484
502706446
836824632
657939551
254562187
470840551
256045635
680832646
463365015
160168303
22337286
362464486
999983356
539000180
835679151
384103741
281326843
590766718
687999785
90425634
962312627
382937971
350370016
688222270
838270218
612234630
949590108
305612082
465422859
239897632
569437918
171261177
144318303
828838951
153101779
195615069
996157919
97835895
955536514
663729732
156723860
810940241
309753194
865608588
95815395
727040061
10048637
580343706
999862549
312672854
389748158
582267928
962907852
156652762
867193701
535231183
345481925
745446989
928382788
693334719
316008145
701081759
357188351
574844054
708242896
440473267
237514326
603912188
807941188
829491521
519330318
246848784
45551726
684671981
490148506
527740428
34473855
414692838
886913180
380215392
526862648
90316185
115973682
324969405
573113682
848215484
412684981
417695854
585616722
731607617
410167334
164102355
230429500
903573939
197245833
888278835
496436337
873759404
93783849
182331158
198546647
203700026
557589012
800172342
592985881
763342827
11987419
138275231
174589544
402629951
774688758
890307420
76616414
598814267
281472127
985845842
635323751
837324305
848934274
158950875
212947606
989950954
702805893
133715142
472658592
547748424
177712254
237379329
975836483
41359688
992334483
951104828
801192088
172858908
206605525
32414524
157419839
610876438
15144005
242123868
923047012
448054455
590333421
700072034
310922516
832457716
12892098
735485231
115177764
331772655
409835283
441730726
777136058
792876641
794893315
72666541
392939095
704485945
38138572
804988253
139019663
589300688
649061182
752466046
906207732
38425755
54380690
96390248
568939509
951761108
764494257
655103386
582013019
724907865
953768857
404091386
133312005
833805841
831875314
824435625
628778751
950992923
595225395
173971072
995403919
384560614
475750203
361982240
127049231
450450098
767569888
189619503
903535820
183470271
331176246
630934034
718163780
429578263
75860249
3934694
765917333
259369513
970016761
930144306
126499029
657504501
983000714
943042540
329330201
445198741
684945210
87849249
432090349
858205608
594076201
610219292
761476278
539093133
473275431
47908565
522821481
730688308
798310914
737908661
427509924
331978612
89555705
155367428
783309915
133668814
866650481
509970549
992035273
203659253
939651032
712940448
861717002
897406430
351906814
900598227
185095707
266677923
548398375
616227196
240483135
126476560
214467868
619076110
545960276
396186937
41392537
931338619
959124505
277633825
654158239
686087070
303104749
823215845
139381222
68114974
187775823
220001311
973118691
917219885
410531455
513770739
490461727
689542168
155392335
812596469
551714203
912091325
495222748
641370757
199096470
626895053
695601634
934594384
227149330
556560251
183219803
375421383
325406751
263626073
444258222
688577342
421499725
422304411
597231485
649601864
132697669
884625975
677996201
163746724
182502082
129679875
179235776
554225185
919988539
563539280
53864485
858112140
204158117
538623666
555644083
205085892
555851122
551757335
291955435
273373230
989520009
973385072
562730891
577948200
772452934
907539707
992491655
769239973
331189241
750634274
441678506
881896429
993958117
703604474
900086679
188915425
932630160
69963635
295685403
415781699
761696797
44913203
302792552
32351386
457597399
240016858
347050030
960808599
531127870
224788461
327180476
554385213
838026541
42838862
659827642
231290384
979471427
441614795
172277932
630699515
910054598
79642257
284926195
905668621
852100507
821238989
306496070
722966001
290485283
131264479
60415493
147266618
380593536
243390319
222107888
637872848
979109635
763959169
934915440
643066098
89448311
707536875
90376197
308482974
267549474
404391400
228627762
390606207
114252038
806362461
216975111
574309560
709278548
960311847
587541939
509386135
378521669
119757709
156875542
882160917
66800732
433666009
735971229
291049744
865104429
912735951
188632122
761308082
274786136
878694554
326358655
820141859
420283697
92077890
10355230
985350090
687872710
976748265
828597368
181861153
150048253
887043289
245012031
449886827
359667540
43675540
577297209
887984307
154303884
791117235
266768065
560304700
963166397
195584069
285665535
856577629
699043466
927683618
290967980
969800971
292403284
766534500
465559812
163837242
210570714
868054510
904342329
315207432
968066396
229276219
463430585
135646966
388302679
569158433
867423423
619841985
435423191
28511363
434072841
840046788
736997286
386169585
117924223
818077177
58264802
887203451
928774650
572823401
759294628
126286880
512421720
469690556
92581241
535745408
434245289
513004965
78550716
446089550
778046046
370435985
511268186
112612780
812513945
119366462
986043660
590372650
419152915
39644252
476331180
245607048
580788161
485926674
172069842
600294981
122393306
230398894
53018180
373889669
401059685
867437680
314042529
338178497
190425110
411324059
230030751
984062711
455911459
970092505
827403385
687241518
330321208
80245105
405399195
66831800
203356987
482689162
258460595
657332289
94113350
583197723
562087921
619289589
841255802
449877465
952212630
426507911
391878475
23060926
650774026
964223341
940259638
284898718
903078980
902853523
263924517
784301825
569156963
422908594
944430493
917116722
33874766
100386868
205051561
442880217
327170236
278139080
647617580
926156997
97907523
781703798
228642422
635030940
308283821
457358970
34640878
425077652
798782443
513430455
54507422
697926749
85518809
281875611
912697588
14845351
515580735
338488590
20234394
755016417
864092774
860861479
226930485
658325853
200866081
226506129
218446520
536604992
66407890
843357074
636263135
102660342
674445209
273418408
902039335
774070073
591860213
367245485
705697593
205696125
531890015
188196096
758567341
193796328
889578419
137672377
194884024
949656857
22752436
667672721
355048344
421806063
991717992
193897250
588094981
301325445
646856433
284551744
359831151
904449990
678890861
356133076
512321278
395049145
972385726
961342362
59096188
987505957
956811256
281643737
399207047
630725524
857019811
167902260
778081000
176502259
538808237
770987526
918717960
32078126
273118923
167662874
426568853
78436885
823048182
372007314
295724313
631028297
917055301
947043975
562445502
507851227
456894085
352143864
132045001
357621708
392508968
592994533
281844332
235848652
742414146
46347828
901469199
422176307
756354625
442947600
175566478
513407571
703959974
647425385
638766804
96735860
99553775
211192264
773077773
46423528
60844620
712065299
124814666
384078149
846357073
63566562
325688347
90936859
726901091
529925964
321876422
865409307
239952963
207192288
149284568
583391283
726726112
448957670
588484302
211159339
201763959
207358725
255162666
967297611
211573260
451690497
653834677
444299671
613167679
352296932
759480115
705653175
594702931
243786094
946117307
989820687
799332598
180717975
62719112
822301420
663301346
896801263
769286597
660857187
179679595
915032138
956006334
301938821
762732687
290302929
220670772
600304520
955143451
893764820
907960895
171788234
976747565
979154285
219578532
781856082
114889201
641270182
175355256
772714376
230473675
520980422
907260371
64464984
373443233
558974877
391223535
854477368
712704128
677604320
664772544
181870800
746910864
650801046
892498367
815710870
570018839
223518324
881856301
374561954
10364456
547395046
925019317
332835639
127015937
766722462
971854365
345266087
848852296
113867214
755590754
114538155
545357276
854899311
771025879
664337322
998404253
402265430
168932082
181518441
210747417
77135670
694068550
580479412
704877827
21934495
814070967
379731801
229631524
736007681
99695707
880168374
596449714
361916540
290126514
145607144
474664005
378301076
84090951
835906298
943259790
662988650
313729761
925219806
468414005
341749433
711479255
26915940
515778241
344921549
492776866
200003462
469088002
864216284
31591524
192225810
271356854
570155210
656416045
807772616
102544166
995708239
722782650
69511858
454105800
514896510
750491089
867578105
893104368
828845774
90227207
54509630
543079444
466339608
232296250
197466363
497126721
636314508
906961168
899958974
579344829
475959030
484353540
596827660
97662542
711270898
263024781
142840115
145308603
636137218
129955785
3507946
983145500
271461748
755881504
549600811
704255429
509657534
159434312
82229402
895100313
113073202
718024813
804944366
715011454
38098779
784485886
192209172
415631059
50614587
202156705
609599877
21603015
199793456
481184176
132748665
582563171
189669830
755602177
855148502
442784835
15084936
588575649
513069448
494150640
701823745
559123286
47785701
581842621
351487672
810337788
712817398
657433009
494299996
994751648
249143777
271272547
225447657
160950034
67403248
265327001
985580334
167970002
495850104
674547887
724690714
136699958
738943296
457245139
384210855
7989842
374713535
964567183
372434253
32073529
908576151
299538068
981260794
710081322
8498621
250828174
944552557
460557273
497816166
888603071
216126973
572527578
101524103
356902567
143283648
159452789
646015367
968923693
251205981
89919834
67030019
334733663
285941294
622912726
757975169
279453721
162927092
5478151
108988517
600712227
602408783
966154601
681631253
254478666
573064373
527030789
762475230
693449651
915325076
12606788
42047383
429240777
570718645
820619178
132828332
289631520
555594707
896724133
865152263
427230884
420252079
375045014
25421711
762431028
818775613
174821254
561737155
759453723
266164164
845208443
318393462
146534809
215987270
723407405
145235590
504634763
492190842
205994414
528191913
220303481
25447869
633765646
242298301
441747013
110528098
282494323
841054464
201751373
742669346
80610516
838051823
503863870
418822682
815549647
57069598
354564183
760821873
251665218
329976739
490170888
541247595
315673637
600195079
516522691
383391394
646533078
173881018
730018266
854121829
324697344
989920368
947175889
92166813
31759531
778553427
699066355
623158762
968755263
738740124
740727458
82434318
251531218
271120695
393246472
614477023
75968408
166910049
513921319
251196731
49958537
818082738
215508911
71257877
148417238
426886163
419152487
318226506
68278313
825656847
147295255
29065410
481840908
331105401
629856928
204636751
191718228
609989669
920224366
178575098
230334602
716088640
647719427
615108365
841814951
291584465
319132066
409943691
586416658
173456274
755495932
459661076
336491478
289953899
414645427
480066577
453809853
449801230
537599961
252161783
23003929
931478800
482771685
433532237
389101504
804551646
117547305
977412983
528966204
206903515
61080488
112276806
869808022
281768789
465562650
324121473
728602371
258046838
709884588
950331615
213946180
444957276
352117891
588197166
466448528
848322666
719223052
140018018
536123511
218109906
506571214
233297713
402245593
968631066
716173279
336377348
263689104
790495914
613514532
779602722
561877731
309282613
486849487
292947416
367766658
852766364
887726908
903432196
845189892
771908645
421681810
354846145
739174435
191504832
759744415
962157901
845579099
269185669
298028968
6314192
152251008
482594282
124663960
797624638
368692468
545585188
934002356
65045711
113213033
889601048
944747008
450666770
956599983
278913423
781912217
235179876
925234428
718290479
994061301
790356212
498262756
36561350
881950047
27322082
165109083
996266793
806965613
464214748
609470284
195227541
724848953
341559620
883672628
191386994
630348492
249185856
649674887
287487416
836910667
427495670
256669745
711260914
173629971
797208861
230766456
459395393
167860460
430545678
231606670
519766446
614048650
36235731
815761707
279194701
9989464
986814240
875932587
572534938
159155835
564535551
679956731
71200962
697715845
981615698
455884339
934878351
352586561
989542015
82103244
280082615
732816080
281086639
69368171
486498940
527469797
820206482
510156584
94743378
514319586
962350724
913433290
705324968
257370863
473672245
871731323
868082656
549139447
924885942
909051465
363693603
642312461
368724632
900830068
614237745
141253500
409256070
400972629
35729280
178314434
792790528
666324982
408013316
659572274
435945125
426372857
752743195
213435068
335492679
608326068
984923664
185236098
693889742
921054379
87500935
947326796
831995769
857180572
694669209
138474047
173859812
131040857
494557744
273117544
624090054
351135551
921876204
334631600
21047832
297109051
985446132
663799523
438795382
56223447
424546376
181052540
905607236
204341604
751442546
850106196
348027541
43833433
924726035
931939429
114656016
60139272
349459779
541581892
632431623
584244951
935465462
354365308
292352330
14667594
168892943
150968430
829426847
604765861
735791216
979954893
860178965
483881275
324440407
717166776
717606667
302080584
628198557
269062800
707745258
980504296
257055575
517838204
679384790
70221356
32605714
863074766
382301683
426373748
403506742
855729978
605898980
744748044
556645124
881948170
885577049
442488670
858231849
841051120
232409234
19962634
312932318
272556340
626053146
724187264
527239132
404209850
731850501
893308343
818436690
470183354
667033153
289519894
239456715
972196282
380471435
179675411
882282221
117804521
919668827
40073606
533422873
667554316
118193292
255683167
900430941
387442201
778046632
856270131
420776085
108914059
146867336
21544683
864494507
188494593
411735187
158340234
716653923
304113045
891078549
871266239
417090655
103705506
281695162
77755705
707392087
678767112
390980549
387948010
189500402
560159245
86062504
376993247
643253330
969862418
596509424
703823276
662859418
670338085
498317187
868069668
413935490
869499062
554944419
832873885
790252919
217864311
754362563
213359720
758744922
126929010
997846105
990211407
904154489
730969321
693032522
322425521
803132201
150851666
751995526
281953895
811806297
674085791
952515280
812469909
638083387
315538476
596222390
220326705
363702753
749768713
647168546
756197003
571320265
642970810
777264778
386713195
165532164
812579998
259665797
627017408
436792988
529311550
637061821
58160678
633360461
412244124
816578277
921877409
770485945
207055846
833855283
494036066
281858104
358099096
47638584
801610364
438195170
737214371
25683982
221767973
734061567
271782461
209175578
73100356
81393121
775155291
864470412
137219419
636379913
614845592
260691270
123451000
551827773
495427688
767901493
6903636
142351066
470010665
876572435
541113123
110701992
51727657
872229313
932568021
710311623
416773966
746770906
323081924
684726333
368952003
481568199
515670177
270964386
416758640
897111174
233270447
657064127
406865093
942484302
874267899
355865267
677659365
177558099
955641617
173545644
806542249
515903415
945396804
343357127
510298645
990386059
831524831
53516183
122255533
971564931
864192373
625048620
453142136
11595531
502326625
192150027
672918607
990031314
579758808
142516072
572326793
775931595
646208666
539124675
337070993
502570030
76947970
140814563
657200046
54798594
283022300
467055368
314302886
992004802
499052781
14343288
739668056
270753840
246636345
666523389
536933044
486050450
744926932
139889530
613316713
425851486
947121492
869363966
955228332
101452285
803028452
355453299
845005808
394685659
334008303
36064990
944986024
973718467
101351762
225126044
305736601
976442203
21006707
161854039
460957262
940943710
837078403
572476523
360613522
351751110
68000236
767766035
321775257
739065083
549050386
973191484
76374958
810297736
403432470
507447879
566763571
316561252
251698386
332638828
18268387
635661329
405121819
907851056
875551203
227647076
486659928
426193770
527478805
133146259
552107073
900758271
367527237
882196385
486585010
844287199
248613758
749238516
273594403
234388648
888796007
389645347
59386154
552705874
760106737
817622881
475043727
913238761
297404216
483452954
885344423
992579421
502382365
510056851
778338925
433461215
854357914
336290680
734814818
885580214
206104645
249307448
82315565
264758918
287196474
162730567
352716311
626087787
399999633
753058608
299339709
886554239
420305811
23184578
309470074
531557050
309078648
51051237
917530626
605959516
416487595
790141890
236506494
252046660
564750902
535848219
481262280
217668902
937361856
427544060
48318098
125846706
837101744
206891568
600161730
401455982
868909431
311452910
950945418
764160222
816194257
903448933
600848625
324492952
522088304
436541642
207039361
742754233
559497908
809594160
291530897
151451684
871300889
181723810
273193251
637154481
916993365
250326934
234709730
319955890
994839917
433084613
114957579
679381841
420650516
747291622
316927517
749858394
903451125
66588907
38807128
943614342
492209128
10417137
599329132
545499411
395491537
424527062
728903912
788728719
938616173
561957407
793701012
204232718
859461064
995394844
731087234
828537348
216762972
151698156
889696496
199494074
145255850
573729763
426681070
80583055
125504423
508419420
225359800
946134477
158360295
250161117
523073781
489421708
729399236
610228321
579902153
660321980
590384572
650525517
877048759
754173634
909478049
876907312
427616815
337488632
250826641
644762886
32740396
672216870
270201619
293661725
753444572
394189638
192734421
158122833
321756292
222634971
424778294
831402240
41826542
409089495
394776085
229030911
519425717
845290324
362193501
776338231
237052702
85132522
457564399
30088224
765839165
164785107
590169714
152668931
848209909
741937317
560101387
504962948
36865704
554776193
327224724
529451295
987434343
837530744
14921140
500698078
169846297
396467871
665353531
668407033
900394732
533565056
521441913
162924099
775134076
360158545
410776524
430185031
741023619
112292200
45243728
178993670
250795302
263302693
295046408
527087145
307495542
538979302
431730778
596508258
520749656
28946422
334730257
799934653
360290597
842364989
599702392
728441694
580648168
434054510
942251238
211266540
511171877
324199770
659702735
870871057
960488853
70432255
481867395
549746545
784328434
250089340
51790240
514119421
850624721
836968087
687918317
39351242
620957198
760912142
775150597
54924941
904683673
780860843
335556419
186098106
618114060
988954517
918876318
885930409
748087184
580220778
433840407
287960791
378919153
980025979
574451221
343946220
484427890
996247280
863407094
338759971
409089195
812091733
617935658
365626617
484847126
276236710
523009193
397283928
66776172
259770933
419524949
641133818
518870091
484942870
576089151
467801391
428811649
17546871
563719514
937825606
953705844
277118051
16833474
30295657
960677509
789876669
406934089
528731242
76522211
851267848
741487822
91671154
433347726
481397722
990788981
598582583
536673224
227682288
383585577
922173625
208007391
85449947
547116432
543724398
827330188
377217747
577427385
284622139
616653914
383256995
399375843
530492835
680365787
210536233
66531628
987155858
262077266
334628176
853876197
965905604
439382104
588927350
208286489
696785160
88907921
381957294
529616481
524274226
930643956
160123203
217645391
619716776
921429191
77164057
247747183
777864418
439589395
260488235
800789894
227185923
986706189
78778557
300208031
19146866
896349963
195965483
993531991
12868255
589852901
756714691
718432915
870786924
791743589
970122499
827502988
575300373
728517680
747626665
213435290
675428673
323775917
741675181
780820397
828523851
60946183
836193723
970077830
260415405
177898548
59557308
53484192
663158588
359396285
554015668
872091126
119893598
181724073
95162311
106993429
234039367
89796387
655136267
857569719
896432888
857341986
349101685
439709688
321491005
222490941
767932434
142176779
305579197
171657436
985466057
904509306
319581819
709394439
143549784
208911375
799968208
95441067
690067576
304485954
758363772
993352671
208035910
499224231
574445293
685825422
425678054
451846970
738919536
946004396
56784811
425061056
70889151
494673118
38175011
820307767
563602700
314175933
770988551
801214790
156025950
774659127
273851284
112391007
102536373
642380272
118423559
685770519
879899063
927724160
159279583
873947544
659214183
247039565
20616724
605714099
631229036
828950682
156793002
49236711
890169891
503663270
423227641
230096713
928512470
53624890
617264622
238310490
501828534
982335578
343320589
626823383
389249838
445668562
423798337
401544966
883574747
314906872
438730862
857950822
95141876
119075061
522858706
552842018
721058489
166260300
307236297
614721396
89434774
175716235
386498887
503454307
585594026
448199464
426767843
481428984
504534758
109907331
80328308
498630069
155511538
394294429
682502116
324867440
602960910
136151568
542262239
543262853
260628022
345387582
251705198
450680136
452368123
265650760
319220560
210596374
355493047
330657377
734496398
695278635
13814480
36057444
500689234
95912139
334601941
948995656
69358292
142855771
840945205
735259202
505315574
828481228
829144464
984117642
329003755
26758952
918523404
518364164
728579789
371363093
139542961
706557133
48308367
937356726
73248733
708360106
847057319
47739719
20743212
11402080
778195627
284505577
303783693
679118697
26804578
43041365
948849519
264086754
123450834
284136181
920116632
585029332
794892130
10600047
827058444
498320810
107023885
512028170
774983541
247986077
525666759
656306842
254833261
241744335
879238488
206542092
701693634
33492032
308720176
411707040
297968651
239908260
633824113
800832110
46975854
616454945
509243960
961387461
986771183
930163667
388774755
543655750
926759072
147848965
82119095
852696750
601502148
830993051
875586137
321259980
251433994
435829439
529023740
904119537
95492077
763739696
663558592
840089279
625006488
590843067
533109906
658206867
560843896
555259758
482001371
556077866
253977141
715451629
382873617
851460841
130631711
475538124
457174934
391596424
279049660
483249691
919940677
925098346
495191101
36621698
792960551
115198902
222791914
826972698
987462277
257097448
167356732
727936117
81769379
349845017
935419568
410862688
314153050
373160033
787063410
671880060
610690817
264140208
274537734
564264794
730289717
888900179
692014491
208019823
223936532
822467787
827298605
838156492
346081917
451150808
96328355
162350055
676568130
103869732
397636658
334801145
786265586
351378178
329786616
492226757
594387908
110968717
688919399
210594583
238215948
786762898
380270868
806425391
784398351
616087167
338136419
523713996
911170788
252452736
3658095
569339485
934548336
879845567
240793348
901984186
604986612
741729566
524751633
698755471
327755100
476583887
859697063
392438846
985721579
184651435
139671276
756126036
84635803
166131756
397827477
65789009
474221401
148346412
831023946
791055089
639255874
834443264
981793545
355389553
945507138
951674596
857913232
347586692
570156035
1654521
814004015
418016254
770282286
670685169
638885377
440887330
557139253
378697927
701615057
473436442
16447172
136889609
686097638
61336022
160827713
171786929
547439114
761261099
759204138
470501945
930310209
54317911
486204664
214245437
718171297
288734940
364376281
146388406
483431709
259450403
803049658
723341690
862524342
638103010
987119469
977300872
924975931
146509612
741021876
651234986
897294948
610549059
326921230
42008338
533259764
72527669
691282258
610922864
494184904
705014602
778843192
641931544
823098179
414145755
525939034
27993731
27537378
892099605
241461173
960290392
797933246
655260143
941939636
738187830
740124146
4800220
27526962
982732634
951451416
352959724
406063677
947590196
900283182
940217070
218582033
618322973
379956785
68078282
363230333
357876939
74671805
11303670
310617799
703294495
609809361
941250986
796921828
648754343
908545652
872647863
30611668
933480049
189194407
615828600
744188775
892834071
606749522
609289390
958756049
817515
634969636
651823916
970005410
375654058
902846269
911746836
712837414
413999585
880818974
299635629
872995716
63090341
360745442
396711522
399002323
74745504
281894137
932298245
172336421
37588128
571942435
734210724
299422276
959675923
328453037
997534644
151643147
254485000
292861109
830638525
142826616
996815343
399101917
323754603
621274496
765546857
84924488
874641089
912404048
574420619
301737818
838922631
165167975
45457201
212068883
387978769
887685908
634847961
175302821
573693044
106429791
453157253
15463793
471485104
734024056
719255413
389967265
845673777
637576774
455552539
619387857
690009537
466706340
588775788
327773653
282500960
708205786
378920621
898613840
510510011
316407334
309213833
93891248
981517300
768318040
57874746
619186447
675179460
559836207
463286092
315234676
182105105
106248782
963103534
489129815
165183116
260393787
737129586
711259620
905853093
87476580
322237634
756393627
4751356
355953568
113179923
9332565
408366011
57097888
248942925
379974819
158278720
181590393
745253858
243477564
470070097
588824759
771743322
607066388
677214190
962127552
714274927
560251117
807246318
541373651
811413573
456701098
144804131
576687778
622727447
261281036
175971814
96495894
45213884
107615182
908894372
419204032
470125904
1379974
218624842
486379621
579575172
862537613
225231808
754520331
292645117
121411642
812103044
126708033
660465287
244627515
351084504
959941041
332670265
847713155
51459679
935912493
376325246
680146913
623817030
79598683
274353458
189676099
475801866
94684547
702386670
356472802
806763898
244454766
381395588
179852648
301789455
162379003
793615109
30420117
476599441
962407455
156392186
933347357
74672616
936924561
336737482
606284864
101146504
657606255
500995533
459184658
942039731
752577697
288055852
566019563
270426108
678676456
349496479
179533348
171154634
695937051
417149814
830642299
790856581
376865998
684014367
181555654
646797850
959344128
621876569
205140275
825307205
844082241
452925850
126987901
681620846
67095387
178099688
198575658
520667963
782054376
172103098
147018670
999384321
539376392
228149020
112062999
355624914
775575072
836179064
267701608
825118097
755218061
110729226
173820189
400193431
657379300
978335326
131043573
650151843
541343433
396237783
102802589
306813673
434420802
152434900
358771591
331906945
133549318
889982564
604547135
102282771
662491248
392338306
382558255
235301992
890639651
999405571
517180146
710320443
564777838
312152065
701599293
349101748
803541140
582113512
195736612
262686076
983993765
852943848
682284957
148311559
629408309
747284809
889331528
268024370
886886325
350241190
391459608
847657869
623693164
228395668
661581028
786461618
588936073
820431538
847165277
435177258
73193859
642082478
762046275
532299090
546008877
934331080
937394095
37421305
524428907
214052409
716155492
681026696
208185758
792063496
107727155
847169426
859334398
564895162
943059033
460104211
13454476
793799050
945037782
208410835
94991015
336896804
47551191
304610425
513433337
492579382
473136687
821418812
403518982
8788153
793547456
124401010
655379505
637292162
190547088
187084131
664700659
943119790
726096903
542544268
447548284
372337811
550730155
460121319
672636544
71763309
601014843
833535218
218926116
363476368
985013013
157615123
112405674
874549289
393344956
917910669
798567119
416019032
551959547
30398597
717142404
965371067
966901534
306542439
530476713
256188673
83160315
310582289
410698488
343950005
643219324
129536985
174447460
616237234
144809121
99268441
540374435
722848328
304623429
994105354
902809499
756606141
556033307
24407763
753869858
380208968
800365044
822652966
883775233
46332046
933967709
639323948
405075787
818089004
960049573
895235104
344975742
798299232
397552477
307990383
276233316
317528344
532569571
517376332
139102028
720443373
74934599
923148733
313389744
552411003
76875600
768855257
740958638
35403419
647760090
634246695
235830612
782936500
703526137
552388097
465627244
321689515
879589513
985740685
687851444
125843400
441360406
33552531
590976632
449985327
424864971
421702452
643903634
870806673
780244129
833258467
935470460
208235626
698124020
926338969
310754924
568705933
999034073
491926331
544094400
364238873
737986868
312913772
722866593
89028907
968311972
548316324
850639626
42443445
644028296
414408875
253141632
775342981
764968185
350531178
468980375
191369619
476005631
581665848
343309140
614205065
197446460
380242915
599479795
60582128
698055209
216752702
112481728
381649002
638083892
744043976
524459955
876293603
58296290
690838013
38177166
217848751
631288447
980640652
650042992
867091554
182073712
480393041
615697654
669139418
859797743
87754950
507290585
326148258
582558295
779577032
606234761
576928877
730185190
297761353
162905457
329735892
33826299
594854756
574335213
218940613
822639621
734727589
125140499
313944424
78067681
987077285
834999155
928909418
388277830
1284330
915157531
252746857
674406737
271883286
974183352
228258065
122897960
951677760
772611890
215293716
368050828
507530428
154967871
124854421
281590378
403484789
824453784
588381538
278866918
499986241
706269747
658326002
797336215
149385011
989771979
638639101
142981664
14472631
921773374
49921751
539600992
449932611
410393163
786794942
403380278
927904429
372418324
678244535
885497154
606137126
72311425
646312064
814174097
53224480
215436327
312863601
566947963
231273008
289683288
171147144
346779841
861580431
167418417
56105765
596706195
45601420
983361028
405754022
779157283
392887468
881340748
597353547
809447305
121637005
812993455
433193778
597902897
488816376
207707311
721552848
632348420
944270871
203672744
202179254
900830354
126458759
567756334
343248795
476166809
144290758
27636124
873093747
892198856
647672967
596754585
510908789
345172088
897748619
242655275
886080332
438248317
291145579
144945165
780306514
201858702
242064606
605572610
525380724
919516878
448731236
610092374
652500215
30255374
372441999
611153119
636084950
835654692
282463696
20557221
269169040
446696859
944515757
893272978
242736810
115953971
473165230
772088582
888001477
254722717
680906261
642197414
957016999
12273984
183347296
930965552
512097053
398082857
672951772
362647440
39784593
889417974
367680842
894697448
315205995
303659089
134761774
306763297
214724875
364809146
975771733
133429777
69127997
968067869
619485881
222591144
681607750
499409942
646864693
551522744
131416753
604597141
157996863
533576502
285933882
60329186
452638615
874999479
896681956
160873136
551016936
275079447
462991417
316212353
877110887
792258036
649584545
499745199
644178265
844214774
394607761
476332152
979996157
571762459
773049109
527775841
757064391
526209550
770455823
179012642
566312883
631199327
94404795
927018628
866802586
151486264
573679796
538335039
933517043
34174697
849729170
489538207
533405567
364643304
650099330
908979330
497523569
16677037
94213189
894982417
303247898
335400724
732743224
61967722
693784963
973032119
256351563
702265614
874656402
660014528
517936329
495259208
140833223
968420341
546900294
64574778
9590566
619068815
700036549
211799303
223828571
226446926
322430191
25054951
36219550
941953657
281147700
846830511
245214265
916625103
277327964
380950943
823136749
550658805
533048252
613533395
509615734
171555167
534124277
611716961
941188728
687554443
253934216
990655036
687060892
162845493
704749244
860301187
187037709
80213473
862383368
376317074
786891515
276380623
265821100
699548564
748536954
68348315
231337781
939218736
917369739
350596137
887231126
597988517
327412934
699934790
910814451
716218027
470612927
859619380
417578219
795749053
630818471
594987710
549325001
622632853
526777085
178258930
803398251
263333676
840720554
128042198
343485045
185565244
10613051
903157188
617800794
492358974
327621241
208836245
497287354
864135184
324512293
634011794
218668959
855238180
376572124
583079440
6275407
431630386
339660959
958363836
956465109
597685904
498980335
503789970
716086785
586581453
219933543
429912324
689640292
260036168
199537633
231612160
793082686
872455093
39300363
386556222
157826667
828681214
855349308
803509092
818114516
859337390
495738242
398172860
379481909
181842785
744744535
248217170
995052136
425892989
165570691
95921634
699881969
958248988
133811261
84591525
870351753
388248502
511133455
465253016
697377376
313053470
754568587
501539259
363083499
916038017
911944566
81873882
97925534
974014494
402669300
697647074
258145305
597292748
1234493
633913894
577936376
906287900
886224342
907879206
522059295
952351474
949312318
260429561
335711680
936936609
544999498
47705217
922837998
413021512
929642920
290879710
206579454
341907363
6713345
802818800
140557677
311613273
494191415
545248418
298772104
786211618
10979830
337935560
346253030
544803839
273036262
236248808
910248103
343589387
422456804
756820170
734183425
502675131
391945551
876119866
6447275
898411137
962202097
491175493
168181693
499910428
53908726
773736243
550588835
95192152
471382976
695853424
152955570
67538428
66861219
197555849
727342128
211690774
946675052
743886201
266025787
820678764
596112210
129730394
263370849
133991388
663593881
935323269
612074134
48479108
948229205
863198508
15036902
743289440
870035703
51868053
374322558
625177363
528339795
870014799
614420377
845403456
882944188
336658591
788441360
178222701
189603504
93026072
459493593
127268602
288127273
958394671
787779825
915427656
490134037
375573262
260224489
255338030
291068958
786921561
667633555
757729392
887565776
385165030
825050856
534101284
281589720
954151807
377186660
361599847
910903254
35483274
615304910
587644203
885130989
463709503
406945456
668131946
405889485
686883213
293197376
886826381
915478451
567808611
747719936
25102904
683048767
872971245
233961519
365859721
514757370
724215411
980730440
355515709
615521576
338275752
154733572
294192855
539731777
163956571
97776799
985734023
475923479
432737146
383395944
670625878
867131914
928908742
183605393
797643180
409871384
211754075
326263845
519066139
786623527
867099954
80439924
499887921
511664592
629834048
576129019
225909412
501496736
922402945
668076332
466601631
249247206
659649993
521331159
676187419
273586450
898481151
569954314
328430532
257308300
117405021
598423325
719253562
758519812
940374847
935277336
685006902
788581058
990778796
448789139
417974609
680604889
998949688
768340374
950397369
536015905
278174923
628666449
746104673
764100741
585828882
370433421
32977717
569683684
947205851
554449341
279627253
820090991
497606373
71418778
803868044
726988244
454976261
154733064
200486055
273476210
450640686
682394362
529308630
820822188
770342301
713267016
772428631
85234735
684001345
425839762
304870975
686368600
104678567
567816201
867039510
386441032
759676802
784011936
146905619
766407856
103375433
453774063
78925409
215937142
41268814
707856516
414916044
634205714
632090401
51748717
330512092
219307776
217349816
995628841
565898777
35401134
147561530
214141511
339624904
567362009
942954886
223018935
871260725
633469080
224952842
217423971
249809678
613126908
626479897
247426687
104125972
327270270
390836817
434970755
91041462
834064752
847393176
662016907
771537072
249050437
335992996
846925949
828485236
761614767
386325321
536493481
601404706
74553972
93958348
635454038
692459520
559103935
534140891
940719574
297025339
151588406
812047588
528371779
553208256
272339009
710791337
497557809
995339013
896463205
600121281
745896588
839394970
946961788
512164602
218311018
449705610
420873759
374860553
424296474
608954435
313284335
587275630
122829466
578147628
440712199
366484927
741540292
203838828
505928623
265138943
684779873
42178166
203624990
844945058
429418285
354517312
222131135
178023811
857090803
348139504
580486072
796429660
881798864
412859907
137690680
851600248
748624044
836014021
63747284
260984139
59964709
781869251
343732722
425296018
846197839
4328361
120407781
791476660
747594518
103300225
587350855
591758507
875587727
905113945
916845056
50599523
682096332
123048899
903819173
683695235
228098264
452347316
918157122
611756958
18770811
925311125
377217852
72227682
394518043
339987003
894679481
714529383
325245353
96018793
48095679
639150148
891099543
757410972
311224118
693963874
307501782
45454480
28007492
419210131
398757766
859826737
288040177
562410027
847488823
279482596
238545225
193107012
586714924
744227515
233372878
22657962
181473054
873714335
176034435
890897299
16569231
962325822
631172481
539715684
612530755
530671684
110350021
955642689
779285260
351118036
926118628
322878298
872545005
981032499
279910376
629233258
63560031
794230732
959266177
842560629
930221400
344182274
728827283
142178081
770258789
210164849
194641489
190759272
880382530
166298803
975998720
335432839
978460091
698273336
844441093
443751832
183841093
168739862
5450863
150817577
355077360
706519756
837320013
822723555
917196433
862861115
260524679
996788644
40760610
840906055
825550003
673611839
363119591
723133888
995798699
56388863
712028891
901315881
367222015
610209066
875775708
465622239
740671890
806714063
897682808
697391858
367721187
771662677
582324292
654287182
827003870
751320978
876840273
354074085
162434650
93878668
771671431
406996597
437888268
426315524
909297851
782730058
979784098
954103366
189712309
518881583
857656161
426458431
557003885
611894647
938940341
860014399
965324618
487389979
200163431
887872128
67714743
27471900
637592740
891403838
750763188
903169918
354471635
640007922
781953177
893699085
322233020
34106339
225825394
418362515
564912518
379395976
975856685
631791677
915527651
485865658
599253809
688840222
521990317
522818814
572672362
768621130
938587192
178101041
900370681
131432435
816962844
239858578
245498422
166636961
395739617
56371244
545195625
47696628
593821660
521808909
370918174
14414395
562476604
890568305
777081782
132163313
349098394
633526290
161868523
807381469
690741974
423341183
386346228
871270010
32629549
839325561
396164217
760273313
99766431
251730179
503066067
65101072
277688819
933772592
577280048
335290473
922455859
153441236
463977240
505074836
960414542
784226849
266930343
425358533
962100757
806857163
380748463
333871881
632214308
484243409
812908168
640765917
89632558
710045191
437609714
598586146
325636888
958209406
260113584
429421915
350414054
679799287
325305959
556798082
289997580
180705641
437507987
253008071
355678811
682818390
542495396
693719027
940458471
204357158
563628851
28049425
684962548
88297629
784970643
104461654
820135788
358731703
119234442
663579992
695179852
584769076
439665966
905779756
188463660
642726535
260009272
301590231
520415088
600002751
501191597
181387829
369074127
93239249
981755558
773536313
364498517
893898761
84978582
77445410
99683909
489600372
932536588
153286507
544820238
790874623
309568904
297145660
746346392
922201669
305970906
182813330
340766830
134555426
474192456
104221795
491813660
724958363
43028996
196741117
371820252
696282915
618921135
440941554
505526050
670460500
334022507
315420738
239874002
374130266
557881373
79214106
135676882
339570425
304431013
116193831
941121230
109288107
201620848
580003819
853338084
393681921
912862457
361829890
117978735
472916314
94520264
916557603
541670892
224290951
236216607
489112235
132446321
222775985
229576471
10850409
661552633
835480911
960871354
945115543
557432630
595219735
723523969
10627721
571249360
446439272
894128964
959763888
162933182
198301572
132315974
57686852
626207919
396903815
862214069
434159332
575984817
540235749
785499166
94594001
663282071
173801674
787059064
415636162
727667244
606812855
562221309
709364422
739020894
944554637
124581033
319035671
296980631
47771369
873438101
706321710
631134698
280001770
301977725
878167111
230056766
238177009
295667984
839246405
270387460
114886632
323974510
785339227
805443100
209691651
269151218
663895512
653852506
45520859
966701573
708526047
233009749
583248902
776265428
439906348
668562278
591451995
409707916
287618112
310249576
698446103
801162613
969854791
11783762
800215548
689405522
883036433
603862159
522262453
916194273
680768696
368924044
646917658
341775984
570910527
86871901
423870389
730705424
324063547
107949908
508467641
456743599
23886712
529734385
146890606
831577023
638074908
771463313
607309660
499228852
328521767
453507643
94955567
417717517
794745072
471863444
816307577
945677761
613181587
423952079
869571554
106790441
627136525
491939796
707643340
211000842
23275658
585653652
250249989
181574944
516645540
744446777
758684418
955026836
201264611
662229389
33668145
689059746
949180352
798010609
363352574
608173030
101628859
748748738
961398339
218923316
134693864
487452158
339158479
503607429
279774678
595269983
108922833
672527657
123391214
586435417
346650671
186494183
390638626
559351821
359806945
349265593
817683437
973780795
296210801
111476046
395534450
950129807
325269354
633600292
693294528
63174590
79556085
121211685
763616385
529327168
958753380
73639170
127773005
667134936
215144256
887963634
385072104
624832255
390101323
413976217
338326124
543276731
205160539
86944411
679381695
220901970
849830867
394035069
34776816
55486599
33558880
783147433
396878430
496324813
981419659
11932431
943183240
906953090
968272474
542601921
969977343
96278310
478196342
833655959
925456173
168667892
411051555
132879925
784602999
696770950
373351097
363332122
965540438
885789320
426009236
794284800
510806438
318583874
1192646
309378195
733398236
350531850
963654562
838242540
478564973
472906066
301208786
402623660
477898377
717977226
266814957
962710306
493692646
717162830
379366324
538534414
360694940
648000929
851929696
511816587
78940412
118430997
11135574
263228179
85328191
74020621
878368265
926059095
514555726
519722973
174517434
391854795
680942270
300566936
676489683
793976927
415933882
423742420
408489427
747926483
521354234
639937486
721220370
156989771
524211982
148239367
733329600
600230288
597024065
597957134
810578752
452505749
102694774
717729937
386374766
347289506
4812152
486944120
29558882
899058624
336386408
671738743
991978827
674030646
626617285
434679420
925469167
348700419
474140286
985429365
346487925
727127191
199237906
269431235
685224880
275478675
168687022
850004840
873421152
455024691
298218862
397635953
827007096
633735512
346002876
617786233
255720816
819750735
45859452
483061704
886490212
980944572
74011046
243675029
710822441
846907936
390261874
257712517
881411248
910876733
629280834
619640706
521067863
434082746
363497745
137247158
617210387
82247185
162016374
126117193
442470554
129317640
268940700
616407882
546163226
596526721
533191569
211549055
433841402
772419631
639310781
817398442
243297393
795170351
840853254
103647247
26541718
389431252
463764466
57470785
180757148
850519951
658004711
167183659
908066172
756213523
709306733
309517215
587123858
375177380
960616796
694299631
249077065
799710955
484402505
894540876
407606900
750133904
312655059
610165550
835812715
219357640
379541740
949272466
955133304
133660466
732985733
980910546
143035470
825434664
271017448
449284900
143833161
116724984
731218020
376416324
855173377
1757051
571496483
670450503
624253688
738062340
696970259
437125072
710403974
353073989
35102823
955053056
554147646
979192443
748399293
798352403
15340771
226849365
735919807
139772644
124931604
428006865
373568228
897116191
956321947
735327564
830185808
114857736
539109633
644221543
937275143
769776199
930883328
977294377
328382335
721878649
394968493
365118837
961775510
191469778
101649848
617181361
578162514
552398073
71657757
16555
457773448
400165948
352667390
892247728
279547227
340698604
907155996
97940538
752057080
682482027
320786502
803476780
746795431
179335669
454485100
847639813
755819682
440549068
302559117
186627859
520670202
980335100
667894416
784540376
557873286
198074865
338429974
728803215
895968063
471127848
427332466
804431033
975614320
288275468
245464232
651104484
878903767
807777571
295643818
963171975
406984993
666524151
582413468
684241432
230549176
696612093
636469386
94434965
854932616
157366364
777813102
256343318
729406331
379718742
625352647
361767134
357456235
116107779
14793310
583279897
866682975
780947264
25317094
201022570
643164911
76966957
659765951
166584050
727128211
92850264
647587308
904597487
625964518
617369848
878514244
549791553
944608371
25133781
608870881
87474099
215930713
965090498
852858199
229064178
149111693
248956188
740532438
59706441
925306241
855327707
265128989
454684393
146297580
155595782
677089260
29946965
523914306
667489585
11663509
281747056
517259731
362190869
137577912
70504283
3949031
888055788
828232090
471663178
822433940
96495041
981076336
409010091
101039482
78623840
49770764
941808054
762444866
326496948
716338817
22919728
694751660
59013270
145941457
712641535
470845706
491530990
844042971
754051421
449659996
417203631
604837227
423462009
705438279
944478827
926355808
933930083
330842906
848576823
575991323
60228601
435320117
815136489
294317097
11912642
208953733
990044300
979849226
18140884
472422345
122178483
704579187
688942560
801361410
381898302
88765304
849949122
947774950
973741158
624260298
273524823
943932592
709260270
406262984
870995116
144149640
939940303
890461477
40853947
628628436
906576530
803789018
78997081
930068527
806124215
871966624
776900495
968580951
976485825
684117691
421991799
132728854
666158314
662663332
761589152
59583318
946616131
771305274
853839051
612666324
409208291
392585895
506125671
632081878
584030384
267243013
684550508
293689345
489436448
806232180
496281060
549629538
484006148
95863752
986532655
148735939
134445378
382463439
336327090
101811347
996410889
208819255
29432059
943081062
255639711
186113710
836850129
428585309
612528882
17427648
403778109
358735284
231590380
962667525
150844716
636568236
690779609
625887638
112432834
512801045
15759574
412164187
39808019
612415742
34982999
865693121
788846748
682868357
760760755
976917652
712875093
788614071
841424381
543121514
12097232
154294507
113274634
760721818
85265016
31115222
962910247
423692626
563489476
476708435
24134498
621139916
654231621
680554436
419827875
125624350
832945423
167762428
91690208
497882273
948286639
820549032
2042448
963013022
833966149
208859052
892762970
778178865
171595879
633303351
241000762
518112998
742553711
527540720
317467448
2222402
289607062
53131245
844351605
643389920
636244680
622787978
560813265
409041207
821069308
211053205
430912273
210554560
617758717
740904819
825491343
893650946
777088402
594384249
312484035
352436545
77584193
996886510
259755243
460104277
13644552
694809161
348660144
69890484
936669986
501460858
897615163
137572838
549709584
381019383
858007132
141008900
609817808
671762954
764490503
366700645
750177187
193622971
153032043
741735499
546255024
558730995
767969789
337155115
302327060
37854180
580606539
318993018
864416600
228830293
484400856
892630853
545309343
175438722
473168507
527939845
398909052
60025773
496730406
631851214
877724886
102407321
702721649
208227111
748288039
125187500
524792220
39770845
462148937
50473078
398694702
509952090
536825431
475748644
263918360
672022886
449249547
311984568
872318231
350679538
53745766
348606677
344672518
574069467
153291064
274595715
59324057
879967630
503593832
413225874
653024482
2967375
314548036
878533679
43176620
436376621
937574566
655428926
425765082
580685226
466779830
552724389
765490596
569867959
725933864
162866508
990984657
958574122
101488177
114291885
453953081
501619061
362054419
378069574
591920982
975025953
887699259
223079085
454260354
671603779
117195563
457294436
638369508
234473725
173649974
895323213
133626164
936659120
498930517
212655430
461097262
235569154
267937632
497854289
876045652
282970271
602456418
867169513
451732830
106790509
29906717
72561347
13770746
773636675
655514548
794926952
698751456
358270184
573182581
965513842
726666281
163192573
98601922
630470176
137307453
635355655
776450919
775675745
850520337
760752570
232815552
511695584
200924443
679364751
638126709
486877571
469462631
870828590
342219742
810260868
990799817
490882559
414558307
785904523
409807263
748510768
443460684
633736880
646666840
162261932
192194696
906053734
409341005
242527459
615046980
45893568
879511950
825664716
250192884
850797438
410750615
778219187
428641508
339400512
610903920
32826538
624308227
472678228
548602166
69143024
41131104
475745198
885373242
661617631
12974576
900020389
611354724
34371857
68432009
243075664
971780462
977324566
14192927
260610886
298850952
163660881
370265046
735170298
997375461
802074730
823959358
808611821
137578788
430609557
685814677
835981665
359023467
545064657
786746141
347578208
903547799
102828528
869273403
282722302
618042654
471660138
563965737
62626747
54273459
646226046
842192059
441765418
274267904
901279135
920801110
658423471
728365625
743368962
701630666
522224227
692597545
53526951
480629753
461750519
359454857
647102706
35074907
659603352
347672970
279017045
60983637
750990649
664819020
158510925
916522198
858559969
165544498
809842726
947857857
284185068
543678476
364972206
298266420
354448694
880756533
386582322
41804513
891790940
374314597
450078158
355367993
647247291
391098982
732195432
835913788
811970182
769305673
452409743
357343424
76058489
869987261
65843960
976459624
140532279
329857914
18103737
470039861
89689080
805149400
696177611
919091215
568896956
632398185
154987867
790505077
997195487
157767005
213912620
326284391
872208190
853011393
256612834
784981687
899446100
702377783
81130514
166187905
750068578
831553781
827667944
850282235
240063322
582646153
395016693
783941615
683657766
418518545
598118529
391925505
678867769
410307513
469886618
208194302
566601884
850164760
706373430
70492208
146686640
74340075
941797302
694694136
759652260
296444863
361575128
195609499
988719380
544245170
179750319
140499955
575478438
122128058
98414848
857285412
158406119
863766859
968741989
828008254
2201789
210025874
449677751
430544492
602488234
361681548
647902307
968566328
200164719
871111551
991238075
484760725
714460445
732284582
720604437
658477488
34242637
902720968
531362582
770700424
545022660
64280221
404332459
529271868
421856731
679401091
682071249
817972680
64918520
737962529
500700471
82395317
97515713
659577252
909914211
937501728
424040240
22081614
867268227
853227138
982656680
789531558
696208435
140719161
695254237
964200038
644859272
684074678
267723666
775936253
736360932
869673855
56859981
187620705
682769150
124656285
269591217
334582589
859339048
517111280
39423026
665953816
764141406
453194762
267746371
718187866
279601570
340885903
300666821
655095067
178463961
984597098
312961308
715030746
111126434
297693409
970321912
539064128
634701164
105523143
72073167
579933716
343559160
530712818
844437117
566065624
721982904
960418852
150532188
145776150
415454446
46773043
243804908
5332854
475914471
356390172
757177929
158536680
402630852
365535461
837752606
734257431
898694216
592738613
330907236
780036201
105907826
681592840
218384274
377304787
845533469
942181350
16828998
494907489
863406817
687538084
670161981
766722781
791022916
197531000
447243507
342179110
295305022
499871302
65941629
184989565
619042587
954589616
311036973
302667167
555583809
204694848
160486044
496451264
669487749
4406758
998428056
640006553
331109165
425360403
660844631
247207486
235119431
337583581
919534541
177651270
264367814
177409908
670285331
465058452
35779927
892173682
478692636
793368903
539533688
569723497
508976608
317331339
521795209
299486627
951706807
767001304
105379852
612353364
166956153
105971476
622476748
700331025
827080587
974894959
434235509
510441207
8048764
275116235
449372279
725371406
864307192
830599187
594621971
823562455
929924071
614175866
92650063
249625907
453925946
266149600
33246141
348747871
740940842
501490123
771517119
573455684
582652332
895555454
497619078
590423144
595541264
618461000
474166728
106020683
165121102
980230767
395186704
772815299
215140273
904401826
595370368
238529213
589972747
887851823
308822863
90005561
720620896
99878660
776616586
385345441
972570325
64809733
813979820
262810785
657599543
693125732
37618672
66135074
704482952
308297363
358074926
625528345
242833589
374433806
20520442
491876725
532698958
993908999
19475619
694577827
89582335
472361436
800153560
404944116
432983113
898130243
783442703
780573865
898969819
490612045
546357944
322176559
623605741
492474473
659373756
983966740
834446966
88147860
982256839
738502980
603569061
850154301
217301418
264765318
70993223
207058506
188488235
736148319
402069765
323497427
229517886
594566270
555356928
47181677
422839039
158970040
24089889
644766902
785438613
181331341
195853385
726943840
557442319
445401945
323311835
52749243
602357052
194837449
535005340
207357789
807698130
446701066
988110661
828921211
472025283
730202384
328152778
269787415
238169248
447041470
924643856
565221622
599527716
843867729
625948414
826365187
534832437
399627604
8618676
8387015
591674888
112559175
527019849
136424087
664676857
952563038
297792269
599610363
388313224
547009289
609880568
814497563
322319574
86089378
860265655
789212517
471377698
21841260
946223712
31687197
127119358
443409171
4414156
549429878
796191273
761003864
778907013
496828431
852638085
15866691
117179104
940075443
3352160
957359394
198072083
923605064
830170292
228156756
438760189
421408827
739757855
141027735
757566638
573682259
131374985
685023179
453518573
32581935
778323691
972024933
736016852
489657535
71738901
787333089
130272334
401720115
970601609
509840012
620223396
711772411
739876502
929740213
470036108
195141948
593735334
599496981
783001765
157904022
46929339
227842435
561139128
406068944
416894295
56202143
879191274
555276096
313762359
513781469
526205511
360099660
551786569
973291317
245764932
53013943
582396021
613087586
465993153
93285610
862094922
668558243
206052450
846157880
927435770
812233276
55475657
821394467
372228181
238111298
35491309
781028832
345183584
40568415
361955998
333865363
377616424
524776847
464940051
976166417
427513935
543344841
33345127
164827872
537901285
660272089
985809356
839579999
25669876
888675106
858591641
59737497
728462619
375386754
885669008
156355339
318601977
933268870
387100015
259154468
722149200
279440720
262455767
674660367
173801592
273629912
718743325
320374968
54660034
675742886
94723397
105928607
730184544
12355187
783664784
565454523
296018752
265883892
758497297
377056377
366867662
543741137
576333577
322338611
282124511
858621367
951102502
671024541
274982620
911081824
865106155
630871616
177722019
862828693
940522627
576325891
633845223
840486471
236190853
603449232
459515357
352900334
87070463
267365459
874036359
745972332
549074642
49110839
467863376
672212804
861293208
343978557
991547074
238139085
912500847
682212677
670191277
105058208
419797897
848113004
637945227
195494640
401801638
85557659
197052036
573852525
227020721
932891428
733914367
697317626
678107095
136304304
67638816
62337374
511081258
801614264
217595478
744573757
98701368
821081126
371310453
329555683
395424633
532382828
671200291
289307757
221133980
42336893
565054034
955426265
681762996
81754155
528688530
655024298
17111607
336426441
771487415
139389919
223438030
820118414
14759596
191736587
270214051
304593865
714626095
621650289
35238073
640464103
491977939
110255938
554470501
603526483
351874655
692630156
915880287
722951590
512677949
508239252
665882708
624066909
113166786
424942910
841415352
106615090
166183634
151516681
963952361
104999767
268806588
773500831
958691528
901616051
109590337
341844586
792269023
165750101
107440236
874386675
877674793
341106460
101481965
357748304
142407253
722731913
187320486
200352680
194488312
792141855
456165363
319474324
310149647
730225802
719955749
445089582
361352023
684526168
262594155
434921600
565834956
783052038
870543265
496844797
413930893
364488782
574099607
42263693
686650896
522259172
501754739
924629764
567458845
642810629
590127338
904802290
715301291
354964837
905006660
635511744
572552086
50192491
679097222
6346625
727950947
713152372
635021780
194847767
373847310
750839807
121365067
84215786
900634416
761944320
619736276
637161108
706545186
86145764
217390952
921366305
56628355
168259577
145353102
834792700
785250615
156931825
698997469
936476680
454778069
37475195
683326287
298847281
731953281
638158569
915159810
753456455
813531216
996353417
352811794
751351588
129685216
606048845
953459401
857946895
498637210
1249537
753469934
799476870
832429977
240375210
599911669
126970754
164598669
808568111
785454769
882376898
292888484
305497537
470628134
92196736
318010914
878048358
71311410
426878844
463955616
646145560
72983315
186462560
213866346
391784017
822220932
997847004
110963059
925222085
757440557
109203669
510989926
776408518
867774572
421270964
248188396
612496605
5940075
765274227
374882521
166883713
127832121
549441007
340664970
247479648
50398178
965886378
489143898
961801762
66005768
718633439
103129979
750425510
318996924
984701913
308283995
982462691
789839051
702001423
37429223
439234908
554603999
764259581
730524027
464709557
705056160
917424049
985050804
255405295
720797951
750455471
629266601
365358452
952156989
696780141
485288032
60778526
938083
514038383
544418065
383926827
779329515
352528960
996615228
621207535
864744444
504432023
192025975
365865406
225634462
101927738
826373761
241269469
887979017
337325265
81642738
823807139
989932457
324228352
805701658
620895489
462809369
561128902
455896637
853091588
737568062
406174593
176046458
242210679
963430886
314460718
328240008
950468598
622878969
85456711
35739517
291861836
54215101
866695973
877671372
512672967
44503630
796167225
835281263
74720558
123096471
435092574
453051054
660412377
968057293
603611342
251838110
164459158
860635795
661494252
972996831
949056896
880148122
817549478
677215828
300603965
862711567
15703304
25138549
320380602
119015907
785685440
327157977
5470305
719968695
62839877
142191887
151169151
510959292
573615639
50158405
558811946
155402780
989009933
160708283
609067924
442076376
72362533
405661058
764105482
566998292
514898420
553601697
534620384
760195636
494590990
331049150
437514215
815136449
342708059
747532773
750169436
143981249
680038832
563584001
912462039
159813743
432767849
374340420
778659202
636904724
712461835
874445968
512474171
634029356
864847529
67127496
909448100
729335756
754174739
451964050
595287937
789820050
517219787
231231886
252937253
676194853
889173615
171233740
621257521
978966528
464137653
868307628
83998714
553346271
848608176
637709373
380836210
293905680
457777702
912723617
632074699
812379173
504076286
55132399
281931304
142645354
474313487
998488905
999144131
87621905
574286611
628403884
704988949
340132302
629198895
898503763
281191828
455162517
704163940
643842848
734348686
797654341
550271201
446282590
726741260
141300400
285086322
246626993
894288259
141215442
914896950
742322818
974665935
429598862
431646339
296492150
925866452
740625726
999851569
967625503
795905959
439553813
468135839
341615700
807904866
935284091
981493260
441977620
331131131
189791506
382507262
192271401
76114740
142196174
133203047
606878001
281061482
933496049
28948654
498617644
882041682
869322780
255123067
87068856
148492695
775223471
723010291
661492793
250003548
590705414
960542594
94087300
294175919
411119781
435628810
399015388
794995376
485377094
79132573
880141273
487290238
298427605
545191134
782269321
576135869
914337353
885387880
633452914
524955482
490124291
877113888
323626613
812553684
591714295
691390754
728378259
45103566
209986167
117325025
216935225
915133520
648782091
568380501
310081038
530596900
907479266
825532185
33355639
207686610
280963204
664765274
292531251
405242554
65291533
928771401
752622181
913338056
793981899
181259925
811185167
114107984
749647772
198876574
113154413
941973262
919953018
986917092
329940097
493998836
936842060
738309847
385615053
213563530
860509608
337742840
339968992
801852471
765488446
269442990
367064235
767746728
383587686
345704738
683205141
783430179
30789440
738657546
107492583
824298277
447219021
627605971
832307225
371539325
93188302
299798428
16309991
605428549
317274385
748114942
593303664
431256015
540708979
747686654
121508455
940694637
781778256
310150519
180510823
340453988
