524376891
980067415
793705355
524742158
445849783
765553517
707667323
563812644
23850237
108149442
981884619
657858242
522783613
453232313
901523370
462782916
644690729
185548016
810263494
413403951
222910264
435777654
745562457
71801846
281008044
559405075
705326055
829915177
963458469
71847720
931987704
198882142
922299169
148848420
531072172
216950745
143301200
10127497
56748985
697129215
278649624
553011070
569838720
610193697
446469735
490307454
88802501
758533003
685517973
100651675
315526821
602604243
359758477
615211210
848939624
836166538
405376739
567551679
905186282
961343800
290586900
587249782
121071293
266426753
83123311
228746605
988510122
792008358
104599666
951709328
50387988
775219670
527344912
464702743
287289627
577909134
685199084
77766020
625911928
9016706
635615901
621825212
113670304
921738733
35493981
4417962
700075627
168950457
53681549
433974477
161373682
927702926
267187299
772798008
972233713
542625047
478069685
332320835
71673104
367849001
331510400
261799506
979408845
870012405
93147783
234323899
805148777
481400150
699369957
606163887
564682391
323202690
602087371
273482574
328477719
353895455
657321502
795139026
151712050
508861466
958140554
213645163
686215810
441545713
506444045
218695522
718951538
652219117
926124490
473297201
803258947
450825745
21849580
369807717
176503240
652808310
152298249
118557634
345252313
161284329
617636381
856720924
883184138
3574566
334746498
755570368
300980977
201752759
336667730
320950460
642631083
926623233
677083213
744615586
430835785
41960986
605788027
470279466
631009013
786940342
456288749
921922557
777470185
7522265
341467901
943987367
266314388
49855560
444545063
13252622
916254441
833641293
778632733
345858677
431847496
25960653
946667721
420474514
714598428
219150312
880737951
472420999
967148412
956695105
326895784
520604009
24025350
638126589
322807091
937717603
363274469
508871918
584096088
614442075
919226309
97595296
743789667
543539875
261525058
899398346
501140241
158622711
500445670
809053070
306824964
819878540
27931349
536379917
918264344
827803097
905815522
481179461
513909705
582160086
369564987
147629254
195669207
909452473
109808303
486611585
282572994
851305555
341573836
542805569
652455994
295217325
364873291
484485127
891028487
641565445
974400701
909770436
775595386
969252540
459672136
139899041
701559466
543863299
489200745
889637217
67511913
853671328
874129448
877561072
648789667
281601106
209300727
997931341
185058609
959118101
1005710
4075933
382927094
119452238
664773815
174781873
180010677
1021778
752354369
255853461
625321256
975076736
455125381
603001511
421316910
543511947
504538986
815208423
596691781
376745966
989332230
36945588
62761949
295285861
652138493
831678012
725387706
967876660
293883032
239331078
379422312
97872360
67068140
267723778
757150632
351404992
844206797
658538839
564303021
751521301
740123746
601510186
170381430
367007276
593690603
313861933
950915996
815740579
958505399
319349819
879651163
653042702
622942000
195734771
292142679
456120919
267525372
622789392
411463080
127653480
628356052
726229963
679416859
991894664
9556055
690831705
910817473
719134170
361989645
677201448
467288654
827076393
882519770
164935219
830370695
45311644
973529053
523922119
163338347
835040993
241870732
81802944
896784653
270854313
959446287
670109242
332004879
377847555
589616659
596256746
685211407
446496231
983835355
537578282
650822050
895415495
782712925
423869241
709830894
513317323
592645618
608811036
897608716
403561818
791514919
403623129
776686973
304194380
401182372
124306904
30961952
27045476
352020848
706939238
708496514
29173371
28888878
5382460
220442637
717145769
773814419
608575500
168645404
750965892
554394632
613171441
255121359
640701818
178156988
882912651
840647156
485525475
412369678
776421958
274279045
413052175
714662041
880411791
827642021
683616514
11030809
167630838
83496740
516867682
900497134
434237248
752513961
756271495
962099547
15084491
606120324
200686068
324476807
609582526
270791264
521705309
337318733
77357546
438330542
120498905
881427171
580625945
779213010
764088870
845244582
425777867
504620337
229295847
360731879
813169495
226407703
215409414
993998137
775591377
698071362
27454868
928269713
282170395
251373296
960719614
469868254
398190923
811817008
273758606
251858498
150699583
480060570
570007419
878632579
977794759
292400761
656456873
266176384
205387211
689482115
509369582
555943019
663439474
597124582
29502503
318100690
161319361
629409844
795590738
450104009
941560555
674048490
361163025
720789085
884189357
779739104
733829593
725219544
40554771
955027363
962319737
936456469
193483269
890048720
687351268
109507144
727062396
376216242
26642618
659324724
634370522
592288022
979000386
244899807
561816080
973765256
554282963
967038128
99245353
923987803
277477749
957823903
256492467
712436380
433916671
325288996
258303869
310262104
95538906
680142138
383803582
166594381
297160784
222234911
302070597
698961019
323265807
652164458
480374630
55636148
213812208
981539850
215213932
443527036
585993737
589380428
133181599
205457276
524637272
905187507
871058275
860819341
648474695
448129044
718187130
496572571
654158894
983934699
734026933
883906724
600117042
712498854
959423001
942819784
416138035
294979762
791281485
213415848
89296965
405190294
977940894
117503287
25003747
811511294
894524363
292451492
945045785
54814723
57028111
191912930
885143558
226853766
621037504
62876167
400715956
686355238
340320061
935428348
533328608
556746315
362414077
960704933
609982912
86932029
17824301
802758271
954939647
111987670
190604994
115306865
476987259
66707996
167397735
597495281
331807990
703353232
637959356
454855272
985942597
396912089
433310792
345766717
154915196
603974822
35650362
485853973
980228779
518474829
399544909
321711081
941320732
890500257
614274342
116003545
968390331
719210920
449687741
750013180
615908767
346219223
158965817
464407076
319009291
366307535
71482267
481563284
427682050
660678174
561254413
883739513
951058399
680664068
111489727
858987568
897307234
681878752
406986670
872685826
186926773
450809259
200174492
583177676
739350522
392672502
646792961
641039532
437905380
990028860
906322364
706300017
904103615
361708393
625459188
700468079
998575313
549543727
433807416
482529682
652052269
906947474
172286533
620765442
700051772
526514854
739616396
639134565
104861296
450446144
445578232
515465005
147361634
223294128
904357290
851082806
52508801
212279878
912092538
376522946
928967192
216842232
358038111
463636295
394348269
657226959
164273133
791134984
481783076
631890466
582368537
445927008
541660495
312678499
240121693
861945190
710705980
426765665
689664798
786481131
410571047
59228825
26066571
686982249
1658339
911403730
300016694
111687078
307583651
871546581
501924556
835972704
177237975
201005280
503659651
948815355
391476519
680701721
895910685
350310375
632981612
880674426
500574481
881394699
672402618
118003808
29261787
431017859
290914139
158939718
272213393
168698212
955965063
410049092
318340186
219264407
910159343
859876955
142002166
15469597
613713041
12528386
648241320
387681358
909553261
104262834
205478152
915262106
208548158
930068472
150290680
603537913
934155756
505135219
944546911
451045889
146063000
404313120
359077596
183049257
415974837
995181286
956200808
815965093
910009680
645061108
394755120
303477206
611340932
352848198
967002979
293511970
906577233
983991286
244819153
538599109
463344103
840952000
963288846
314950518
688438218
106145264
194357326
589213825
541842920
868125741
26374140
863658073
427768371
888993670
398163419
444679054
766166394
297348066
622903548
817968278
353934524
741617837
419107186
36924015
262697348
757571066
255723242
749233713
332262248
241010967
719226044
81864810
812154953
685043330
732032683
739355418
989456457
823455636
858012618
216267103
949392242
763429231
131274824
108032086
456523159
672624185
727330081
217784627
639680546
138138072
306751420
727502025
627360440
352916013
402354167
967884756
735016536
545348935
501737091
68587936
107067336
640076052
445609508
831315079
521032886
961924123
163385156
707811094
932370234
275393943
177679319
194202684
130711560
340496969
66007824
887542436
637944395
668746484
211724849
296199739
867271930
16330784
871337439
115154442
651735701
976863434
406179088
561815530
834571459
861703709
403649135
820742856
974966524
172676455
630892584
824910295
30461711
262897878
545989426
634881427
500478856
919891015
448921748
289515090
589085802
177534525
666531885
583873625
5883765
986645467
282068656
239356252
560545406
441390380
579650149
638601220
98249003
75033865
993684486
852257006
68294979
178893870
956308345
169847412
734118609
897084412
897016342
301447123
84676939
646898107
711423546
673960942
310401539
878403136
359155686
680348224
89586792
221938567
528604299
318221930
501253384
969957935
582239221
220450582
477230683
746579688
313525933
709983865
297331933
155825304
150973868
976585771
695396243
312172390
920060269
693686744
532326918
737858643
534146388
458889138
374255193
825176757
816566503
290497170
595348579
778123156
905444325
772367843
881036106
802225767
163437671
851182085
243850752
242643666
83528860
230198295
542095688
420528555
679807730
745141587
484628441
3615005
5397213
376175853
910226376
568502920
744483333
52724381
995336087
625469924
333692837
960077475
898588428
213985699
136542857
509112695
420524310
451280068
557865413
414297415
477911703
690476982
354682614
470212386
270103650
215999883
56809743
81276653
118228838
368127595
134154842
580176832
599414889
505136727
741016832
363771747
86571816
834836318
579347842
176714698
875642514
468144983
436449772
616851815
834054658
479076761
71152759
28830442
33541887
50694402
302472216
886037583
283662099
763568421
496403160
808896844
147658246
469081331
397219645
298635123
122959781
596740433
805476169
853726501
710470745
879557554
508996328
833941763
967676640
202404983
74407169
175099452
55983735
42151510
917704282
370201427
907140145
409394989
289727208
413664535
72056176
850454102
24862944
254898399
873346743
633576517
85441380
596032852
334983885
322034159
175039211
576520315
517427430
755056503
356561684
284768899
625186471
239881288
753048109
665032931
594592747
655800294
416017950
336784083
308808836
387249762
486137491
252797123
494694622
638297207
847955967
191265056
992247956
797125594
955470820
94822109
40079051
354878108
304178451
700603920
975229568
678261047
799566217
193764611
235355536
799337359
5083181
213845077
277686138
624212693
215303530
884724558
731145531
347660946
115392641
974503673
920613572
3244049
620613341
688017107
517641117
998000897
911378599
841813152
345804917
232514820
99433307
751903761
53796135
859103572
528895218
508203286
974651984
904042648
654436849
379791366
52158387
502126251
288898967
663556994
983652943
382463485
884033609
15932102
770437621
882275420
865805271
586055697
660506350
35279494
404236131
955940301
282927061
682753290
69702513
342443532
324749096
630938761
325110840
104575520
580815123
321899797
759747136
42749389
660052953
393129541
389924675
297472734
835964375
37151394
634916880
692784950
829592101
860941910
426638094
121536749
443979019
566808297
367809807
542379314
41884095
101509561
252982542
239583003
489539273
325783020
415654784
275087774
185104963
870558807
328987982
100623641
281427483
675557730
55136431
569352495
914886331
694235575
397196425
359693459
195523428
495535679
869354684
208317669
305644135
569312931
784195431
657316275
847963319
15252840
520476608
497346248
647575754
608706293
103707927
200027779
72643483
808747694
158226603
762201947
805166786
337873901
547027763
748625638
795226503
552478514
434057162
332666777
362632821
979809608
155832061
702690707
891613930
977639969
538790202
409284517
79732408
47017410
984725119
246607220
140943924
364453765
749766602
544562065
725696010
794536051
7381147
869370351
723295555
995030708
279602202
323974718
205583083
173173002
193700487
765660851
292435461
784500885
998811169
447326559
353426067
920734632
411661466
920301864
366057307
120794184
220260643
374472152
606045018
709711230
10213716
773404998
564420643
170958386
975422091
928357710
174982473
379406059
653280772
121678556
966116244
128476550
135538560
501214735
940419099
33587203
334588178
509358027
142777910
60846519
176310467
81691738
55247995
455886125
373596974
693706336
386660536
49602573
962847267
711946732
664428973
864468029
838381049
89742765
241177545
89574797
718858254
50964923
884182127
207334788
531954827
526234705
464676992
132449358
193734823
338353218
735685916
638742465
613689986
324555494
502097957
874448900
711450430
239990211
947038666
224175598
751187280
881877747
59866390
957428901
93506829
112862017
935242428
307798440
29650417
300506277
968714282
515848782
471073607
413754465
930934452
321265343
192781402
434255150
945206096
800607786
924997551
851961222
17573035
530818015
8923582
546984751
822238880
539380509
891751184
891398243
319989356
884074640
993612060
1097280
522988942
223169424
655693291
762918226
604098727
29888431
900873862
577586907
163720005
386337861
654222645
450623362
583626665
807559547
691306848
821827289
393965277
544804502
50328335
180484815
344244529
612245913
647224514
475693630
95834613
314833573
481696017
963646663
464136075
115456915
142528079
366974794
708287322
863477333
628897218
981575519
426919250
94422896
536981778
367205359
919093750
162442578
504884729
924566842
491235111
753084968
97760953
537570452
148736289
98125749
853770776
187853482
949614832
431509020
352959382
707777020
857820035
995578735
196763905
465231344
251274040
80009945
747346001
932563278
733344333
659977238
771537814
534830456
646913644
405490923
828254340
348759940
838467527
181174312
618746130
926015944
47567333
409049714
81755207
912021540
795808074
639861161
503189649
418032455
640017679
333154274
298948010
386810080
255177099
149554026
177391566
240761630
256893655
560080278
851246954
992329675
978383382
536073376
786842261
511540702
198939522
292069625
668245576
140603262
178595771
785223770
494314607
763229601
756506836
393018082
507305311
801159906
762848153
774827538
890258266
541113952
86882783
197743925
88705915
859554981
991956793
698049964
621258929
729559644
540281568
319741922
18695895
63545821
54204059
881868924
53117042
932503173
972165266
13421739
937689424
386579914
425548120
272280510
43560136
476646135
755187553
420156541
828096495
717921219
942528236
428896958
578135665
738280515
930158494
786724395
543614862
342205074
252765211
494005207
956282296
330273942
191474478
876384809
676330853
132196389
862854461
829867088
127978131
931457743
745700307
665178833
246626699
186825081
165220150
85642043
368693980
730921772
244665225
90449815
809943176
37197433
362121280
345134381
90239618
914839371
36452190
213193121
536502326
177084371
588291931
467647540
560937413
207811121
148146854
107611323
894872888
530450373
415258730
317613276
823913684
705347063
286681829
786690529
966567414
410567992
646905936
417602858
85180255
188529547
414552248
605760212
556144610
113935402
281830341
531065941
658681934
130898116
98688997
369822945
647564554
50992567
454031940
909378342
157863414
261063189
114527255
328547456
493795147
988182521
67316049
342396654
239345302
180605026
648674914
764252593
804180058
115146772
439637350
737097747
628037653
203692053
83697705
455916079
454517756
231251636
444557807
727403007
596555470
576744484
344887942
799708250
436545513
621025077
925711242
924040676
258771395
336349762
276037890
327315141
282106049
790165919
958901642
935129691
68122286
616191836
67353800
889596351
710465252
908498047
484218304
231926802
78376691
359285229
591917542
60543817
735528191
191334077
59979855
847718673
733180985
611973325
216027326
628314157
322677811
973834937
395316971
444209707
501566894
948325338
511337477
996347783
231014962
167456152
930802669
368427005
113985474
548991148
5762891
675660144
307967819
673124388
410375474
374698067
9556339
963285135
325136768
911108099
976702929
827584558
274842655
690342300
73667451
489699405
534704241
519212250
218540707
663922075
953565944
116951121
435744009
657967204
435705195
472352708
40781065
933189989
906857847
235698249
45256223
365895863
847649567
92972237
252761813
844540204
461154516
161234938
483968132
378702551
149646439
827844873
287704724
29146592
915354807
683826125
665541482
938437370
648804371
133538222
423960397
942220162
269436283
231164036
57884278
272860057
281191769
657522015
380712211
182619163
94331567
667447660
716792529
123266485
570706027
425786186
761967181
117716236
983096596
84005845
98721274
140299376
8223871
312577172
616343509
857851522
441604423
984149838
791748016
154265281
880660655
912497508
398827534
51777961
304643000
697363481
214168147
382903907
498184481
144239755
210792206
633107353
351217768
57931276
404635225
654084730
243713567
941822490
406601383
582444380
136403778
478707187
509042922
865032192
950517874
918149446
876873513
871572884
103696510
973946811
185063010
193816947
316642857
833620477
675278668
591066269
757501988
177122618
668690885
911283811
552817806
949876110
764956963
247844883
753933681
596771684
431625515
34372910
866935528
230977991
112871497
618621114
941483677
922784150
193896803
179673454
447301761
917568186
934540979
261441759
804471327
194067837
930749411
673707784
930275834
510535809
990328895
709972539
890156322
400263662
457875549
587105839
549062657
394650782
385310919
407682316
428334693
599357775
205786648
654705879
105296670
187558683
395299975
381920956
683800277
851260993
915229324
103405962
507103172
646871279
667711034
131364701
251249214
452733696
84332214
429664957
99896426
816075520
301220868
211653486
14992205
760203273
657448856
628113745
402419656
678175166
240183927
222223039
98807680
512699802
490278271
317639061
836778693
873215844
152931546
828899134
752476009
513042024
702911240
665363653
665531720
652379542
424236372
750931852
891117366
235325904
566261190
770414707
670218196
579473734
870272201
675159989
270633398
823264578
816739216
322358823
830641343
924197927
147765342
803165256
522747072
84467338
522354444
309219920
923881850
330841615
327901624
765431791
920026252
675419621
972593512
965890408
480246868
265871305
183543899
31820251
307898087
320258869
230791041
530367674
521059480
774324739
133382684
851435355
935271967
260519352
271875658
654132464
905595809
20518853
983481695
520390502
800923882
320865786
705784870
47556892
988796024
61899546
567079902
123103539
339800864
485725174
179383297
860477729
149379819
624468182
946359660
541122590
58017853
810765046
751319635
907345015
642132457
116087779
869228191
633622553
474756116
322668721
176938509
94000330
133931929
704266307
405838277
824504045
769915629
925860460
561483436
722420540
566310225
723824068
633245601
9002881
75892013
177380865
96430063
394245684
509286512
275897477
584687331
930865004
519143211
669690666
485737731
450615003
684927888
443744991
703775207
770564738
881604923
410428003
323480300
326436183
476848202
340145322
383565725
18381713
27260438
451000278
698715012
382196531
538219011
485572938
979756914
632451878
438391290
895354874
275557532
757339281
983803009
384493165
957463803
661049342
310810717
438204993
957016776
170086104
968878459
159539188
414662756
761742974
637401935
971799541
78990233
890413261
840581132
204857978
121875654
349819110
250438981
801028466
363561139
384068765
824242462
379768470
342689561
656064889
762874569
181134984
624818632
919483976
517829869
316907468
520471692
321566707
966182739
569938162
496740896
650064927
588409326
471244018
228246773
21725351
754207467
663074101
610072238
371685318
563070903
152850056
427788944
87888355
751192914
336811836
749545441
752867628
295182998
220256351
18638765
886278458
444413014
336744269
800782668
435354068
482867775
623945752
708802311
605217017
193084762
140653719
231449718
789354079
501655580
118646257
307165042
722582572
848317210
424549606
210578446
314884631
918814638
21765752
872343639
435346974
33639133
817990810
569958228
953457802
491253171
106546411
623399816
301117232
285010572
128054133
325838777
816873471
723406355
758398340
162719591
425486610
564431824
616060714
52262309
171519206
138730289
616916496
564661598
54815324
401735704
335853547
536049587
923136788
485176762
968789645
809037508
357919580
788160262
617874307
843198056
506042794
800428536
516508591
100551395
440256919
498502870
5787647
883119567
344336501
338142910
387316436
47055716
815175654
119163816
237069604
829489974
624657577
860778031
658161727
939509740
485940307
57141773
760704274
952312896
244087528
30403779
55609478
332225948
673487862
626818811
143422752
332106449
352367194
730693959
264275328
200228197
403024313
739446880
619672971
646681843
213959071
298783653
50788690
727437951
279587822
16053170
592944039
94207464
325547241
326594324
796789865
329842820
461830201
764922431
506774348
115834373
364982906
42553848
518149095
709446298
461205990
26408441
619222142
62828191
643659102
116984205
467183751
799832934
484775238
333569570
244727731
242613795
822229637
391809292
67764545
576324648
815376875
220765820
378980739
403044057
212737963
443932736
926721108
126373209
833441271
256646102
791652956
658272619
691448445
271896206
399565649
192807831
971434832
173520341
917612285
260540929
359113607
127512984
275673678
810644252
585056918
139768964
407416553
944156399
222116028
485449313
547781091
899375097
978365505
273083698
7876522
414310501
394653628
803813119
411123035
821208123
852615609
687986820
528947262
86921227
835523066
458425542
933186780
264401725
83870726
614907040
189359232
784544425
674014421
706237893
296376868
798161004
290131324
670664725
760559790
524930348
823346789
635185319
178478807
483521525
900632090
588556794
350240427
491893098
14555979
210158853
756312760
918306829
206247698
168718387
490525356
516942346
377628711
701030459
334034516
758925292
115759392
976499165
387412655
751795072
152816795
505373900
50500532
584418396
775743384
13410386
803845525
726389654
380383313
829665013
218223164
348576899
56881007
990087240
805593381
633677137
146540249
150505460
505480476
294182400
670254501
865511628
68278350
364524996
715773200
782569621
679706595
536207292
863508449
924422088
193546254
210257442
70342307
27887890
936454777
691649557
874472714
201288024
610365486
224844293
127535870
749901647
469065400
595173256
449405710
946586338
903964982
795642393
321627805
262507820
795257383
705605247
225473130
577191888
507332275
265773033
531413354
406578039
670307428
596226630
16387935
785326305
920049855
931001242
445548703
653826519
920170903
117783143
679533462
632889427
12625557
631358488
458506752
880391231
870234028
867578608
552908482
272182405
551832318
819928999
193206663
795057580
260541919
840751951
725413287
744665984
96580988
465947234
966545740
220046042
945118192
202820726
299047259
22077818
705545329
773058647
709595433
344626937
979208062
69420541
573287654
213401287
530810504
790836516
321952958
318036960
617783815
630213293
500999407
735025400
446485514
793067600
802024889
53623526
455449361
330775233
62090450
495503862
947527364
732225205
313803172
282699387
381478163
939127817
512016926
447492097
541234836
118406108
428436686
842029328
399280518
998987287
209702537
365900218
662090932
539198340
154874072
116507170
630066052
286048091
262050318
898471618
33206948
172581472
29259489
276142104
792733423
142855582
826411051
309763404
486797317
374253968
46186211
298940368
117672440
973244286
113364785
111069415
595286654
361326366
256176733
61598452
385795382
586543955
81588015
442542651
335022595
922855696
152465194
925803072
972305069
409992525
370847002
697477425
821959156
498538831
271701301
216051584
739181259
685566992
110167595
224456758
555077862
517709414
604790269
726395285
553421449
270960983
396352468
301535768
841782750
58752429
634406608
797978171
769174131
466120584
74348362
501753114
83025293
797729510
375612631
768810558
209481962
975709053
586734058
184865701
871361936
988291750
549405125
880291220
909488478
183089702
620263550
610203678
63310624
757567896
988923484
524824278
705754315
417433327
371384278
609002062
191957614
715627736
273030116
395469283
17972065
159128145
862352579
542317256
747681639
209573110
52904562
150592346
655529024
599084861
988208484
240561469
823408165
878262141
358753951
625015248
414340901
333270984
147467430
866520736
645218224
87066670
93397090
221189759
105379106
373621869
70491636
86875388
194947761
822586172
725129464
21939567
203275174
451752881
174264918
885082394
518829490
997156463
126825387
552810679
549822302
105807521
375242110
949815215
83000682
578838175
284653125
406689747
140274223
726103334
58033112
204281608
137856989
841131321
9843723
988272617
628932057
94055027
9829516
421999925
96414830
163842087
241979207
405477054
400125820
478836479
222756355
218495001
78212687
495621072
348428501
672854898
955968668
248238095
360156696
869742930
595867590
928296593
162960574
779912344
77886759
439560451
52291720
348888132
817971913
391835976
951831215
344531094
762309530
368199806
120729077
40450465
592988592
601000348
480253220
405408035
893566373
844249587
603564378
803773092
399233448
912026417
393411992
802903096
855711949
573624711
739126396
840541299
358548902
129402592
931598509
527751829
593326615
548310054
707686506
216294668
26906325
613486993
368319271
146196822
576534648
689387032
903611551
964512719
415482982
574256347
8300085
423272324
228743050
457463584
422451206
979767075
841343378
318669361
4862573
319593670
965790853
570384603
686231517
953381599
433848499
126388265
603805264
476005409
252989870
166366785
554822567
895188718
416003446
773719626
977134153
226352976
73650082
395334866
156620380
593542447
295698410
945282607
802403542
302931322
699731565
177904611
579117006
443443131
216438781
604480453
87817812
771704636
8147712
513888566
551984689
940651662
814035419
738543991
473854434
452120071
865885439
617693413
277071024
402592134
717710035
115310268
161485549
524863307
80065036
954265772
157199683
869063888
335464615
527671310
712726212
441185081
293417766
196249455
189150047
911038309
343578816
764626963
841712693
143162000
855820424
291147809
831322666
284849561
336736727
867670003
93506358
938443522
28966461
686963817
300657984
430541527
463539134
360601609
687586070
833200548
623587040
721755993
2811150
97656165
98658803
640538177
205059978
58042123
315717822
896110238
785644840
990698396
999541289
267338814
696416047
893620917
461584464
417551466
409206757
36823245
906305486
44185766
404358324
137469818
490056311
434294446
864240336
180523894
650247185
500409953
129820148
577659063
767769542
768862407
671819281
687350181
816067855
48600018
48392769
890924996
625975212
596322835
633658128
271974288
304992564
709433477
847301691
658437939
452640692
812710883
813592461
733500314
553968646
572879132
465837150
479652353
812549471
882362971
714935689
159372930
381996327
624139942
766484802
299789754
356004292
669254609
115671528
426480963
340725841
543664368
926348848
632551042
549801604
107817302
448683744
528243168
227658055
368877909
988556855
530732574
215088971
631453969
959332498
325087924
529872957
337997871
791487626
705246229
259480370
862388248
124877056
543575026
440699846
294935610
998313754
553508852
121024830
952882785
532284222
300211879
105805729
208063846
187551066
950511387
975997391
927085647
57831993
66515641
155961651
87177236
415799488
639552704
231541765
789021134
121451955
596620322
656112067
912939406
842627672
301792598
313883615
326719641
152730831
613016134
546339060
135801174
175439816
885854793
404507740
605931805
356257749
944338949
960701688
287531735
375207101
631919342
905684254
903157539
801398970
20515586
606396424
425627273
438146106
625421263
226606842
793992926
558514847
34029142
39867871
871708284
695945541
843133656
106221332
43816017
648068352
379947292
821190257
493820700
67363892
14095071
218722722
739088578
997571258
437055691
631331498
373239917
60905024
650989462
538392535
243068388
661395489
163598422
898680922
985241961
671446555
681592956
73312678
163269887
673463144
13792240
613263418
2501130
883638624
522603183
205136912
218410390
163955425
850630450
910300867
679916564
522940594
585333894
965056664
477074634
968085104
974394806
780092371
85473186
93651448
209850975
467274843
556910252
936531756
597009408
175200780
922285247
476645194
164239015
910170645
627755738
741019275
364771604
52141247
538491167
588237560
489259254
807376377
310104200
601699987
424000007
463300672
661786571
746793457
54939274
415562703
607141235
649190063
452384919
915660402
791140971
131361885
288954396
878344242
946999165
819336602
324198704
88778510
11872174
885548018
46363124
754972465
822785031
814005442
757166159
241040267
103684071
488033118
833875618
89326490
732277439
966587506
641770387
886701130
552765141
445910855
676056702
119355886
139090584
910530830
108434388
960101769
705629487
272483794
835860869
881368741
960159396
282153561
135089775
45038671
312320043
948710332
939029746
544136763
534498530
618593654
829977953
292824344
890430380
456695630
863925364
255512634
640841926
762362776
255034781
250869920
47343821
650451231
375295360
287917322
750742942
764843757
431027738
774946622
269765458
278711432
258068136
871736173
575578699
764384211
51988300
604403715
491535452
467362908
606114124
569288394
935092811
29216275
879624783
175629986
870229261
228246941
533356059
76340957
494764120
791694339
412329332
947182674
413825293
477390710
889799191
247328256
500875125
429865463
94445271
204882656
247574262
863791358
733748892
556587887
432190556
565554496
835993401
531044495
542809774
740644005
161925983
243312229
57627882
429074784
613978506
895341738
292283923
30190272
56435626
436438771
562229848
89398015
391848938
685392356
136965970
93207171
247365769
477883997
657246477
267880892
736877348
265803325
664675319
794517420
656118660
872288047
717591453
115933582
668405299
347594262
632061561
29259263
37770510
174663047
777438458
727837831
707335076
665291617
465493819
626669381
633987748
20105740
143403457
557306056
329901352
78275657
758123322
239518875
18598876
684145378
495587996
985364559
112809155
718256385
219902465
692798352
610915531
892198394
688042573
386556485
153066811
332595963
692581234
600806316
699342085
963879879
996290636
450169577
12669413
51721966
466580017
265107901
723101396
896032155
430766278
242513502
716136879
496757959
481972016
557617425
335106291
289913500
860895426
858377750
337311879
831136385
810526358
721664725
9275383
535548170
250543388
953884621
927447142
841736442
465793756
630046856
532453074
730985037
214922649
692582744
95248636
211899645
975853193
425939210
198227907
842153330
481521928
986868035
628463681
749599237
38892681
427911175
792350371
845693456
550876993
443686356
933647913
991795920
789569030
725087321
940282158
360930345
287810864
290760992
796573490
227783003
893238864
526540755
679796206
653029312
768601038
65344971
306306301
493422086
219318723
854954561
993126843
947868484
942238029
880924085
282905729
155432352
76048114
38459466
234879441
406158072
568468467
352577354
914326621
840259176
388926859
412858276
363644422
810883612
418515757
363431529
245523973
919481172
361551295
20508566
488711015
538595619
296239445
282360109
593127912
185984362
982213691
643596587
542313284
815324158
206283952
943100535
960260041
333185749
917183110
56422036
876864709
883992934
391273745
868742322
372318126
53197530
2921708
806418981
999661985
482700985
254880000
40368528
730612414
130638615
952922429
337231584
358613969
508522358
853632690
770823795
391582184
31324642
2537938
385069775
575060818
558321379
265179132
706058256
371674276
370770585
766136083
88426435
618109690
130502085
6776961
698495871
536123871
425760013
318503285
438676225
675282036
712473907
177618305
449591693
906312213
406595100
759604946
7073502
108441721
81182462
18765701
789698477
256233854
781626765
901160001
29310474
208131488
478016506
814153087
982133200
161981786
309279811
938480074
769339379
15902717
40417825
721017652
951680064
980791477
203197208
155743039
271688479
472315527
861917774
13125492
839521853
139224170
97101581
38700719
749244445
772463734
910179523
534905249
487642726
175520468
807334293
876675896
969322421
490569754
753798911
151255843
511398756
686797630
82334603
798749549
958876040
134313846
723749479
915053861
332513370
820587923
888147265
859573731
71440339
566568767
43404699
88352721
272459276
307142789
367748184
416164004
660106133
160115992
736082471
404128069
829852930
647425116
793077525
269628413
975252479
419269238
794667066
205698223
81350615
750940220
411782179
42607504
75871023
833778580
926139451
702791326
569072000
693401234
995587869
547548334
17294626
996774101
433464271
178599085
593089740
573992563
281425329
982683483
889109088
538426125
934167392
538645739
491152416
633911349
219826719
102431550
535368708
677365044
144714325
564513774
166077603
966491035
945672754
387657226
637602059
266927986
306518919
674445348
827492457
560193163
804955103
757355054
793028803
384919897
306829706
642443475
982448528
609891978
489927357
949479210
558748195
70617814
305734684
912595495
338575111
825527859
855960974
823726293
533329486
847725496
331176864
462697446
75009966
832565113
621905741
476338405
410764336
660033666
623623442
743852014
144820272
924743325
631956370
136162537
57383400
612520786
691256223
988217980
283942892
235512549
162646521
579837191
991961261
889997914
861920629
566606436
620194586
437398115
897481008
857617357
429441177
635475485
662693489
680090965
749004790
710066702
302489629
628737285
871284521
198819429
233079027
676763784
364539856
236556259
762530403
466300516
393082781
673672192
887943869
759556649
960568663
197337117
347042363
600766287
621550374
167221228
520815371
156683383
767136951
734202930
509425241
731238700
606433540
101373939
367782504
635956405
404786500
134949699
551637585
653818785
183353700
57232151
431920802
745933680
512757335
309365404
227976783
945733694
54633019
916328712
328246643
995186326
429098916
543116747
314519569
908042885
946664105
589900452
751223296
142687180
19946306
319974736
909146368
78142060
365882446
520445559
560769399
581108196
970718227
136364338
495946131
282763807
825668998
402113087
761620877
443161971
204632090
455718464
727936617
516096005
285758385
470320296
28220301
694122965
733265817
255464249
525991993
184377334
840565192
96280899
106981946
929492524
798194341
758598281
248823904
666529420
374044414
91686876
480845480
278184017
579662198
522783480
596965121
221090093
85179775
408408850
830133504
386345567
696300579
829133993
951129496
891953866
346770194
584154737
603302018
492648551
241340633
526183769
127457022
383245959
228655522
434672621
559317051
976324919
292588298
86440595
139836586
161374106
947673954
480834479
371371449
759590396
557545842
166841008
304006138
387338982
376502158
678313711
266915779
475050299
101329167
370889250
399009422
805259393
588081112
422063585
560952767
520595784
383325147
102959104
627948894
823427123
922038240
656082326
980731647
281866695
159348801
446567448
446487759
972499764
702548051
892711360
669113908
3565444
39166722
542242022
528166862
526432992
147991980
810376890
298700618
905405528
541613691
655583317
289947860
41592399
577618980
164510141
65946442
122802491
473565227
342619762
746764123
232733349
785468008
502458533
33200481
847573189
224052818
911733722
271938495
520206475
736282082
851925526
124108873
376313533
312173094
213563603
15054293
488643303
409580081
771735854
964043381
210370368
715604991
470156649
968231005
860895856
969875053
923397451
909650257
255355934
199985092
798828323
722760119
736030682
34504109
343541279
648597755
751351979
3573516
590603320
277484367
351756120
323052015
245416379
261611721
722789592
589919164
400192651
201597453
248591347
483538482
573462868
258765836
798780044
209582203
764848138
935117819
673428610
936755167
829591474
78022665
445327454
106185197
182933627
756308369
114873007
347370848
30180074
688259115
393739455
861711422
39945055
562017776
342881971
238874275
588250297
328249049
213503940
278359358
547747735
994913734
909507880
836925094
244453671
558860898
419963733
224819398
692412020
733880405
376243628
108462106
923220446
143329870
839814022
772559489
559314889
89357667
111432925
916985919
892437837
541280724
74946678
68151431
352722406
553725671
317011110
704482609
811417028
538997145
603506776
526217949
775444677
303601797
647156200
487097264
609652448
2587912
250656017
72407670
611513401
271133463
314186430
423122830
854910158
312451042
709720482
201862382
600114156
328026144
50134069
628000595
190313168
351571588
946339923
69842791
844275443
877400178
346874685
995769458
263216348
661622980
477967334
336727553
715346019
991810649
275304559
724967618
296223074
217184039
637464551
265018106
997762637
970723582
720210620
68674297
505315066
883132232
469580193
914591052
968331045
44622563
925026641
743193805
553629629
478704107
172788050
146075609
158841782
650034434
149151363
317422268
167476642
461357671
526313158
341266875
26654216
613464781
647713155
356318106
789445865
550968086
144696831
978272947
158256295
696358961
785068827
318235553
399131814
123229420
794872143
812696176
302878783
329062362
836965546
251978532
514613086
516307035
708597958
270542571
1384663
116759966
100304808
526696560
125180538
10769878
965987769
71728949
888340708
233980133
983303058
303236681
334379089
290619786
937097707
484651127
758095087
178623291
727660133
98178763
579405196
43499120
459701448
796207508
978875771
81250295
527178112
639907102
488354323
753735513
756933750
945020236
40715472
793666717
660043421
805282761
672319166
137333007
55441110
269309578
610066080
822596624
735606436
649219472
743525124
145196323
462654505
117589404
597026970
453251190
854838026
66192004
805270248
841107706
497126978
539803868
739794261
421002726
715896582
518205515
484686433
625154465
923678963
366905774
515912163
544858554
135156949
874861253
959287442
34296359
612935096
561795507
491946410
625007610
440651821
53923108
505880287
360966684
777165256
392265460
738923580
753091643
733847416
462625862
517674743
766279805
393371018
648951154
586710503
442129704
260046542
665822615
229026662
104100088
606018969
467121603
495352908
158326609
337369306
723540532
627543802
853110741
606780381
945620708
62346682
656586069
117546487
990892887
694852487
412989713
254229726
577203827
17268095
820898732
733106542
592328813
574183560
558700608
394840941
805132933
917417285
54258648
524634586
758373971
556459273
656814446
779686240
926502979
347328505
243599966
38833543
318714963
128050859
532678652
716734156
807343411
794900988
239052431
696108479
394217657
128433305
257695615
994450975
84278758
276642563
727618950
643137956
496888075
809352845
793504730
145056369
396823680
632368393
164017022
670041795
812116972
443462936
106718997
812417236
783553446
967060386
142593993
663241073
572911933
873803848
656311731
275499793
582098864
292396109
794583483
308248491
989922114
803256810
521370986
938358059
770318200
805371886
760324966
628672853
526261497
584955482
548554270
169339144
655357865
357056592
687858393
565935481
514415623
392655601
459952599
231847347
745023505
474878153
388085299
939608303
960539012
750574816
191640497
662214733
427617
132556829
285115628
387733102
254229019
629507997
603430260
629144751
279500863
332213573
286221073
824367508
575450666
482795190
325306749
654528549
676737682
869264993
130248914
215302376
541333330
772616949
27815457
556599056
436694024
275559075
444648469
895934389
22739219
671953547
440669657
901182408
105200274
70467488
902138568
918979601
310731226
596737628
774371146
920630283
48561214
100334439
61446676
594974677
454938428
35600388
20372137
354814078
691812478
618861277
812979064
990225745
286335621
756395336
411719465
628702072
248940796
834184006
650132540
732747422
69100186
472594419
409106388
225018694
868131276
932354161
523787755
360774434
103574974
795505841
325482077
27922593
445731950
328095572
40402249
880205672
205622465
844308641
54699168
171124164
423525994
3533095
735523728
388143873
533735166
396181561
746403024
8118494
385068141
42636273
179239028
679268375
123465715
751213164
983131605
674560800
339374783
495706882
979358247
622679369
516566486
840298757
730936198
699754793
182281906
163230809
457824107
869664961
71606547
406411510
432757328
31197206
254936101
973991906
45126884
975201009
715636867
669237865
166490531
880494036
180980048
841306686
245407150
493918653
263875088
719184804
52710094
462873415
991837031
26885724
43380147
704945360
734354953
680175413
754733641
758904279
378947447
321341131
626838245
937846508
850970736
267425802
894924123
12461179
731401024
10071588
960244576
533713430
511806868
404427890
674548207
21382982
797398552
836945528
934565526
890360187
683240679
905723954
238961218
903098546
49510386
255334291
690128641
613237333
529919877
349129929
638830074
820483765
460003696
798339316
871161219
670478383
336166184
496631277
362421477
210270042
938305250
819774862
122479415
467972027
617166013
368634971
983534749
122249261
203935212
261892462
252102407
553176101
91711053
107262553
791749747
487706680
365950117
985201789
281899758
795081500
175829148
76440021
534631112
980543380
482775999
119792435
194040162
295463532
93933441
888216469
401433670
468792141
650298183
982842633
563642791
404355539
857265197
916817908
759340746
402976279
911964555
69833177
637571404
132014096
622469117
204778563
462505351
852650629
316128213
769371991
573102458
576280536
12610464
650689072
161135076
173910670
761717044
367764805
24920386
871808287
291250196
688180565
155876074
24007825
989140744
482785935
215545937
449361528
647948248
742412588
548234116
30905221
823469205
306497064
929840667
137966767
497913761
505418552
32086691
318287737
245838484
955209271
359618868
755318578
959846477
530025913
891016285
833181524
640633966
429410191
146719023
938471386
114395373
120120498
684405037
977704588
431643848
79011137
824864038
786186878
952447553
496893157
789450762
326603245
844890679
887276615
264588581
32049983
814571481
472266520
676473996
45262769
41533793
780010310
284556592
222704490
16709378
169309274
194264701
313950678
524756244
831208762
227846467
565234322
467147233
674885873
436568617
301738806
865002671
156773662
758581700
775915935
451014547
579560943
595579052
167595254
897923280
167457854
156933147
347545512
794199444
491331073
419032973
653667315
254935214
889661016
68052925
446056082
45650954
200929692
484256813
192496258
483415572
320532737
174057997
109202464
824003923
52881640
159989651
366837748
752597807
17679107
364803750
181723702
838160675
490824593
400203493
797259816
800042975
592337555
331024421
350787282
453290048
84772003
563980867
441667840
397034205
250441381
680661016
501756958
908242905
699749087
587097829
815539055
842109127
693306140
271270719
764741095
866468366
44828841
190941955
686363265
151855414
588423352
617745703
311005288
933235064
992407217
739855024
649753849
578897964
45017819
934523130
779291662
745123970
399601567
133622194
970913378
883215535
562147314
693209214
175904301
654110515
425326622
22709539
696810436
842426776
292230035
807613685
23261179
378135233
751728302
326265978
92238954
554220916
457029957
900311191
538818457
198182838
855321242
251864831
197000487
770895331
884259480
561565678
754183234
550178177
231179836
300926800
618143316
311533790
885398623
261325177
851489018
983293482
501049300
126736630
38559085
309266759
180819364
983445417
366434869
843706900
172966708
915111826
354839688
632008879
394114006
33802325
62391821
575222197
174462284
209809722
381856672
264752387
706219822
895420760
248470436
605200854
102355063
856098152
857621613
586624810
48947295
473294232
394753348
524519788
738516386
959967046
881251879
606297094
228675911
949977218
209276903
626705025
876061962
881236851
825852325
490135184
51018475
182810550
613584889
308721949
530945968
5577293
108817712
722132776
122371082
843193728
19554929
113896797
708473438
110115778
16350628
396222294
841973577
561061672
3243483
893074351
56245450
99022371
435445825
503766047
753444381
59070487
874029814
201726912
530632451
569033530
915587563
390870581
861292142
998969526
900106700
145598194
85929073
971429289
93542950
391908283
19184021
814261372
270768948
775367164
88446320
632866648
540807420
548094631
140110606
204937705
75799562
943190966
199924695
161846351
578727873
521703908
693425999
357433783
303382308
589749381
93738525
468516939
116334025
581478094
588866398
991219118
883560284
573126450
346472217
289177742
773073288
685662708
451240830
720110178
698636737
272897115
750237536
16862400
792631343
705458649
750978822
228038555
52053266
323570678
643944158
662192772
205619899
878475395
100542777
413350083
276294347
615543305
123294336
117230468
245735921
407010762
244930569
638463543
764390780
637121636
325635090
298053324
256053135
300904800
838973428
247166119
481664162
659494703
987471243
702782126
829071587
17017699
311079435
299175562
171469468
383470045
538765734
227026622
636722000
470672300
771272111
870996516
714438879
927207842
789769642
694634247
20807548
130420859
319116393
938794838
742785612
865203692
601115450
547113743
338594294
506362424
88379702
789560520
559001099
237899389
540814331
860050751
44355284
857292602
815091291
504518066
558987080
459195625
396869772
241390536
762341868
264338112
222051828
918292429
689962239
254001152
787928074
592976614
945382373
480532572
156794275
231874223
274862045
322463552
57987866
563040133
506273352
659485180
477031658
40434907
793921056
343546661
422288962
407686416
623431896
310590159
875345927
946318642
141999142
845889744
141682081
863560800
110674472
857124902
226695852
151096873
839543114
199374003
768477835
440476411
674729691
319229557
18388006
582227993
298678179
483935297
328283152
475748976
660219830
417010683
355739528
621206122
910448105
777542964
334000594
250642250
375323964
110572986
518579789
653618758
793441532
109968482
700245767
422361806
383256069
781762830
774522177
853357485
981287197
163888423
896365571
520002869
287086761
32253639
270871937
303183795
563125568
38605858
176933658
603046914
617785734
735917614
955423371
578634592
412137880
713488671
767308293
736986673
40116824
794996451
362512998
689407378
197800574
647219287
820096702
76662721
698130886
458533062
761591967
157996721
708096345
523425588
540513610
840194051
584546602
471148949
907113127
640336136
243344238
221122682
806077642
625415794
333189712
319952413
45076907
534193885
814592564
873815383
425617378
90415952
483965435
887388009
978727915
95159965
736069619
458071840
12394710
437990914
761569206
769183033
588155091
694018197
576707323
944854990
224642335
983691708
364763950
16985075
954374041
728826896
305515277
789494835
351484800
254395028
631468226
135371072
158662871
880018836
892085643
372350881
736793428
754592548
241157683
987107083
240270771
35051921
179393658
750595001
409523739
133414488
74998552
311672132
547775897
639642897
211207156
841711924
414547523
320464938
433418351
636544918
502307614
656191375
359346514
707284743
408079371
900217048
357277406
186744604
621671915
451478088
747533788
976516056
361140085
133398125
846411407
60698779
554439770
179931772
20898267
921679802
910337680
778753786
465901091
465162753
10658746
997992114
879186995
727511063
713954109
215067353
181862919
928757623
669716266
474932167
294109857
512966886
180826725
713157843
30956961
287086122
641169277
135114037
681566833
991701983
473390864
174822760
15699279
955064484
586132244
932777315
372623312
466167762
901905575
508302161
787524066
49917035
26485850
38581863
157826814
566398782
387872567
111909334
809588513
600517387
803734620
997826767
946291451
372359501
536908435
159063643
460657940
771060361
308932160
519433751
903066642
476576928
568766225
702293452
289025372
127215682
274600892
602875096
951073458
262781252
699474355
513743237
509846805
597728514
165208559
997286405
354785451
718612804
831374855
443939086
313557692
259318582
137580870
480628038
106775858
53400684
207940365
710996767
944803479
143221704
88115362
226958496
405931697
864882404
581373658
352993328
105391355
529542340
861772826
56146306
23461348
711338447
734404264
241888997
153294798
481509684
800002204
734005779
985308592
579310335
978577578
770607067
296440444
341843507
19982246
942935062
282711909
404135247
100910502
148465685
420908652
394141866
348651322
624537015
869598173
840134946
968886475
957566708
597121970
55566721
888137630
794981404
302080173
527463966
934925799
587161336
15893337
943567185
6471695
126986948
909827398
356127866
931461767
6646532
769069286
555433438
268483503
145132027
973916487
555306704
120061336
698289772
101979481
37127257
439544688
203395344
295839857
416332079
146820859
918972567
52110690
315370381
269504629
572074110
872788418
163213609
157101075
901243332
124179090
228896201
510629576
493431888
933495261
526595227
949929128
737857063
452693386
513125982
162472465
911753035
778794779
178714297
72323303
46056056
688693488
827838746
628647778
581876163
290828632
655072086
25620304
871582608
389282502
116364377
30396064
766996536
566553993
288000223
725045532
256377212
91491055
551349758
453106130
126172189
146027356
640016296
926223123
829425234
201710065
191932927
565579367
969067678
489402801
859794219
431584174
85796024
831039482
676325927
263353918
608245137
505336764
785424101
998649224
324755930
32575662
530318060
151530719
599575421
240026051
180060779
518044944
757767679
573641187
358952945
570635873
160377064
477495574
701056229
941499852
565386696
982815245
668529628
92789001
205977459
342682150
661939337
638626914
743471569
105104806
29989851
708264382
371026325
67561680
219171843
286959121
753699160
459206352
104416492
884551327
784459022
37122555
407987580
575701598
857519077
759129582
206065038
444549670
21801882
697998898
621330304
577034090
730396505
767822455
615219733
383667656
391245815
49953078
908841869
219317002
332127419
617716861
216250045
625169893
79267991
882887560
203653797
468163658
889460260
623202620
914603093
559654323
963151754
957628156
749364913
180575943
14710114
439737705
45443461
121444835
728069217
921491715
431338250
20140216
594303476
196962411
433271949
792336051
986495279
480380048
123276661
95220393
700167634
424556629
738802095
20784672
788051843
900551261
590136149
795115115
752757185
441848638
16399284
340817500
99253126
194508626
479146734
330806012
215029188
491358037
900313840
509310046
923070224
913429413
514661464
852961514
805679326
774101796
212996173
32564196
193218147
644600340
994005320
91282687
231640022
923311929
605717015
223712664
842459017
669252049
612277000
685436576
164494654
452564369
132278051
899634270
875154507
145110800
887600183
12307640
21523223
391697394
239611534
33190439
932591593
267084502
244524654
587541273
795876273
271657621
445681457
632230324
751864264
930380350
990379196
824080232
511686499
715079296
818580548
63236634
16703290
732178182
541068672
710095153
548093960
544674619
485860124
435811345
440702395
1757924
225661870
619402125
239963540
386795815
207565473
925749977
103812152
784206289
84096519
68236477
476775312
514384561
588950682
538717554
393312754
631509320
491497400
109363042
769361217
972599451
83426465
543034714
534493133
125285588
309298403
87229744
733226828
113241972
262075464
648331073
219007255
797774665
554732676
928682250
922676829
599450069
834815052
69567345
90246763
365956071
842073461
828482543
218358825
683375100
83236032
28359678
144094206
918626372
421704315
358912719
426138177
995880893
491959891
955621410
676010838
589021396
794328782
371058913
80244352
588383396
100807907
281200240
524161012
714072051
964501622
867841616
103567968
496087454
266337318
398908950
379430123
880745902
125244486
291940550
604285290
595306387
535191781
912068338
725679429
389364257
396664536
715888374
370289559
648347456
457695872
694531175
518177684
997666988
428442060
96942841
519465464
518469112
881237318
166435839
892773461
446498900
242637624
492455168
163337365
771041879
747293585
312582597
219077034
226285605
795890668
93364765
21617134
855064446
131722930
205136023
813763390
45248042
602408681
737093011
783591763
822993516
965907614
474981941
658343969
788948562
417507078
760512169
810786998
913478116
643584552
347797353
286503915
190592911
843488508
871561731
471640414
455074835
409188135
838392413
215352142
773524357
681385474
24254307
276542263
317568097
205021260
431651567
632585061
360259115
154792593
455098626
389045368
78441423
9752300
201412414
820924720
104967615
789533171
538715261
777910939
517418480
461495927
761127920
889126910
339270728
408145795
831512490
610584147
166001945
488639542
541686786
785448925
119202113
905222266
606129173
211798041
509597520
561651976
2134741
361723020
343932784
400450539
949883521
234696568
515714160
239215325
353041612
488030084
143795471
2003416
154812382
276710222
263888888
625599336
757514
952815179
741679264
153963282
970689096
292076498
182960836
735047642
166472144
130120955
484865360
723753861
421097780
837615161
211029256
822229437
830282933
620530761
821382726
963499077
469268350
440191931
715794234
369320394
702965418
980801232
887270638
538050513
364210420
404227838
548565017
767525886
146554507
843621723
179160151
615346513
743628664
178691736
858675777
369106659
707655882
667079364
605188190
984738044
539928854
167942101
329736865
454730611
840277505
888518323
836083322
357933403
818017270
244629574
454773249
265410676
68003608
647268885
102682103
940133736
411152373
662728843
745694679
231415971
740933521
277051515
313932936
24573946
884379876
603674189
255771775
177404311
120767974
531800757
203805850
447182922
869286682
855267734
369700700
87206283
720710386
892875741
916353694
756610377
47488682
750765358
295694468
485274842
203203965
741502675
995435318
902848436
539348106
788324462
453633141
655302429
908239326
24373353
312554911
316099785
355560702
109108848
755527271
256760936
228685181
37734657
711203037
349465440
171352848
918373370
623026425
359728456
287689119
396273735
192179975
346202965
938990384
945559865
278149874
604073207
634414282
158594845
354132062
748982460
695208108
115672871
832764136
878939710
283334578
504319957
751298101
499858062
178527438
700550873
276429911
822909370
876503167
436234518
691247011
57642666
584289442
786025864
639646422
797993860
161740304
359882959
854422298
406200302
777777673
474767284
569786806
708169121
243137443
828348494
601560213
49111117
594051986
267403452
650376398
609883396
484247115
410385347
741795561
580400798
592505582
822688712
724440388
669939313
498595549
694168750
773634543
237945130
960871034
22567257
926520064
683290234
781914937
145846223
520136213
846808704
427567174
334755239
474637090
364650744
668654325
163323086
889192583
373627264
97782040
91762880
635804461
403750343
323577979
942665434
118270170
211230324
38667388
153711394
501807723
725210093
200688111
238472251
352566498
891380430
380945210
638103998
826520921
310333794
820440762
521768658
360251211
651565090
471213037
35651295
456757820
114315080
462998152
200413193
922632072
375169954
372897891
578975013
759344957
560462612
927604901
457973680
245171142
501594089
569017151
530796387
652629894
509646245
109614440
1934064
216272787
716301952
698677030
661614177
322288155
631483379
780782262
439279412
144732564
589623586
291759030
5620101
501158372
537344201
360531005
712044568
710756091
324585358
431867791
173560044
10789154
857312907
298233202
832814823
657264630
306069878
473572137
557024947
420917146
530625575
25512189
516499705
355444767
159976726
716899228
283071410
893478401
269631746
881371838
618519379
92927661
555583496
631644347
932911981
295009188
159666840
556232778
89729198
319317070
244474912
689612512
726812450
646716461
104997763
815942868
501297950
55766586
264020661
644074098
145356975
499308499
937726848
266516624
229179069
924272119
829938643
127401572
672119073
785744184
383784476
200910841
253673929
17781174
298135716
602541929
650547543
761502980
144760981
599326614
535706976
843928898
732376584
84218854
314086478
947329160
641973634
610346963
794122764
451202369
990143297
608484758
440172748
321791817
273521577
859965216
631643605
644135381
915864242
191676509
248884362
52318915
697002699
444196867
869709403
495199245
270753898
904807259
411238641
189136075
69605267
780753481
922358842
342345664
496912000
642280549
286006086
817553894
712610750
502102711
553391619
118894232
442447292
44810076
87309110
807370914
334902771
780004998
380219414
772406835
219700443
765775475
478519035
116860647
744882732
66400067
110688056
689451065
900826561
401830111
340444083
556257266
986531700
770516003
783799795
798957047
610053340
826675286
452485436
639572154
742843042
973034727
922685533
36943299
569115479
502418766
673530702
635892071
506360372
867083402
184095937
21601914
359936939
649095718
967851734
667152744
353531813
82368182
870455468
415417032
527980586
719557514
706965664
838623228
523448155
304972801
487363668
98906594
280928515
351455552
519192946
124041402
246676370
915865995
536886027
882031893
44294774
519503963
626004684
194695307
104723969
972412381
579134146
80693346
692860223
803905283
77952667
57987876
659567106
745883657
327163928
450323391
539325342
391136444
248219562
288443059
573244282
585162921
550091742
311294714
41626813
149737383
291673288
192504775
490475142
993956821
7884885
502705530
341800425
890797955
431727321
928467261
736148868
163284085
943443009
544216707
316084039
179961230
299591892
395856285
248736848
375953633
126956118
52626398
435610389
140174291
14966537
725718984
677326336
61552792
103460118
410069243
816763913
155971787
183273906
967322438
477565796
341398827
967782231
231427843
488793865
66697804
154097537
664453315
475982311
680244309
355896228
893995197
912191039
824718874
908891436
333385459
984722233
775090626
278277284
781684075
913679301
426912026
120042102
111826463
445915665
485269513
655262045
405734219
223477375
562537867
4773915
379001733
585626756
46642745
756666573
667431417
923692199
373921414
841478459
458193572
738569250
67429730
203430891
40074416
659837827
420960161
880977069
333564605
912070991
668187747
377203862
814369568
448987341
361811821
212814452
321318426
532945297
172974909
656086331
515465673
515869110
644685858
315478780
503187234
646375110
215294605
263868678
865407462
931541968
192147244
281014814
798168377
893910107
86380210
819910187
280190188
61540036
834168056
561181039
367882563
847647205
744357393
421297965
92068640
204739870
100745805
410565525
460675934
507816008
96515243
190586230
599642632
688924751
430742705
818760313
30636905
595563756
844766150
901248410
261378119
771833602
854716025
242876773
317247326
68783963
794538585
236531379
170182548
541020816
194232036
183108905
663080090
166345373
595296252
232671370
479854637
663318417
980232684
622629688
703649301
369044326
918679958
748817644
78440888
324243672
973102078
268070800
16607449
440918320
203774923
263058667
229661720
36727709
450658101
595064384
891393038
459882640
374640051
22921174
411558302
189879406
364542216
185509284
961098642
27270797
120364591
171242279
945884318
86798519
576723235
79088788
543165647
729722561
970254439
635549722
741795920
246235158
686952789
764063771
776852268
238379435
706664553
298957673
814631677
97455593
3886941
435991309
127474466
591223441
858524766
993761011
751167785
185990600
717681363
338488293
350673315
330045811
955989445
159613069
408102785
912309476
404945587
762463727
539248628
593059979
821301442
261771098
962966062
265752088
939927098
906056773
964233972
188266893
379513061
233342819
854459344
541932879
169072183
774040287
167223504
248100078
493452139
938496704
711758253
384036173
155029718
63416557
568596350
606119815
366480657
502777779
769688220
412487290
254551666
458796648
135116307
397122803
237741069
346014649
482735764
724760457
591157670
141636821
20561224
183637842
329152204
509964905
142136349
5507053
981103776
131606984
406708527
538704788
608388269
606475417
721463223
573271197
507318558
725085832
682050075
749783150
722937791
619621239
309081442
449268683
524680687
918397831
930837681
183875211
789687046
149156509
52640659
465472809
401247829
311776905
507388444
623170033
279587271
216635486
878036085
185271003
419670445
908991187
165098092
247093781
52540017
561562355
294360458
563891573
536719690
957416058
412765232
127518297
424186242
293041882
298200388
950653538
444132010
603808851
713746708
887775868
961291626
524393639
763830261
424746673
698294539
739080573
145503879
39154689
52767072
436594944
221723422
534689216
757732178
164870086
790953972
14979826
26666666
695272679
574803736
388017159
767857388
748666226
525677636
188245981
493241773
539996266
650826655
16635031
386396422
488377788
427262021
454177483
123517380
977623718
616605374
508201830
118550968
772335324
973086135
249375841
518919729
853584728
780112636
858237511
48445837
664531093
563146587
133365722
358534417
696650403
106180147
239442743
761203627
989735265
998108098
96906669
195775736
539842691
246981108
916740020
564657443
211552058
985234139
180917982
614285550
871538026
656264583
110371687
96221792
830215314
542350888
107608054
63178349
840083029
267834041
145579971
481151483
248543522
119049955
706524108
243519901
936763573
967618295
878029917
760417604
497872900
73642281
693066242
199099944
563225044
940269972
758459076
8380689
107725896
472690412
416361618
590512543
144594951
133520578
119100141
65743352
252176838
896805129
507045221
375936313
722519545
34724242
916262932
736610669
524452756
636393238
309094652
910418303
143822808
881512542
749625151
707639214
62307353
73494340
505539403
526825404
49819360
696982253
557643211
28026240
839561809
281328671
925498112
575959093
749483096
636459934
319614711
853299097
833790766
427221819
677034883
766005395
366967848
758712277
312078816
612671652
423647461
928375688
787585403
204401668
386774358
631478551
213681290
291825160
576773321
296158033
189644096
574650180
909512455
109588193
921689065
755338462
200597978
157574064
870638130
984282948
543024282
689835113
573736773
34306816
372493802
893884142
993386054
183726198
627025087
494320292
117567937
622912230
644456509
846496266
581839411
633976284
692007226
942856958
895562267
113721470
60086291
838225275
470737290
655023200
477510096
461354250
266250811
599810057
715844516
995635277
775564333
608701824
589703952
173550074
977711143
11768851
736008868
678279115
162055139
543123336
634568802
335917957
70340312
988874854
60470542
920981897
565453572
677236320
227589462
271147367
767265179
447131883
934781211
900917068
496297230
102064991
789515272
971364533
71071779
813218486
145031645
769966815
998426842
989550458
57345222
523846027
933137184
446853386
796891707
751737552
102341948
302999937
689334970
122864413
218750202
807820568
512112983
768543716
528853103
347940318
488227110
756520722
253549288
119156810
662139502
340755809
227603087
535374206
601792461
169666740
820631523
173273890
868123209
785843171
958242549
106423990
96349169
117891159
394665182
765062423
605287598
307854830
646133959
667199801
662916083
788256524
275645178
336732836
151341877
482859512
931059040
150741020
748311663
955718972
21861399
895755863
19713432
436915044
384998840
389723376
425813005
309850312
417707855
368381935
452334498
403700532
893881229
174239416
764363341
348246945
926000692
401832699
471336593
644856708
520690184
38921682
186210638
790057090
423478854
129752695
466989286
461895929
329242005
183830927
667829413
856344638
726431052
958093358
998021303
820653602
394243425
360526078
805862315
22597056
440062823
674300243
347809662
634583567
669149167
69132862
956614780
972677210
956886793
896183907
857819196
911900900
854095774
821584443
549859287
800069583
425662386
904717179
681689170
339517717
828828560
848787060
490412002
340517612
441240311
27412152
393088062
546126579
530661695
617005533
43473701
548736353
259985169
487212931
600202282
420189849
67372758
184538917
994647752
404571897
181880975
238596893
887978364
433686612
681776970
407376392
285116019
613073557
493186818
617067962
824997470
395758437
587722367
807912890
312597951
354159789
624706021
967464934
573706862
915340290
471885977
248377865
26415932
886884645
317469954
195183493
831993062
102249845
788876521
631634088
677477674
822205771
734451930
686170774
148227602
591309796
210289728
344565264
551211887
122457500
573114043
244901423
545150831
689568672
952643440
945376402
605848946
292112279
54348544
807465816
439653084
63037664
320852324
650337483
644673230
31206822
8271898
939674963
982747863
664912619
296726928
487332078
300606681
946258692
866280508
148292101
786730108
170022460
416204965
838059673
291216484
86325028
284448809
917530972
328696892
930666238
827266791
334818257
746726958
24190216
656640575
535990854
253435407
401353122
44531500
748971137
901901706
743309987
298725668
241360530
481418129
852734111
118412946
58453585
991577317
840142405
326200666
441742995
185861178
826654323
664820501
551388850
5246388
591495346
949675745
162497721
53679751
424017995
993445426
454614573
988638777
445827491
666096640
908548433
903492955
224620886
393906094
704371396
881768496
897686726
339120787
717952468
507529462
758798121
788936235
899325991
412926551
839330292
529464436
131211529
144006319
445335468
525676307
95808307
501494745
691504226
488933389
261410601
216088388
523896798
408002693
633688150
905840448
86075930
287464311
600915848
203295617
794918171
935429816
839830718
610272945
368915732
170953521
692449655
4028834
264794058
274358048
660155054
722704888
369125936
267752181
105076636
98649956
268339544
510973243
604942620
739196077
305133265
364247462
54985751
552189574
683274802
780634465
302682842
845778329
711330423
422525627
671495632
781035784
233625955
356694079
27125534
242325417
209471796
292607760
207215453
394460164
903593526
615459542
834596398
974652164
335847394
836883037
269238215
24350978
594263202
562003688
525674810
243065610
351906391
285554574
699488412
718386643
61996405
106832992
577062813
807597141
553790144
445694397
866755718
856854998
314033446
366893949
273332665
104796081
727413264
855809927
917812604
286311942
540488930
894312382
737476823
211218535
952259406
94910232
242534030
545948961
279802039
405043745
611765083
970477325
748546535
477869602
799139142
108931121
513690868
455683676
115714029
932246082
244457845
713705109
104768758
415730337
564140194
665306094
789709300
87879120
929600850
402863860
34988438
176992029
148065637
450071326
229074062
854024015
391224956
696091291
714302641
863837080
380448041
469167458
145793139
818120408
400180546
936000590
547355195
184473414
909071971
144634943
22535499
120461381
620150909
970221905
607075999
677391339
446395816
709147065
695069264
869573191
981426066
299804637
896835092
71750430
111068183
323215814
642445688
705848968
375985527
813716209
960674416
322184820
669042989
311959009
459400853
172407455
890891068
305630297
641731489
944090095
20205775
125053474
932011508
890215977
458516759
506184771
332553517
927352629
713470277
835436508
528819255
25111742
858306411
24800813
377926383
863460567
769873440
350577377
542079244
749484922
464750617
791337290
717902346
262538343
827054189
656399526
61284976
513753685
700298232
485777341
17955547
316086914
45745102
654165916
18349831
136754301
760180848
419780538
317707431
112258499
931672306
865130549
201599699
360575481
288147222
522507938
596775995
939120184
894207700
35428261
104143463
723045251
166437217
295742909
62923777
739831188
855074694
970990186
625507246
954947901
106970789
681867007
73391643
127377009
108616914
10623526
771236669
513076744
991706654
362878340
44009372
250640129
740065516
305837737
731462422
984371908
31214937
626710483
555435803
775019210
404630666
207662518
50771985
377956756
47281198
770026844
947466022
883497370
411993805
624545938
582258517
753904999
595193705
208681950
152834990
694866811
485669566
671104855
339480218
37315457
628419100
79719559
439724406
787210466
786146924
804150893
766170290
874646781
778064966
818810422
953199347
749109255
326065706
585268533
538238643
414461974
727240110
753894251
444786648
167821688
140165145
207815719
808468381
123227251
640658313
690278611
444762092
923545854
53563029
535041197
54796201
120862844
382761168
401258398
309956739
267368721
339015258
687062718
476638139
510612380
813246028
192429376
530723900
477922209
653853198
27552004
511789276
475951512
55130057
660857028
662298143
974340331
240523186
817919574
884225429
528071263
74034201
317921650
779775741
205560940
526490870
690942366
692840639
15920889
557139377
831162559
77050108
591997893
522935395
219841923
199913885
401094147
376663137
296792849
535808728
280375112
261382292
627206901
203034854
921106779
166468284
106132031
557040593
606974009
693421020
851464336
231104081
451697563
459426747
315840375
136206680
964253118
796060226
322636525
866765477
525335911
570874422
631376680
799494634
811713367
40441174
170346053
186288692
301352921
344575453
337251765
579870632
997602290
979414448
824429182
288856790
608371618
814226545
509129852
125848945
819715844
837936871
843088466
996609506
252681599
512769520
564786856
464865004
274552142
172228895
718945119
224683755
687058066
644784259
355725969
171001584
377370645
571247608
773411559
869477539
755241058
535105391
980518081
255577046
120060146
772218107
953003308
392120092
959538938
905016955
600594116
781115126
283502896
821201397
136412074
437125122
71715131
277287881
131195782
550184176
225402568
367624739
754414161
127448544
324828936
102852999
479879622
474706686
362935390
696784697
748252210
235985032
284069145
8291990
638830105
204949801
779710015
664109781
956100898
403508890
68828173
304142091
11344247
451100264
204595865
153738524
903062007
146365940
66997557
911530489
882467669
287228490
116461792
42290692
879582297
117358302
465952212
30551181
322219267
935068577
487670916
477452670
271958860
467175910
884222298
429239121
379732069
142110294
339953730
727018692
408174089
909742251
701019878
502108604
594402854
68136280
135636710
241355786
874899709
577490620
809832646
927216667
939865933
153192539
670738893
829962995
993391924
462674850
508856405
23846218
512309688
867759555
798171981
20168356
832713139
865775817
772882093
735757458
688725565
270281597
284687563
192622845
313773595
484474397
373594255
307832424
640801502
908314966
219707930
426997066
42711787
453134542
959929636
124403282
90782335
276409800
288582558
316250851
365773853
723305821
66515754
942195421
805265501
145055218
24782834
929251830
699427404
115809369
500631050
928904407
906612321
490362224
621151438
40224845
845323151
352337523
751832718
348493938
846129575
883395738
491253432
134093700
999447473
539470666
177139088
411537771
891209369
895268180
992059463
451665242
437969177
225187832
967389100
181830967
410841825
141366825
336098201
390640464
528753948
299700066
181209875
980230600
125426113
124315444
687617939
138677363
428173118
131485231
970104822
919426464
949127359
100498761
395177315
260507072
632484591
309769152
209943293
395060791
796429655
444753833
441303044
651420140
561324752
948750673
418667478
370530432
766952057
338753830
135682637
123613908
417267891
652472145
839678815
49671714
384212391
250653502
525262507
18792383
303704105
112207338
386781750
552713089
403184166
525852007
484426420
425053543
267983906
43587124
180207252
522978297
579557499
954558093
383903388
65246022
434199500
228063102
912845361
523256883
397794902
56257471
522292518
169109464
952878563
984742356
252821943
20398559
703748731
605036690
154773709
705812215
714589621
783627874
274315320
248808653
696574772
784071944
985144366
707047925
403306853
81899947
858755645
711809894
799937362
34455024
394954269
404049265
872081711
937354330
311494039
565497094
282170805
808328765
479890426
737214027
5585102
777116940
541122125
252920298
1420080
806701375
271497147
168188987
861218039
18425248
364578855
859446645
389965509
98245051
734958303
613768263
204530809
255838821
209176727
241990649
731628694
257423557
864961937
202426500
295651064
950244348
466427442
271535031
43878891
659759860
476997442
183367123
475576898
622389088
375019901
393713203
436330197
231487220
579615020
165638740
347331120
423064496
291860378
435735641
458412021
124894980
984750488
521237934
664725005
579751177
458481343
284373187
486268811
172063242
134316236
772504531
917432020
19833825
173586391
702897292
974645607
796920518
420610757
724680451
270571711
891839701
695091070
513245701
306788241
134933530
235119685
466737891
543149274
470708130
12218650
318886054
835268396
356316675
854949882
432866143
604172010
397141212
578040783
207129136
607502838
397931429
666100809
765655422
484459981
192377206
170357711
184180994
914785452
103502974
516672025
897571654
638509318
517256332
21442790
152623736
119847896
624908511
719100062
3950649
881379658
533513680
369173166
815528027
862554165
777927443
544948876
451761543
285785409
288528251
296742499
256380076
801919241
459724363
631007054
629726074
205267666
685824260
214078258
262732837
707234115
265826717
440645471
747414250
242818085
366515135
49056222
382159789
936244902
110052425
913245283
438590487
583587978
628292859
950242122
195935225
810858344
530085570
912355875
502426611
570817760
371010946
408165629
385838966
318063548
807749450
469349071
827709731
414734465
958969445
47156529
376667389
740052158
157192786
76166663
82061166
235986044
291988866
182405714
142955058
299798138
546897740
11019274
640022175
876178586
260883395
870591257
14994779
85027189
660229434
23704411
973453292
704741193
695164535
752338358
852953009
319223378
962879775
541227917
350748413
906279882
772676266
645738111
201962465
350354499
733792453
5563616
808018945
180605979
409221185
799352165
425290456
672696226
78347869
550294119
723204514
399154401
765451296
739372906
569906636
765181578
118085905
837426135
728302792
783544791
689888062
214827098
440218206
701543489
889693332
637806662
408160730
102305528
240298342
882616803
942198965
446212995
703703531
420324792
621902746
53794159
197867346
474215884
767921542
974602995
984634150
322009501
529630412
824463180
860496358
536445879
512711078
567995970
924406844
318300639
262436992
429130795
469812542
522430029
190469784
397577162
112105238
35969705
607997038
859285513
505812228
973115159
857070974
685104347
487786885
651339348
720406524
472409592
82773002
713443226
424091289
810772023
169768827
441065760
227447982
747754759
929429104
644125059
944186737
761130518
837884465
980227834
76734392
442389470
512631411
523176149
254849700
377099605
638312615
991605466
80141354
304331170
712459379
281911328
349626531
463703005
88188707
317262809
100192914
152308274
462238037
261228769
557945896
360371957
917018664
109708949
805590999
528746107
721166508
533431661
649857257
202760535
928203980
776787475
831040528
717790277
318525287
241165446
583117252
284488627
400304243
86819773
474592309
621962375
663104361
440899773
878048608
344893721
721571234
355215424
904694443
861448156
384486852
806307264
494932041
925099891
258177400
552788209
555544769
930474481
866086155
849788611
180080045
25432793
622259441
831806012
58923920
692274747
573345940
851567381
575069266
593613516
782065958
827486150
576666101
143354974
931606300
452869050
680799006
15987119
981291685
652072338
215977743
606657179
443021385
508027498
129337221
182026754
37196858
844187493
995735986
152108708
726823138
525606409
492658823
232155129
290119876
346280024
744092640
486472524
33200373
207313382
100866201
636484536
748259932
623360926
331729142
933815486
615039819
953118279
584948290
376916495
269072918
180436548
414316335
577928599
356763808
637399297
160182342
727190492
815292808
435480191
821245828
327004885
561348335
955934031
612129698
459175605
688030013
663614438
62455295
358468193
924200520
919873788
974412746
746088145
610737078
215189376
396016947
367395351
162256157
711288433
961995827
272026342
543350536
189648975
40545991
202050718
343258166
567107599
281987281
4311266
600499461
808583864
377474221
224831039
176618576
112196655
415073821
471830234
524328310
371124449
98449467
207509125
566404906
520299214
837732257
17728744
48854808
390573883
859490332
361469604
776912961
346842392
819601736
643722669
128332365
655376259
751529674
430100536
713922563
609221476
732364590
855360867
508860478
505123996
296674024
923867089
267264683
727415764
210452549
934130217
659793125
166640997
7170395
488777683
920866306
659747300
213757080
967511174
146657278
110796685
825400021
35837215
893908120
888845776
654749573
687345686
120067489
650372190
790172283
770247796
825346384
376455527
696664393
577979418
587662706
368008114
538373102
32316367
644006531
534561583
533735753
773542798
681821620
666610523
519077121
309013072
920038259
646513862
62924330
277789124
888597174
378530666
951934234
656423704
993120287
348830480
10805181
816209723
944871904
372326586
901265716
123550471
113930373
773621401
520668280
224830450
198376392
38978930
66945905
708523785
479200026
442153690
150059521
726572066
798755121
267976899
638760381
518590925
806816431
783501044
35059127
273867247
646208163
558538577
296118306
772246210
369915873
443971786
941816968
542419008
859148256
886762394
636751226
238894589
861467504
58175585
546036501
406861292
27194479
317335484
839495484
350652077
315070181
484032836
65821406
852828411
186756351
770939846
954985595
502141365
974785606
822668661
576951606
532343356
398300142
381568667
293614825
279947182
821769395
945833410
292497430
867766752
658822980
58625452
344630777
483255785
728588422
404281727
476378454
570601221
674380987
984467896
792669309
127173229
874884649
679826498
101971616
486137691
229118741
601604877
760146811
688262756
168569152
909086234
393017088
67581648
688690851
913529944
345654952
965683769
769964317
859466731
875244085
102182188
676387691
436550492
801390005
198196345
931714632
43028732
986998747
434285507
285979791
498654153
294182468
848497648
799872245
611308587
622229158
766394171
903681267
237185317
417791885
177739927
598669360
180789863
178373389
879896959
996028981
734475233
130625449
805824467
62646703
177396991
879088487
140142457
53112703
803094752
292086991
555465777
524630903
351231969
762442738
606719615
334695726
141307354
518064019
287281727
209580476
314011097
380468142
55199561
43053921
540566483
117031680
670004289
254881601
359922074
942671410
357301345
666261038
301549380
35226461
663791000
888749423
421577026
455783885
851216577
571285625
522888202
892905103
392023569
310098341
890301864
186899931
386754262
555656973
4733406
433631592
807512162
757859090
842875138
978732487
310045754
80262686
237304416
270207094
842385067
165756002
606498305
681007507
606060522
126182153
111318575
892944212
557464436
915577233
548450323
515903378
549539337
969824859
828997266
454343074
90563317
779791792
426634753
185858059
464277876
772482221
395101535
975758754
631972863
461917762
845145896
901618377
908304161
323611516
432662087
64269813
196617137
482852671
532058298
862805054
64091160
550761125
862857219
425984934
3387173
816352366
217692168
492104026
69774635
864920385
562141692
352970496
239978164
992501249
634609915
188265559
629555730
38968337
566069222
967497157
963691744
302444971
96092636
324469792
757596232
861680573
580028343
354836738
849008477
909929330
214712139
445251773
197707602
951211567
319372675
824886319
463185761
590290821
224864490
799374580
162966575
4790848
876783768
87015128
155869975
501621832
313424869
248066006
75087014
738162143
297534596
960419252
92904607
239021159
278108548
255532882
471138153
474631957
377277882
984253882
187010710
392879621
330851072
600382453
174445705
914250670
212858661
921089616
956580551
563240888
992953454
304237765
828169775
510463797
676867134
860105179
515166381
541860278
536672866
853165364
205832766
616369090
223491131
878388032
723002651
3730879
885560068
59964306
306097714
666064094
911873729
859222541
977561696
594323690
913549031
275023282
161044245
691629066
847436590
390750510
175261233
493009425
768907042
885647014
918373274
204019629
756136269
802538777
41463258
863278831
883205571
722264773
687847070
245003469
220089174
600065942
334538868
353120413
745272989
610928861
816101061
899704790
657255555
152294803
222351229
206429314
505091037
241346466
331401853
463721257
70690702
368840963
68380200
763011251
476404109
424822087
867035381
693622431
585826708
812206903
771337129
276339264
506141466
71281930
610524648
726707565
90516299
372643112
869095340
615870313
668807638
727193831
873123442
437184271
352983363
452534607
573501183
498514020
823299020
414393381
259380626
380077839
723150914
499145332
575714910
142689997
563632053
807973200
951009110
940298920
493399644
665426381
700659652
588983826
65388149
100432425
800952804
685422667
155521463
738969013
474433954
876920489
874873786
81751498
44248153
298008603
335953282
414803637
539440413
767256631
14434246
300853202
412853809
919479803
346991353
370885039
535199705
879285935
256852458
650888030
692211094
80956470
27316073
49694353
975043650
620111680
98895921
480190236
61620348
987407707
972376368
978214016
36644483
796456700
893732705
609945661
263604931
348710621
229944276
580405976
169720286
709076115
446501948
83473242
125040295
992600912
73383610
119566193
947954240
310895842
886651377
109604575
174701686
862381372
616174843
364270211
621085045
160831425
105105938
309317068
827914808
354025507
990273159
716073530
516831109
566644431
338893513
112774544
825879425
386359125
246764122
93497315
743865778
703244256
840490902
49134690
84465413
483876588
906228484
406334307
273933569
176873339
410404497
637669220
745810367
918097684
875545383
103914293
690434390
776121768
766859664
906114054
231896627
114562448
22414100
71214379
381257147
810403164
323887974
335697816
193143234
307541241
700497464
671682982
102735186
921676023
550896147
159279196
215176
654720583
195308552
931516465
863750619
997860780
568577735
463749438
530716989
181875399
354987389
572899300
266208820
677702807
834031181
683695962
967102771
113318328
553816466
787494608
650126717
628106311
599125040
254514861
977223046
91875614
74614028
343848928
744529611
156014158
41185261
262190148
957407743
355455903
367247429
848546118
934841957
65408643
17691460
177447291
645669223
980620428
801025701
69446705
243174263
427411445
494788428
133284552
17411050
23271859
596203152
513522872
352125761
31751512
583007106
739976854
209850345
453067629
227038680
117870540
691241799
974583456
163402275
809951387
855678033
671914035
365678990
933648244
999781120
424979541
940000247
520793351
476856971
76189602
161056819
269840311
138910334
637039768
618453659
103109292
469150800
903750472
173895347
606177839
649169153
906410196
715900352
715515996
814869253
207375949
992460672
500599283
999957028
517295982
356386727
879721492
946742067
955634425
555106431
708140052
386860726
718173538
937080283
174645103
11494871
835227865
55453572
369108882
230922975
398761911
513825735
431663433
84458783
213130196
294940544
739414917
889632755
941778425
608675005
368779663
623276124
415040699
345405923
395657447
884121372
666034409
66121896
271111971
787240915
4198095
482461292
301607728
431827502
71634524
742177918
754444950
688483619
852268952
265646716
327299476
883382927
172640366
554584479
112702686
749006874
68622724
132407232
995790499
47009157
135942074
405603193
444637805
930109086
764033969
366312061
247604373
81307268
307501631
427657966
116476460
823801107
108924789
996189691
569543710
729094562
468480066
44521557
598572456
151887621
12413254
411845173
179750673
195931343
216441385
210240433
842890603
242282118
705910475
54158512
130165783
15394074
269334660
548845283
233394864
378821943
11428919
645481722
541850295
458132077
801428162
731908571
898024774
782772209
342247958
302675855
471084313
760788582
319548144
64438814
338681506
146323318
826321872
464843026
791465244
11432616
758579303
90747991
108809511
445440585
313387665
428269407
351261163
151224139
995260565
852937743
344667599
699903836
788626744
35014561
42568052
543460630
390313166
113432384
290826317
244375605
749731005
930332312
910222927
807553946
188327129
771993069
428970245
947959727
114437912
612363999
687859535
766972839
521109561
646987150
439780324
998706527
931245052
152263162
36944676
38857255
851061302
113847919
130575055
929153252
981148393
780232392
899601286
691294972
997601989
419845070
107950573
831614361
374626261
391955797
819762939
365878468
511293318
654813664
738714466
974764096
807061511
937739247
705084723
744800565
839687090
662512136
18064892
861901463
921619
661391736
828439758
39081320
549139760
223224381
809486147
334374574
337175013
705310432
26429560
160379118
891620348
886953247
575249847
265114047
627127528
183307416
726785103
98330663
100899250
864302015
17422908
962990298
937967341
196789314
874164130
197803505
561064006
855930477
491310591
117162140
557279992
885318839
463100124
387271615
583349674
597514042
428761867
843180286
880867051
262432961
405775076
9929468
959362775
546813782
930753466
202169494
309286113
522674291
224331539
815109198
366636454
36692173
192091682
33658954
422559006
987230288
98252494
304797457
251629036
712903827
174917870
57179824
485854424
635972245
466563697
855849496
890448550
817367322
950758435
849856328
936027601
553993648
724341480
366364872
506698298
937403690
204284875
458876033
982583314
997633229
294269967
387278344
305487081
138250992
775483232
263125554
155699369
689877733
378506524
794353367
724879334
655906168
731817955
228880470
116644685
495225796
527443695
417242270
626733936
559541161
664891209
705937529
764065813
921179585
389400286
585245900
148978057
159633704
779026333
669600344
35709054
69795171
135180402
790976259
450668429
542105210
82118827
944930323
671422120
290455119
144858862
579012066
152072541
391516364
923483676
224155842
220341770
159524063
643849589
725634803
68914204
413952388
43303307
921613415
649198667
976141773
314026164
977067713
60431534
128910207
484672173
636696588
373838990
876357198
694339596
73457723
530416729
599946849
384003349
288120814
379968265
684453544
55523099
125439816
301065996
369502009
611632940
830976896
509729746
631267623
360359999
761807411
59702516
504777043
579901796
794976356
682104408
578688929
461405322
784680481
1918516
792467792
977150945
226950174
91791489
797525210
75497212
303187428
666202592
658011454
984368652
771359475
769695171
910344479
24036005
660502740
551644649
260630502
999535767
545067508
953970520
883463753
812127982
227856596
999805004
293684913
927047190
669929723
93257441
450314471
855025628
754112061
364848303
347989206
133064169
454238916
518239816
23366125
100779398
740700350
695939375
847951707
462311268
934646034
366999688
15097636
921751949
236040702
36655666
79883415
587995212
94743164
147588127
362200230
774301076
896873116
321117973
290489507
868513460
84973673
68740161
888814342
731422034
544989441
875105465
281786898
743608573
460178358
853595207
531650592
616604588
404965441
939609264
335104427
65892106
546896024
944197538
507590276
307378238
637811233
971617635
301286088
389168614
205767613
145798303
565167243
5088837
342764780
14935081
117505519
413045591
207892837
122999505
366283427
251692420
818714208
471085396
622017008
625693271
382482192
55596066
46743907
33103362
341246546
59974394
490785021
928403766
424393607
38894934
646889239
723499185
48401033
346489381
288234115
911519207
969827659
353914074
896737751
517441142
89933403
503733541
941900703
863917671
944260756
506144563
983620267
211236713
975247110
150560078
160912116
155948757
912933685
363812799
752033828
177494830
555189054
139270183
785094694
570095179
178974961
932576988
695017245
346853728
785733168
877060331
34841498
595197662
652119446
810410636
702768344
689239241
111662210
653628577
223395276
858092470
157409703
783588741
978895241
440842932
898275618
51852277
384842353
597413383
14139637
488704793
370000708
259900084
550525362
740314864
313437250
179905397
986838973
101031275
169157878
783802974
898741022
765343260
24878845
119331982
470137716
995861080
344248185
313830196
57838486
156312269
760129029
948016058
3400763
709617250
443894821
781534200
821802970
170753801
379487267
671616791
598125354
284910926
555520850
557645880
31337290
138242893
103974123
49597280
622581532
119873414
720568406
133989427
20643132
316456270
983385179
62201198
267281072
429707967
450992890
128386879
398519822
261324176
830266326
659905113
354605130
547425708
466511886
298202282
172181488
844178892
353618267
2714782
439942742
942372438
791767618
879849893
20018999
793953327
198767444
695337187
96698299
718722062
652151116
667384174
413192833
28975114
719045243
451880231
805819975
738263307
775027828
428383581
671381550
907149161
3168856
465976733
981862040
197121368
548714930
168074734
845546020
372892698
686906678
818125198
364636667
4364298
648576462
434865375
384338961
585555658
412108936
826599131
440540626
530435350
216756162
931183542
430183428
330607901
951642126
109065103
281357182
796902192
904517502
34251965
730371589
203662014
557175738
491633132
614538021
892372240
150265463
729856644
958044874
50037633
640887885
96541206
320618448
742812942
447787927
616506373
989935832
620155910
329945456
631600677
850068029
917571461
305652883
403087646
347648563
708343567
93444735
175057762
534497573
86507064
243051189
240853400
95854315
947522754
192358405
782235657
35168274
432367224
124499483
412129832
644397515
55370153
801179787
908757968
268980561
256764365
354700633
53221713
798449450
890999408
739883332
45655098
642267027
253059164
520038652
287584528
499470461
176899605
926296347
46257072
677482304
757484449
222797810
158219367
732201340
153671535
626018986
689408428
257742301
441350246
68789236
775256020
158454299
425071673
839056668
250113570
608382852
319311383
684053686
421827449
640805294
51954301
932944996
947669376
846438951
635063021
565918890
638611706
744074696
444335680
347277630
450532041
372542804
562847521
423582050
808963443
574394350
281129196
695180509
299259665
131411524
798167002
303745334
704439264
639228699
250796145
813346490
208293147
20086951
563149800
22145791
74058411
376532326
174879128
961910961
87733937
804673722
555231365
85687846
685412608
361189658
977306578
620868085
610711844
380624989
752527417
736961278
797513046
518119404
364483922
405674741
882824743
208089401
384326818
328816272
660064987
59731044
848353744
276465863
538363504
657133699
154889691
655401691
904459341
807530925
362773685
375899877
967692125
606839016
670249826
262580561
123697274
378338453
842273444
662556482
850752983
599479648
782121592
435525357
993104632
894716687
730084976
45923908
825817913
333510538
980827158
635771745
779117123
600196408
50703680
88859290
986341996
306293193
91434008
930390318
205145393
239049046
186351162
846655054
234854885
109949319
838840415
971122464
462335529
821175599
619468852
123244368
183531651
481873604
743127434
174634413
129552469
631246236
864284561
869046660
886111298
446533811
783388974
83050503
462939260
447813403
275060688
633065741
448295463
207004694
31862975
881919678
740360552
657666474
692249426
422348904
519329403
345091520
605483304
771529568
316012063
457156285
578083774
83306808
194253732
192236021
656120642
898125850
819599488
764415191
430116832
766886961
100537711
492149517
48773540
796181476
899908231
810152509
117707225
621482523
970833333
267802180
232758672
901931812
235788876
178044795
866197249
367827684
246212279
89633732
928205122
654389220
260774750
841064469
163632911
231168790
522590435
562894253
907594750
116415401
153187511
117373335
617316585
503800177
501968184
45105256
329214056
542171335
816659469
660853905
50680081
975767596
903105836
103311697
758239738
660902443
565372910
413845531
329795974
625851805
390125862
298571492
803227848
379799218
361100798
430937772
792607041
69044959
112432231
906959541
712140597
771364160
935871790
67624150
861717964
693870836
855600180
328365426
726354807
170181522
996727309
443121194
903575346
359835096
836259369
837009889
566984478
721533664
394806800
609962669
980125797
154923747
923823787
196091892
124094204
466100991
244832027
662881410
659998910
284312986
401393156
824391025
810866367
168754401
391172957
987767425
842529867
193462042
582360183
562803285
331416909
640673137
14917660
570015037
108829416
602165691
333618533
691519698
783260832
18258815
982296982
629849589
414650972
717074530
204986907
50694659
159192796
865901569
88464083
128034100
11551757
935891318
451301185
407161807
123556196
533880435
431388553
770933668
403771444
107034704
698240939
65814678
926678138
753955121
529913056
596126590
376116274
426559168
55558178
366531081
100701830
364073680
621632581
320553425
184310272
980405181
18706395
651008732
651781974
412967738
63096300
955087145
679630089
239780185
193927026
57034550
370412042
132039811
85994968
450709247
322830090
982080294
834511441
120831827
85822417
38132913
229912579
20458602
924124798
120460588
844310660
100706294
769945430
471534975
309356039
138139025
823021082
422027826
292242738
324761404
102265846
551990665
361268157
886618924
772400596
434552013
95553374
633554113
506118233
198679069
200152358
485217778
829054113
907504792
847434397
770617345
5796245
969924120
549755031
604628648
631292263
531476047
625430715
337635033
770214713
413816568
687751375
769285718
348540952
449798176
351038425
70251666
366071630
653089753
804112954
89990707
384785061
262789007
421771355
579045300
895879118
411218268
388393716
357427592
581846242
916320985
344962191
869766598
865552847
562849316
583577330
717992414
82728310
495416468
190197359
615702516
711140387
863155567
866055759
529806521
107782596
420144255
252569555
38278169
415833748
461464104
991944866
658086507
250832139
389234684
496924716
429443308
39559470
488616121
996048183
584796104
496336155
897906050
471676582
323035530
429070584
853063264
126372505
569230524
482143859
493766720
587486048
557034518
300429067
187064392
830722706
431984712
538986133
544717931
571491889
697561220
133150677
898965841
469575109
730781086
460183687
489584673
942080566
258246798
398821344
217358845
26538526
591989104
159809146
158788477
799879521
400109957
429782974
886628731
490764534
117824876
178710151
133716907
948446399
161617845
75176740
383412537
985564878
502208034
46453546
409986645
834862308
16578768
350175202
874261783
766526105
860018882
761081100
890585716
994109177
241218821
633197506
182408076
186122692
584687797
541172205
439289674
906611777
906588913
864947425
927989789
186125696
383251590
977881424
926764963
611467598
899188247
556660847
578882640
26442505
902956786
72668178
802079496
824013939
101755633
343175246
833129754
35953283
806409855
947817111
818750316
388532651
405078684
427978854
660395851
336915778
791514050
948314797
707731084
563803339
627533952
290501812
510561938
449826298
387522443
26151428
431522711
672185651
259290774
64236493
177589330
504080519
3550158
872777248
440296213
646557827
786990323
287940191
684463369
675646122
932131228
222933035
62896564
539917195
132246534
714177994
320531221
952880627
648206046
923235809
908781267
164870383
519426386
43839097
431123354
382634630
331009988
202286715
597710559
799579502
974235956
543666111
129959900
998076785
526401570
540527874
493904286
483173761
133188932
77726031
822993122
805392925
19762463
989121247
678572001
120246423
926842989
394880255
722202229
335249060
726351552
292614999
873859683
245036461
42626616
189491304
253693556
627302152
171501133
13718158
449501580
593948417
758519741
801957299
367941393
562004647
952782001
734439154
636856041
26348691
887093902
386833072
909965096
681767393
272692066
922738513
965689442
694085430
128119037
766303920
433858732
613630207
453084100
59709567
433844014
498208375
182619453
722586517
338175792
785444717
296529871
859779194
394970646
515578525
518389449
491886499
101260631
801543412
854301122
648974726
947963037
931534638
758899314
50183744
728553545
599903450
403392523
476127891
314309793
252641994
482136088
635831912
838075014
383226573
131193892
852046228
172430950
769547718
635794930
527808342
357193377
531360900
249636045
307490175
267881836
798868426
540869394
587340147
113076484
25919448
178039328
31967191
145273214
718372656
280801347
784585692
629693000
590060759
335557038
394491530
888646886
397563241
851062967
931020745
171358872
357890355
998639653
186512431
781005865
228326670
905076348
107936653
941392134
375984562
450166011
767321063
993414581
91035135
543978649
960732387
136301905
653030581
872645410
990148352
413874475
355445487
736842908
847806429
478202118
241249187
423921571
492565463
907855575
370429263
906532309
60903970
343426664
825591778
79040311
915508061
77867779
6210959
103499841
283088015
733149958
130319611
5807601
528006555
154104769
408605183
217518592
730582139
267785599
360726610
301901793
273274136
285596966
637828886
865634773
869146789
979820186
71813723
423969962
313243396
912511861
427487179
937330714
978455961
383871323
51208525
415460663
364950807
842374245
851897919
833843477
558831826
130271074
598599527
75495998
750255376
344353337
622130635
897219501
363102034
589687149
215576187
358745800
353260533
527563986
115175311
317785934
574776256
148451848
237434948
316095547
62398649
903901710
22541373
288428903
6684508
146958434
483678871
793854510
780640286
145274680
780350826
353131935
738299384
925290731
832483552
108531459
114214299
837889264
652197667
210876151
607715438
671037564
713370213
928104675
415440175
890407032
650028719
83936554
914397821
206597984
898814335
787954219
881346737
86994060
745939614
383670407
246137752
128562195
851654636
10875391
840675293
438459290
467869861
385707816
320751588
964492072
237862
288613121
647724575
476572357
216468150
250751252
391271684
189003435
809445499
334199143
660990221
91636307
318198454
783933186
710844319
508381748
786947229
851175811
923382654
672012026
939255026
479268506
562863158
939949943
388037831
440022960
609462013
470926469
922068860
467444611
249437871
552528158
576126990
348616321
313219330
587422449
537350372
167809661
86504736
492804368
669933027
140496214
502794314
86188341
174436397
704823249
304618466
13242021
273144950
823444200
659126800
838129216
110403276
222612507
298061774
39485935
930501474
31537881
493137489
334329688
562305475
950990063
14020335
635657822
651154252
609112391
826294472
883130980
384055569
650276350
245998774
559676010
79861849
698540874
688459701
309953661
783764002
627310870
1402213
963688389
995610969
342176153
914748435
45055954
970017910
734163804
326597507
715959654
917319608
269165299
215200465
444420297
569489529
962682731
931902557
315454249
145895654
201034538
400802928
111468958
551066663
979014646
376046492
49352952
102947082
441241846
358490582
228422620
235385679
852614835
906388349
366980553
340913209
28454881
413548488
181622685
338690127
327263325
280108084
535902351
966399775
781803940
551869304
799966340
617362001
87348027
78831402
364406642
339643230
403074715
229370974
39338005
531765745
518181424
6019759
810627226
202507570
720362975
654970478
230763468
782953869
61574139
916943148
708533231
578464022
949559797
129463211
317561530
986170994
587591513
63305364
530310489
362216852
57382852
826982501
583310487
809023885
