201840104
436443186
590140692
707794300
331199938
230325006
658945455
223521542
864764671
397823243
578457170
496356583
968245449
767615190
543244567
764957570
647912624
695092031
334786467
928997316
426492906
348481923
82251202
435109957
574233985
487164295
405589202
542374928
923240601
927014622
665821092
440943901
840123634
954481838
329098276
247398691
838946919
668825618
395451746
107527082
137613462
854141965
837333221
113148855
163542039
107910991
717234405
199356840
590033595
269170769
577889600
201812011
362906054
369128820
82215021
760828733
607576859
957446432
378336380
101809644
178713135
24463903
517784828
550320243
548399923
892778357
477872646
129556090
897790640
68275882
737231463
490427175
505005699
143233544
469532809
938648292
505061912
787270327
930013739
372181918
303004684
973522196
334909684
729562053
76148195
981722158
252802627
445834030
610014363
153587920
236314888
170961213
577706611
681375941
454938145
702214291
779066017
423086383
757419637
214406088
596054895
266836757
468676334
234837468
619055717
310715653
567391279
6895896
3960618
221777533
404809273
595665127
788340142
599755340
710925723
854932849
380071894
997587464
597791305
588072197
864567646
677893305
191044492
32012784
655001079
570856886
150993917
603962464
578762608
980199473
171708063
175025231
721957800
85910653
679958977
266612847
711131681
18991958
691886485
112690461
861111946
512893102
939695174
18391357
688581013
28053158
249572719
324634001
720106000
563623023
261228719
812858972
29220131
749280371
200598300
24728489
378134626
53003797
158125205
168889753
81798721
174122913
806594183
23085818
298526434
581113183
459335649
22618488
480679331
295898382
852187670
613247047
711077698
268973154
228246370
630383087
689935074
128873399
924480813
65394936
841522689
916463842
319856259
632235360
408987662
894778724
719362298
248541444
964625507
847835849
64109577
857341393
540197446
345969367
767938308
76440841
367259936
948984578
234439146
60747594
816591990
998933097
128334487
232885511
172594258
341639692
364871627
523458729
770842603
46641048
872410442
569191253
380778206
122324786
434092270
508000128
160215318
791914160
936804686
228825221
203258460
30306574
651013435
399955161
628708718
766625338
201937896
432103355
676773390
754246607
234836932
746727708
328274725
795176536
695766298
751530975
915751305
40034168
33132211
304469956
160166858
92448981
939256006
493294602
707553683
488451262
912904308
115033032
687404110
131268913
25102409
666337148
827007963
232176129
448484425
8561366
772930722
35639606
557939578
668963806
587118669
335731159
715702091
88611762
51431507
523469317
512417013
800348736
41887044
376164362
541216292
919875414
987425534
855836329
58550531
662220831
867741453
132753305
450264085
946360043
522495551
842021075
755621926
322102760
61272421
116621326
737650032
486554844
907136443
51532641
749927756
874102952
32072242
222078977
965587775
910381431
384008406
129308088
400915848
474399473
208145754
217375578
491579583
58751568
495101257
812488666
452915293
699217924
381925399
847643899
320707561
79807704
631636570
59984083
554005438
425217886
274334000
729672635
311723401
587915290
315872006
54559492
853081600
43765791
804453402
18209861
310419321
181001513
112061771
997976018
424295335
462077364
123899587
287728519
712507471
707536639
35527640
902425765
989421408
34765396
935949896
704800655
957258634
338000288
975212095
114836238
66210707
653622051
210805634
394048030
626690246
460289752
603575846
25825994
394559490
99810131
502420757
503280941
612615430
689961898
307069367
980060749
396586507
925409047
633895892
570165222
804825412
185854321
682215606
562949622
468014353
844563352
490444032
249597102
649827110
102242756
817283315
13691194
781423147
166011121
383168434
628284342
807180738
675964513
453541841
447247761
965618444
342461280
922992632
70894402
505792973
606042101
508458968
385570733
244839028
817407236
226477078
882297503
951395708
74600641
968763643
11228087
652174107
359227353
555494802
571380600
334961146
475599440
690146549
171716858
135480301
350183828
349263617
369606782
190343952
624335593
839124048
742683198
777686373
490471809
899945876
927982867
768003978
243890436
984317462
16530965
319704513
586156404
871476112
991419760
112257142
410769781
727007529
111625383
943539511
858755969
999147033
465793554
851777760
120695429
884266401
161110685
74492367
230020195
325625117
988416660
226223127
124773685
499614779
136579593
17104341
194346578
125963423
639487530
153340117
121754128
348694813
42758392
944988017
165625607
440239735
569832827
6286476
867565809
436703674
48785683
912330058
775850433
428285406
611297829
910246664
460408571
322502676
24629132
735526603
945209157
608483455
93936461
533365206
358572118
290730384
911698900
862674036
514668769
770690787
893462919
674033231
686775926
975485037
44565375
254557052
306424736
741820434
818314404
929736039
854744594
990493602
488740389
257264967
347374329
580806530
366638672
27249663
516877872
289930944
897780345
767418581
105983080
196433851
741784820
915909985
471845488
194707261
554023309
583595749
550348635
50715369
551802323
213379826
519747425
348900119
666950912
166332821
98829750
411803023
312940067
608350291
613521486
746687234
608982455
260540467
731771099
328282340
12273642
621469370
608338186
913167749
223163878
725328669
683878320
251260108
361830922
794655771
487076167
217556386
504321363
642032647
10099072
322740203
24891214
527196244
941701106
227836345
441903192
49998456
518026214
734892497
976782261
724640325
43046484
673537394
11229521
321779831
166705699
851594798
857958461
953596308
672252062
620164228
189755469
767795991
666240571
722014474
375433919
713610572
135378907
762522265
26017173
509740217
1120709
537587979
601153271
783709551
987441669
234460383
331195431
113497536
736089201
527762329
226931697
325845552
676724260
857171457
831045244
208877069
363574347
624937727
548787790
782402409
602692249
134087724
806987212
325448352
815318768
289410540
836276930
985087946
165176203
829851436
668896205
874982597
83458620
561705717
857569415
565885345
297110279
59582690
523781660
619268057
69393086
53569590
184358023
782718853
84841514
378177689
74311969
511660561
891004729
31225014
454081262
93756221
507410162
61603736
726061946
705817194
554745070
98643837
2009183
574993825
763782192
230755065
840965327
612225397
878493021
562297445
612534982
335645648
214033608
707572208
671133224
378164094
883245479
230837046
524512753
488930723
310464172
129978173
804367012
110033840
18479305
345088997
665195472
940632683
96930452
253099000
865681210
664561527
749518779
196987460
950139202
334877154
748386110
45908836
102235778
283282195
897601815
896713828
546826910
131582911
421670140
309372221
75344517
679088410
446184632
172846023
594844193
631572123
16538307
27552276
435950814
50147488
199164917
585451802
255525545
406227526
993659746
618670805
138896038
58119353
331472845
928918590
689067344
367397801
135048073
303027323
343238544
391958157
346721313
953518444
377428978
505417588
840392129
133310100
378071245
106878345
96304373
20248498
616715526
833432151
944325011
908100918
48218610
811569970
47706473
873269775
503482376
792446183
122676863
522671365
6288472
919643673
966654811
35777743
961427708
364254631
616662835
201793152
764991558
17419176
620381595
247673723
908456563
416799285
923407390
996728178
597816674
829707229
893315521
106979080
912698037
69474702
778247166
430593537
925257670
86353231
99335013
135208858
213788677
395618723
453299164
169966357
171011153
628836833
211842343
59999082
26985308
684091889
103789086
619734639
766658284
230973618
966418840
929413038
349267988
926759337
774232714
821348363
893552215
609774971
763373803
12486644
434427734
436261874
684215154
625070305
109096490
244025639
326929623
913423384
578286278
418120441
464490374
687689887
774969085
394441814
454960059
992432868
568547580
420811969
474460656
996013532
596458125
290154157
376308768
640599304
461176951
827456542
511127223
70206542
422047750
550783173
34125714
430728200
9069836
498688543
317462222
93911431
279056982
926906865
840966369
128978748
763756125
462602171
943840049
110009774
64238974
614123801
125173639
284326698
811683797
871504551
675757668
201216640
327563020
880494680
453157340
819184265
242248810
635535814
608372386
98515541
228831870
18697308
607622456
860673788
370134642
99744890
161314709
603932952
454298937
870923278
812932309
734820755
163119665
791878999
747497012
121708230
770476349
975183056
902878289
84627371
798064380
989437073
22638952
987852767
137659988
171088224
271104518
781676601
708198780
917079042
130769874
409149829
455143774
649310587
857919135
695146306
569599892
916238472
491770755
64227359
447086042
378331712
124051418
33960395
908794706
760593448
283399646
251631679
296111163
746860592
623432531
460704846
282381198
912340298
435220766
986153117
520726102
196444381
167425301
78489315
523349587
857532791
341370295
956186599
428535004
627435333
792462415
853645423
911450912
97476637
874695533
411316214
1902998
41612802
695246001
76077385
943195987
856065740
946828237
536379709
567259394
563877786
876998658
541935201
322826178
864462102
345360403
138525489
714035024
764235621
507884364
386679668
47767906
128711860
198517983
695842019
579159529
459112446
720281134
346259791
720507051
242054289
624262972
587312637
717937585
502284691
668014265
646388597
116659655
471328423
742747870
698399502
153637140
627911927
541157405
362965233
249243284
737480345
769984471
451446249
497608655
945669653
44967263
511768865
929533864
964490562
545759667
511463502
850317687
565494495
160224192
3062243
665908780
907880379
517123627
896041335
353784143
782575620
820654915
920235202
98042988
451459793
974643895
789169047
886094263
181934241
432954470
456708314
592084631
813079984
99450101
883678443
833420080
683917143
449748308
679794759
802797352
120989020
936669188
338574248
331677967
934242589
184030722
393507954
553461883
770429914
834354768
744670199
495378654
384280721
104077579
520191738
138421764
356963244
323108454
987644232
650001495
990030538
816141821
41287404
360800350
810059956
570386137
894433033
356814135
694981687
643899764
205774849
395473521
160422504
259910478
803362211
888432561
125918679
623335644
653518205
889853689
745678637
212375669
609802761
994759994
355445979
58180744
628095079
298927052
899653502
18053360
128813411
936706364
223984024
56937782
469188820
918484785
858687485
578977772
837157739
30986196
907967131
259946688
355962700
403038488
310727421
321496903
197902417
203855435
67420328
46125845
885120466
449769365
684039944
82356964
987070888
442698784
550471653
528158872
584912346
38217921
809996461
866563957
364291175
865640056
809943146
633258158
80627024
728299401
158311815
24957132
101211117
51064246
798553235
568688659
393261669
204696139
532246443
498214736
355414773
699797535
955283596
702146146
541904761
828054944
578478695
591705634
446097429
690490075
572908878
503468333
86467226
439211653
566878270
163638504
231710172
579664158
457324506
425979098
847566859
750067698
253819140
965092282
843975105
22994672
544930276
463202602
550345636
303442454
5584829
300814525
806702734
735689415
835230203
299675578
268603829
71340692
921847205
283068212
930957305
173664884
212461935
157940147
285283045
741719383
793137876
832476068
117075261
474475121
528609762
118766991
734868694
33507871
897050375
372187718
806670630
358740592
770260980
977553384
775558837
249006893
499757596
258104281
364208891
164117316
68806141
210541705
922345663
584350743
10405615
993713139
37367488
174984877
667138652
288286938
695329166
213403887
634918477
193680834
173752863
429356376
810472512
985677329
735901387
995232364
141906247
537819746
943558472
984572563
566315841
986924313
366581693
385844454
74277769
972079751
384123555
517224920
779575961
819760712
884817523
822814195
330606474
137699564
928515814
930209601
883444358
280681023
432868168
540373940
444812684
302028793
485380904
892943982
59385580
709941555
604520330
73522491
105489631
311991381
995315211
682407515
788878354
403720167
70513821
558601794
809570152
716038112
758190489
850522080
575724012
209565200
179151959
915304223
992055727
658658781
870532695
798588052
750361110
120863630
365092221
165377551
258507172
739235209
50771474
855611488
34164617
262263636
13437454
116097095
222333817
108706109
137326436
78505818
600086348
651224735
900811226
748037739
93558414
102398364
853628902
48683044
118569354
405853811
735990223
933757219
821590229
332485863
186749050
643481642
504330793
482085171
367067026
764672783
384282087
364445401
365877158
50924416
212496751
346487494
67351059
218369216
880577009
583443681
375150792
965121202
267200632
920586893
363008665
732883112
836509437
76185452
601617399
297604573
84367219
560358651
873488521
768103993
454872064
536647223
389324578
854753940
521780816
801081257
181895676
109435366
858664097
39968964
887781766
220205236
889683216
482272527
533506049
849887973
391119753
825177243
296021601
753662608
32694579
184548423
836030317
14206006
772057169
299685482
573839944
50005387
58343362
545841717
728992517
217425924
214089149
237003238
947303351
697398923
379985217
473700621
683479231
417048966
161141489
94628743
729922283
714931406
91666320
364783256
778828755
716092087
239609682
901337159
312436886
443645705
443161292
551538846
946294859
359514862
375468032
336040490
770783669
758298991
672500591
469666017
709463274
137090802
999685430
943372704
137811547
990013345
372454138
804144387
401486031
644701296
318585326
590430590
226948380
995552038
765268504
788337249
524141360
816332716
424315418
291703155
340609160
224502543
110470224
157386330
397999168
807092125
666259316
908030059
99885746
812558754
243583758
444034309
314595832
453178097
920334890
919177800
453326005
71775933
840818975
799216790
409790127
307241975
554210954
724022134
396147501
17219747
150893936
815757834
474609267
919070529
331151633
23474365
452678089
284312406
805851792
438274101
934733230
351778571
178680432
163692402
853635171
234361499
505651753
895472355
743128686
374925629
258619647
519726553
500656828
994111641
506932117
695075384
107334398
599823625
856846051
821454315
88020977
5169041
879157776
534984523
863824525
951370648
70854216
361101920
665494906
568519977
82439893
136382764
802346672
335328367
774441976
208699314
302150455
685398234
578242369
333405967
141999204
635285834
967281615
722897688
176880163
233893638
292563354
594372088
213117577
410984046
639028086
395700550
948184155
399178339
180401733
523350908
368782771
663890731
134457188
857151217
172755082
622244393
662151749
96550200
839068185
179843243
919985195
919241379
324849663
22119661
265523312
68315274
324469217
324841865
771930004
995922751
675193843
186739861
547160332
75730394
20246014
62371880
639069634
723617909
492267140
952449655
112751231
542570244
490277835
717204455
105375682
630757296
170754346
622133628
860670726
906678686
171622481
646646333
666972168
179288222
594370954
870984995
507076834
801594471
545953232
512756429
795005161
593168865
708721500
90553617
49813941
88138530
690618414
178964671
971800511
73285341
638967951
722306947
592178538
485404872
428318512
615587733
290485562
636279026
818948760
158127080
940515247
362333278
957027854
707992199
360211050
790802274
446997394
148094540
824898076
720491991
697019487
434704156
410151872
150780533
230279958
659292009
446426180
978265431
77579712
224061979
819195676
595540519
274190766
757093276
765040223
95428690
520449099
538183758
5035414
282202063
118516853
303544292
396307176
348284712
838717992
847848120
435928859
988251095
914215689
651792776
481135943
435623126
998397841
857337932
65833941
82499423
582558049
167644993
141502948
782812150
167711534
447171184
235862399
45094546
933998560
479246495
258979982
53675025
25806446
50753425
338205421
587120265
193102988
633443133
852228474
914943159
549278086
687081342
830620112
696428735
114339969
290754696
79289301
454928954
318638284
506155205
631049778
950261521
558440423
119886503
194103261
82634936
460013794
839088172
752209885
836487124
243135955
342347892
430420829
695643810
176356962
573274222
328415848
394437004
433660409
921566813
737718309
515790708
743255546
211643525
685162222
868689389
1619542
913362942
467555746
160130332
731188996
708924971
529372842
311249963
278577843
249776657
784640569
899361069
497265773
469365961
752032734
73891925
31936731
896623859
186923341
411089671
370294359
25439826
508272641
514739435
404313974
851258755
442224222
351261659
481303297
381084379
131390549
745025406
13856592
461303859
180568416
85019524
283529759
995342809
697792864
628653355
75755499
343839783
374589345
715804035
25878628
367550298
278488911
33154676
626953751
511770579
831294915
709277160
478420525
595635203
528079756
676852290
832570200
971566318
151320544
552651267
71177821
371417707
753244877
758912415
417794055
609429807
952971452
654666484
150203120
187995872
359107354
455316075
20975278
658078708
357735710
961754858
329930658
876863139
779259430
201658592
747069342
120434679
328098259
803819315
967930401
650006572
834255288
877709955
795505866
431771722
698753837
94201465
618066882
680536379
531998779
619955107
644406917
16074910
153966058
787057415
198122821
242185031
658340192
699587284
583072735
217274151
418101104
196528735
725223084
244708593
746380581
109821870
796323645
112440867
331677220
489654209
189797307
696374903
992460066
720483815
505113397
739241661
537482854
840191190
412342129
213517186
566393529
331840564
8433795
501962867
367160888
334364532
778297117
616250898
957751341
669940932
891917248
792656997
222255657
345830251
630411049
16269008
623363062
338610150
817470563
861778257
978454470
84192293
592020370
200264234
989114137
817175629
5985455
430551436
699837083
498464197
203482987
716259028
397148428
947036226
318767111
477677800
132603030
952383691
54207899
246337170
269729537
106247504
463838537
131067746
706667936
851511873
733948392
780673454
508599653
388291716
376405010
912225240
438677571
252844313
432559132
614993973
498363213
264496799
917246079
604797305
337775383
916639323
347684563
957020775
122795241
211020185
377364665
577294840
266953286
373755232
297151862
745140249
973311067
901027045
880506034
766660322
168852124
661798367
962201410
187448338
837299095
624694162
150958762
710509622
264339996
126627247
96531450
535377506
766168854
571528861
367901446
61550096
66486120
734893648
630664269
856690863
982029091
537471478
13922682
463719706
15355405
150816545
775110125
705065275
199064350
844139110
745418580
430943229
332791702
380484438
44174162
881489980
875459135
362461844
440856604
475227637
166730107
901113752
306111962
405553889
109925535
737443649
831165939
910719034
559689206
484659469
284080805
103761809
85367496
182789165
77254898
391234349
562393236
215983382
961569700
513178908
757774918
185039225
405840307
111986738
934858372
744423213
772493086
907608382
808058994
20614032
358985818
375082737
553720512
60407076
739421437
468561762
524961186
941239771
920852291
46775126
552351492
216187996
75594822
810693567
765524720
751385870
51666731
629578360
487962854
312734549
955181386
355693533
53797325
431333701
530956611
34978660
876358070
433838701
346995922
586230882
544006139
361039760
646148903
911704516
658372380
447846965
114900810
988007680
95318611
69574788
805365880
467170001
723432973
960660535
393114873
960016319
863702732
42811488
2608187
283041931
622605089
117646628
775591275
548405445
368490232
421231320
911218363
448527014
886499477
650813722
991438646
515241341
580552027
690822893
201099624
205554333
270458752
12406543
594541589
686990889
462052710
391018236
379036112
207655114
55414943
463949207
203124153
561645813
187002069
723829415
580926048
927202731
508405685
957109731
524387013
740395100
475260019
683529239
588463310
57105651
929463424
322215822
138071824
108388337
340351866
220714855
715805243
603345572
160977590
863957111
411190550
906882136
766794879
370577870
564424109
336027409
35554947
571230103
713313701
673769144
111037921
700842251
695060660
599752350
321289831
145906320
746326515
46702475
291954959
677366978
732628389
152457880
362078384
527012769
406289752
822881443
790180068
31851339
47296177
924815969
181595595
457474475
765245879
210081983
637052305
231230276
548644146
892078880
459338183
2397502
469532831
700479670
339706665
525862216
459794515
863513551
472621986
980214882
838398715
340971429
642027100
229321206
203590588
878138392
241888593
462914782
390158280
194976142
996369449
837150492
193221932
687515159
600256550
192352713
213808805
101924345
313477850
973838727
594756914
593666525
62348053
419196336
768839481
284739910
670983592
224748474
202939114
191342596
657081422
217705852
795435761
578830730
113792628
386192354
433230133
299333737
921878221
704264273
885999313
393769782
533825946
417490804
140583616
7507404
519309433
656308946
655731490
223337249
516704043
767390493
424843159
162031216
323034897
393631441
398050162
769401860
303583029
589460128
355003114
768405613
33215957
746299590
301970880
440700250
572353116
787037322
448022187
930486416
529121016
355667787
79062917
763196403
216524029
942947888
233607277
809268752
371791787
525339618
960771814
98754100
760528013
695660982
558229540
960109012
286581724
227082961
637285102
719039267
595941913
99796712
909889329
677586457
594162535
69969312
497245991
360365468
773462411
872924631
100141667
670448095
148433923
716936670
218411183
538179730
229603759
803583838
344096142
510138800
296088552
531710811
870690261
515793070
111298817
475329455
360377060
240225995
467733425
499053217
636779229
956156263
373958976
872315019
611555718
864424043
700471990
132509045
212438291
125286640
560956789
113264292
146039117
527431683
746540765
942498458
45713611
206799342
869754648
333033217
189182942
435524720
413344306
217539594
166790047
143985299
832131574
521595147
555359165
354956117
990188503
239723445
441150515
402674659
873220226
435192966
984428060
752343499
539388256
5621529
635780864
707322181
235394979
939602843
686932939
585044771
854991574
901647146
501765083
714363436
352428579
865775047
456350178
300149672
571169841
185450415
420575792
283565877
826622839
658163090
704015772
594500677
636147566
420686429
875889454
670376276
240959664
130414934
849678158
576220363
824436932
241319867
592529987
731861106
821250033
472309674
745991792
234168104
799634805
314056320
7391150
329399237
401810865
343023261
769351448
914035991
722887301
126536675
137380182
394584340
514359696
721607625
762519665
170524920
459820796
195316635
35975020
47807241
839172702
344458073
664892704
248870880
258535749
12789003
978729923
357291790
839104126
481833385
778696784
718455748
248377895
620550470
25573582
401896959
216013822
168942790
322417712
431370197
941000918
778931440
61661520
376649487
727061857
925322309
18766315
712528393
772159026
825687321
797332341
961642492
767879222
136992915
852255782
134632834
161672192
979870629
654637173
231389787
333429762
736961300
417016539
512958793
450912322
775184287
913279273
312732462
915193380
370390243
847617695
351434702
126806358
222160753
809347148
56918486
28574303
957320904
645382400
150696795
267511926
762510169
680320270
958934329
985661341
795429120
264593376
481122072
689496914
911926765
907297930
487113969
847172226
371387978
509277557
538811481
579428370
814309835
15772916
10065015
906936815
322538048
99463154
392185895
130490142
192201261
405228381
163555901
427314587
43196110
622373624
63449267
691761707
968775363
499657582
892324115
226104940
114888386
770630511
413037530
76369552
945631831
874959913
531220468
10168178
185223951
960770421
49298122
392752360
154506585
745960661
622113590
245614014
816846774
393914011
489821178
973973820
978780180
736695149
638048774
135339448
221567347
530802962
159444873
66418123
569933225
285144653
446621573
976793034
610282488
975141429
606335748
420031544
68571668
769770207
88844053
808012290
861479066
251639962
675474858
917614879
61585157
755348283
812836903
813023752
597431674
728440150
917228751
51210328
488200076
830466160
271582552
50054414
77143904
507863605
112369251
681159494
239797982
913386957
459979839
218672598
331057413
830373647
826290194
933403770
621851726
62800567
987671998
840671444
553500357
582732370
362287171
49678216
126620743
96476226
223110544
912899968
968575128
151159091
420974669
822072785
273264675
190252741
63223533
79342302
815139134
894133274
901767095
383516600
63229532
314521670
222781951
100592597
927883658
375263229
514428913
910430946
61128258
409244860
333430736
567781918
391721845
595608727
237120565
325417382
592715807
415985914
937732405
548057585
619753805
79487350
302544079
735001164
588276385
272350811
18796738
281558796
726418195
624763164
514462633
325630040
211481098
366667288
946353295
792876437
964667596
513465195
529366989
980118174
169530273
683972204
461618679
446843130
688303178
849287083
576772039
595611978
776855162
712465389
464912910
212824189
332593914
851265992
43292344
841807488
374097593
958241035
20141073
869190328
410744650
578349905
928063675
90514289
922549775
347314687
65962767
382328109
10793116
450610203
416525667
225659484
751208692
958160216
76429164
444428591
124024468
796145011
403071259
466712936
987309858
420653466
42393543
74466767
199255147
183969504
301323984
240378923
532277362
541166905
265617766
600977125
377027388
915438103
378743150
507783
325396131
779441940
785990476
646039565
781424972
9970676
391187742
531398709
380369664
830293635
486361911
415778485
32787797
111201149
882816703
197601166
784858363
640166336
483594927
394015634
239829514
434136816
831568566
864178561
751514434
130279823
571054662
474509042
759959804
649526602
364683024
125701634
372372253
128725950
592539210
958770972
47244650
967510726
227069044
162008074
328603186
124848339
970902297
964095106
395770281
290092548
746162018
635004040
940282075
747205114
119654562
891917803
767213772
885064666
565025464
391356236
46570225
604731731
138664516
82840495
211975421
630655025
698033492
790463322
640279179
536070253
891774077
332425862
625319810
762259699
706479188
615150667
546534203
748699450
136303114
555957585
516052186
930166495
641945540
479536957
353256542
273783710
236432041
250436178
994607532
950509460
294867879
44711456
614177938
792427058
559066599
777308444
532595096
835332000
686448955
741874256
462120182
936622954
602231643
936685771
229043783
682393269
2907390
912540278
492533992
591226205
462612613
602759675
157774547
106559650
613216496
643453076
929163271
553583851
514092852
345451755
581130231
176287736
73627564
829815162
469544285
368096354
388364172
24398067
555968237
667403224
68471637
823202838
977702579
789515354
796750281
993393707
718432759
824890163
694160523
598808731
153921450
29634591
512587149
734890709
897308496
693388222
884196832
832957719
84740375
795762292
999559688
58742253
323503832
832744682
619556695
94492615
258736995
970356593
146028481
24888425
198268918
872237066
293914323
77924907
987248410
957660929
823708709
709009338
500700075
324485635
434186882
327891687
25366515
119113570
823369238
692716619
28009599
184885082
156344346
752742140
475034610
565226008
781532363
651825534
974860317
888621323
145237337
201803823
248925735
898444775
726191476
329833861
801247899
712856019
882455552
597065136
54428823
638469454
248011914
920855758
21434116
398233178
843800825
574762108
947820852
472468682
159020650
87665569
725262514
532998854
643143028
337538458
660915226
689260101
476317540
606240687
627164463
566585369
164656337
807498500
587111362
441453322
68223511
647857059
58613455
123170896
605477071
50295552
826001243
945013498
924862830
489215895
796343566
233083269
420838392
290120909
348726069
591603949
433971194
110548385
958028230
304883250
245733741
107561709
246184664
444420089
22036389
272710040
602973398
904634412
303176448
298956973
130377014
514495869
722729861
212577177
284858381
387197239
934702600
938123562
644266188
710957078
111930327
546473914
968715615
429264
243420528
600934489
318280168
694703228
783448261
479339324
11008429
369445448
64166915
497167184
624323806
724334072
511652252
120115994
985766437
880862285
748801910
917960771
314920023
507309274
728609194
22235269
936422690
676917045
427579690
54886661
71180840
256919162
657773429
456186602
300729757
604313849
41830673
332485451
633124581
194132927
491117950
438390222
644562926
689950374
765817661
919051746
112163253
517613166
23328998
722807942
449652908
138518701
729623785
114915864
576461178
69815604
3974282
944809328
540603570
149828419
97730851
701758405
68476983
47834523
821146715
667099757
737012033
952635968
213337883
890552699
556004161
936915644
618242788
184232060
487420021
311102551
327699044
877487937
262859859
424023582
681750833
217404573
714492017
914245316
691916509
104770190
350599973
369631500
738807346
391299214
626950448
604736212
906038385
841674454
541779106
675417528
181069548
350702896
347823177
780696890
682633947
548345535
776533501
337851718
989379020
739466386
733783558
907462658
694678273
521856907
709941310
301299255
392921493
24413145
42812669
256568755
546789694
246105893
380858244
476638761
532060796
197347542
397496495
700107156
517467476
829582029
737458844
20266579
571214402
853225097
105873044
829564708
493640882
670583093
324145129
298376899
913843833
560525378
298007041
684345000
822508858
194903253
918402221
494528170
81140000
49795068
355177763
312129851
788298299
267313369
340737078
873965570
842717921
220958019
940483810
236929569
211056010
678992746
57638827
591152149
103021185
835580176
572119078
313211854
832715351
971214085
641332137
40004407
904556594
78076815
465266118
600523372
79858452
973738138
78967477
144409392
966905720
938993886
841296330
502673865
987405485
272027925
767664362
629481592
435977318
551372999
977796096
509680457
255442599
208691974
574040557
978627770
476199038
525162728
406880558
351625594
418433528
829505263
804314676
307098666
61657002
290725629
229547380
480942218
393237835
860199985
251505685
669326047
34675244
4927524
986848671
48776548
855851845
995765704
350350890
288233501
661339962
713646079
898551238
85049695
61071178
786097237
523764858
540641637
807455244
631039126
762190649
475218075
930905521
643658794
133793602
136461916
517736573
713091869
25129180
907417058
679119585
78527822
797076984
678563649
414146486
94524215
829769614
305390014
146911987
656291991
108617177
840118454
574921787
12798436
556094562
310413958
380862212
479248554
246951704
694232692
315792067
682956503
40084198
352669321
455333476
491119931
690896099
498940121
292853148
103215315
420880888
590438292
946236298
900510524
127428028
960987395
106458643
398538462
670353874
902170689
867756031
116949172
317140929
307652759
513408885
800537724
790353591
83872404
148657515
859890310
194634521
769935211
633838509
738216953
267414657
771681843
975214009
117861308
303182416
168147783
608136793
872255115
830686815
423807264
658956692
694210843
308502914
323226945
81648724
721831892
506139367
140223753
415825610
386766176
802488034
94856005
650651294
162554711
403864994
919282540
992055027
207680215
513816745
613876790
380200665
748383858
634810582
922167315
102156178
672741206
957327779
155378427
473458989
973137147
671435265
786028252
815449398
694590779
71705104
792763007
341322809
585073900
938397475
608871803
661653589
815353204
903677722
628937854
5961408
287441092
803100595
962574239
119753943
428079074
991215923
985981876
372360810
539297040
798737211
957055729
934075712
984261542
546731879
837140785
78551501
332212826
793553549
949085733
715459606
230817908
719031773
679243603
755347977
849368810
430770646
999902118
81129427
170352842
33658654
538774233
76582210
11471543
575144650
519011142
925912035
814919282
407076460
413783991
278196361
767571461
370885277
708467717
701677018
754181868
309890210
669432731
784319737
659555791
249842581
511255089
746901845
138226499
575914484
607589594
286235241
920814421
549180633
202620469
655635995
340512219
335132958
652769876
558904119
859849469
238150829
48029800
579162137
780295448
715525613
831247717
414757215
217827510
346785478
261222001
751713937
200550394
365379918
126201444
293504630
659656976
843362149
276846684
314787689
669626510
683575139
311628145
916698383
678973587
779632452
823270722
831644541
934330195
46216977
384481552
936471153
102287814
503260402
571445242
483150674
335928569
326815618
814745986
692971519
15386504
803076520
450171887
428375953
404067327
394931090
923733023
634612338
408333396
183693418
896728578
575999007
67690790
474268643
669833441
920314031
310434788
114242622
996010422
186493306
81321180
974595208
972981369
40788491
493450162
655866840
458323388
437848417
676328696
158119039
790994653
799645601
555369737
451153660
291108436
947948063
555124725
968697908
67682599
386683812
65937567
990731082
246966376
986805612
280513846
537501893
568656932
354290643
563725021
962262264
233264357
895081421
560454211
583644859
419798684
227541171
677509026
558293748
114399507
427380723
718435619
35838887
324889511
341469057
647047505
507338477
15395443
141817858
878806008
660131587
108065845
281476319
663161922
253018089
278047219
767274546
926282868
334474008
790184490
133876422
794016039
46539807
410375456
486110341
462804188
243024746
732867582
60081610
913631362
233920722
498145805
50736208
947728139
509987436
142904916
509300979
382618378
635397338
310734981
195984815
272646527
117951744
776100402
631263948
56631738
991197387
918366059
283933203
703973745
257603880
549309548
979633528
731945063
586838775
523232588
675053935
905457800
884192956
936256002
711168948
516678051
965817957
22893623
329672362
425471764
523811486
658369444
559791597
55308845
391820201
172321417
311711404
945151753
327945411
934050997
750080746
511062118
705380361
754793511
302760859
231560009
748285020
258016786
895233317
866677634
128927606
247573921
411665387
119034356
433330781
776320164
850799002
761191592
829788904
906854064
534103143
365690682
132166101
544175653
433505434
133303956
549941890
297533106
582913121
427542999
982719616
420904927
5711506
670746254
940027390
227658229
71323803
224412653
428874020
263624517
312844655
292506042
133048495
439480262
273553512
753702637
731459858
940110976
422651262
502825102
487693268
792537603
423757989
632369727
43910969
60026005
870102074
78278186
238325812
342983866
313719629
291732282
135026353
975148001
602371022
994080200
690863728
636682975
508719122
309244760
209607008
911797527
738011368
954500306
721074069
601308828
521711060
600042945
612613802
139653919
309388002
88407840
683842892
180994808
591081290
281458986
107878205
462917441
692729864
817485007
574083388
128250610
922534247
665335438
583237774
698354493
186819907
103817638
737443153
7982890
739919706
729524654
922682586
413248411
963239143
665218673
765368196
50273853
277150589
421627801
923494784
906481030
568741030
23866098
604853146
716664994
432666713
408918940
781130813
197223590
562563701
792014551
212342163
870457897
18208073
378841252
902578255
504827357
294744688
124492608
934059998
254926900
326393043
81407228
18155518
654285166
832543904
742481510
268269926
982103914
828011861
99764674
630717990
745076450
505785171
56905266
905700773
517419708
167097927
804658082
67268198
996141319
288396825
579450852
381392401
589264375
637948413
128981173
23406415
278945301
413757220
938533500
185692788
82977594
374113348
148230387
684488120
413977477
630275130
879609340
693766754
986791943
598203348
777294524
135264459
206530411
167024743
183803083
729042561
324298542
856788937
671046377
559648808
578716021
883760793
900693183
7986715
916213317
337202634
174421713
846375023
409573901
802744969
133468126
730069567
648935433
44514451
449420170
597090302
47401952
496246409
457477113
265244422
115713689
94614666
565186398
338937471
927652418
932794481
721383901
652124246
839129877
417333591
590435779
831444666
278390071
35154138
719982826
225201073
196932827
765288034
112526977
868254929
928255808
862786399
198194765
702400364
583683246
524464611
515354730
88396015
332134615
684476401
169754852
93605241
41210432
56374592
99397754
982400457
922668663
92179661
787237013
372256642
904889247
500846298
195280610
831404733
117303732
733549639
829296703
806061392
992362850
799846658
174769422
143819099
30001147
805902646
290053018
866660502
960442832
36579082
164517454
529642102
726143856
809390340
175450011
577803173
249208786
499421289
459548454
991737581
459888282
791595521
119434421
942539096
557157529
334462547
758165653
594656967
990624855
559325438
968998968
299685608
154566573
729196979
521000722
330544068
401235276
720137526
634313896
232550302
612968086
118855895
628751122
740700347
941645668
673513834
151747909
682167671
837619808
876702208
950708267
384636884
166300925
266605040
225739550
227096503
936920204
419471290
677042869
881891942
847739240
689131072
646096996
185554308
183983299
86937230
532202055
446330879
321172817
78051141
682652029
318113813
266914145
71399344
788771743
250229320
169085083
112847572
124917923
267508433
765883531
899436058
118107902
239725091
691046812
777751659
95604851
457912920
468786097
724629038
326128108
964472969
665192575
339555842
150517661
806635709
124880808
814099674
231036149
834218975
492916490
27130485
501653382
464798718
695402184
69275280
857226315
355026787
989065745
548071627
185394848
33919776
933861770
802027021
66282484
416686205
917416682
396540068
278527083
814910637
404573261
893991177
126577093
282888289
781234787
133408048
627517970
511405173
415465025
179274220
513487243
778407958
463816817
39992900
141226999
689783484
14423886
272530674
450522238
497519827
999387450
335611822
772043686
803558258
400984960
295912253
285463242
467470271
35515417
194621154
289793516
239852907
703250380
152371341
551431590
624840685
360879103
334586515
666200543
982657787
343135567
27528301
292238495
589036215
830617544
557520040
231310539
248889745
412138084
524239307
775149738
535820255
600645480
49514818
784089014
778863933
262440567
397982718
992857514
819846292
933882622
542944390
471340301
714738857
938362463
462415930
620256532
879746048
188880971
233419063
125786419
673708578
233935408
336279037
968530741
5289437
550136292
741737442
997524190
346149990
808452000
557961897
321032233
540727291
562761821
549678634
742636288
649531857
478228354
89101732
21116135
708887415
210621647
922999436
80106563
724864623
276984150
398718882
538083871
781093272
510812114
186559251
727276027
461855801
149023738
308095762
760593040
795666575
852312338
373510387
77825321
591353260
773311939
679754123
338283217
234504521
861406289
705252517
614463290
419953201
914050241
704513088
678759437
165854952
951142307
527582365
463843958
76218868
840178801
670487334
727837806
775015105
148831553
352633818
75373673
509300093
932526238
804033516
62259214
80414331
47556530
842578680
795294487
597429092
858427047
879280694
856984462
788569626
981034765
474683551
464448422
862430630
907811335
333737104
480072748
144091914
228313799
961683064
883657899
41507556
174708776
132781681
25887166
869164191
79664470
925012858
318464790
696890439
553168300
462348807
40161570
564793015
221954887
41265966
819692102
732320947
574423492
272705387
303424823
993988737
886485996
679295993
936937830
832995348
531419059
437825929
7828862
294153793
27532916
79121381
513244934
94879369
224492370
848239479
823516525
780700022
685456870
236409399
592870594
240340177
863840727
16427454
351509049
441096661
141613527
334721582
908055631
165857271
157051293
64616062
907874684
631300069
421163177
490648533
525199814
828511326
54387726
107657831
274676832
225911334
454976350
304983872
935616397
395754949
221089795
66458903
621503871
724296568
620187701
47124846
682680022
360188600
695381786
920890699
906659444
955493849
305149052
511289905
121765145
267351134
431654636
208023592
702485890
884019883
832328749
441722552
571392467
75525243
452590200
637521408
925720987
463871904
549391735
324413437
619151995
374938497
589372328
219542321
546704757
596319129
821247367
797775931
46636697
747373680
416502131
640461323
953195560
359219038
654774940
422731496
171368483
821125096
422429813
579436689
294256184
84165503
904937445
453860809
705158174
382522219
307543107
118650350
140172705
162680577
6304122
140897056
811555006
717973212
509121271
619018007
709389078
684231249
259596422
679277125
809923909
807883204
26515166
212217073
993090182
733137334
137443703
322673765
976310098
658759553
945484411
967160426
71732734
85448842
394831222
653436457
774862080
219740422
15179503
190295294
608571740
254883607
382724894
734279964
273127958
422150121
355516937
391102242
194973038
157592416
562718678
505716667
631299600
896044717
394607722
55269926
832633591
661472663
185730607
99233374
95756428
259884718
600717089
314766035
807531780
491129302
380479740
127463558
769982175
169353620
659551867
817353541
459847865
617330658
45627058
516703763
405853820
321471454
394820029
805226857
482980156
821923046
129667640
717066864
172165875
720669688
651041896
666318306
726640111
676473451
821720032
446745021
878936134
316448276
402829830
465125300
394126293
75715991
70572046
824818150
679595711
507513902
88998448
790696185
199022577
927237097
774668063
791766054
625687064
986430150
665890041
153330701
788165339
959044863
219559744
988184996
800880976
819692284
657267483
675667937
939523793
450506173
52237629
873976949
559102213
127965907
163151278
479101107
800783487
547141884
873104762
297617943
789349816
495259887
102124630
4168387
958189981
663573724
419904789
324940251
565208197
393128475
586453298
635506209
48981594
298168606
477723067
848729229
534492868
191743191
697523287
152833287
861867838
954945026
329226885
584922728
769514392
972709065
93650224
700183543
11044057
901178287
759271550
672814532
716331849
451807120
582540046
572021864
377962826
682719175
471528955
512650627
68644778
526724418
928894645
838299013
471663915
218557085
50363289
300320647
692052791
58362036
433893065
771746409
579017253
675191365
620988423
699351091
707651257
82110236
491234759
73021594
686204700
120112444
766901757
439969230
742361874
711729012
222671548
123579672
175464355
476802460
593940446
544061605
583980269
240248482
528492866
940374304
434845006
204873428
831418094
337499296
592493149
716029272
158903516
545556824
597833661
478273690
813638644
885070318
694548200
568125037
640512290
684202151
61736004
998174829
647152538
115070233
249856370
664905938
290573989
582818520
147756370
43035888
191029984
132159990
996874991
202208916
251144038
770165116
761279651
24690550
253434394
210548513
884956941
625200390
116014030
486496220
816710443
59697103
646552373
896492441
202366628
277142225
536172187
808405652
852340263
837017088
712530854
751083289
240341624
357192973
437544781
60818441
905459895
872358397
999293805
146707693
499800231
137034765
104755339
884108529
672169398
733151046
212978632
597755909
446441082
110723862
600344461
394472700
821275911
882509616
506177462
883146288
995764792
72266537
711160157
225950496
871261373
336887662
104468279
600534422
854785531
843343350
95941702
436463601
243597819
21246760
312693207
354219557
764334927
35135571
834968511
598566757
416666126
119151653
696047811
194103742
217066237
726718220
287192832
150392696
760803007
392049344
403876848
807256702
603365066
741539486
448163634
38555619
303793398
59492985
400535346
524026097
681721137
213876649
435489728
234489946
890953794
762128699
722627034
908172832
792605273
689125161
508629344
364816746
277869009
588017892
777487740
859380495
343187164
804586578
40129985
212431305
743860274
427261716
510486914
739212696
712463229
496749631
730264816
429350495
277220301
364079869
777631423
297987448
385040785
472410476
761005678
957670563
354403877
690053370
307977274
665849171
156979284
694410583
891269377
615099416
559371088
626870051
256785613
308854439
685502553
794927125
213425768
103690205
857898173
940856279
282574674
297726579
890485641
995276518
137990189
622743297
431490460
695490010
115681308
99973055
289413052
662960679
867106246
735163864
485308656
285296361
313818447
498215398
858617759
560468133
688242253
584824146
92235455
313869549
607476116
576755434
411290454
152262697
73993563
690554592
840454662
428155106
437193924
408568041
916103653
442998362
81674546
666507643
836741577
995571575
592583192
257642870
405888864
679339994
564144416
657526700
603868930
140820962
238428146
646262869
489502033
885910445
249489382
485982262
646596049
451823771
751926868
11996913
132403908
462492017
795423584
246948327
442489138
992193599
779216723
535786583
331924173
509509647
65404699
774418284
517902842
158697526
434649329
22233522
658650585
957556316
826053906
299878708
855260623
891679498
11594002
377723501
217036532
438946705
961421056
469399864
408240329
903228025
43552433
322257671
233213228
345865127
964996945
312751605
183321630
895792552
90465147
689719035
204621257
947702858
198260561
635496269
923080642
722438885
824050250
34440891
243326616
179509292
469973795
447116306
432460943
162737305
66348772
27760262
776107380
390543071
24937929
951719366
704636535
229812378
282896357
694749393
886887106
230422582
753589406
618914352
358593173
546531294
490584095
865707884
314547778
137562114
404421960
353161547
692284411
383952854
766266602
822477586
168261784
699301771
384407383
857767939
495572088
969421158
341382501
76810705
809263285
945875503
252723733
34047327
218901711
925396351
87749686
88664667
10124347
640802992
664442410
489834064
319945187
994845217
262110406
290518452
236679005
564132384
734418534
163463119
884581294
714761651
440901161
27257892
46223826
819457626
914249386
460216593
796776391
583005936
430540648
184840023
758347597
351060913
166043809
450178281
318151022
367218860
971301263
427192136
814384129
273667203
710617385
498252095
272741417
735113465
726543656
586979356
172995223
892817930
254662003
514898110
843722585
335522469
877381398
71522568
575503199
614448642
865582536
450295013
604242775
531543481
613406976
993039125
782983709
654508162
816079376
548213631
561009028
42129941
429875675
842761019
797995872
714060760
940108058
816704105
920734640
486530784
612821036
211169108
227014161
178633438
854220430
733338226
423470849
955016146
663632504
899381336
107714554
675056787
857071979
216828449
132713099
294333314
843590652
351049899
788831005
587583659
129295819
564373209
848083105
478536427
838515224
17944833
566738505
828774300
682295699
482236045
959632119
443193300
89305368
306989579
970285711
322911523
517008523
345899514
645903158
504623221
578779962
267796089
31913590
407265059
69019030
310941222
686149447
881764353
431906300
798807706
130069626
367572333
870610207
554671834
195715112
38480462
125927314
59794894
74204567
18355965
499630499
874885899
454949296
739655644
692689225
631226417
421319070
850056517
854838251
220439590
551843018
953684147
231428110
543504676
775876901
417829239
123166593
781808588
752295659
662429822
392872512
695957525
821394198
649065834
915516176
149400953
587636644
58279178
596129429
604147748
843637223
657588812
361303807
187582375
1807268
198615181
832692520
583252495
985609979
75575104
591855930
193113424
288041868
134678643
454007483
726457043
331278968
108887984
43529001
35375054
56016886
291581700
476209956
256541195
803529109
14733457
858464887
760197876
296036666
174819883
937877346
418898913
658221000
931006967
539635208
583024588
765067084
260044666
86447955
564155010
180060436
892740489
795514123
632439404
432255879
464122313
528764586
741308256
685784602
219351051
635176011
983032628
352505867
113291692
195719031
746154871
317562713
518302789
569068055
219596448
597253122
800642585
726526703
781591780
491612878
76509801
76341352
926373126
629103712
40417534
790882474
561458845
461862362
596814410
578571044
391801803
228195504
833949893
579538639
625535563
678826029
897087223
735788960
519239977
507492293
433678701
216342939
778524966
164374707
498215122
915581362
946681927
195578983
149919323
841940574
323238259
818585008
264500138
845904587
486431344
641771894
134797247
390134817
983809610
384110267
419739105
277555134
389229534
686505177
370898170
912124710
997449722
500112598
366422192
747829376
298084109
928844383
417363902
106387779
316022358
731354567
585819926
117188644
891949142
885936180
540223429
488638677
269061374
425458617
805860890
137777843
332739892
483954622
490469305
456900958
85294195
816179598
257345592
526402834
38713021
656025946
190011516
369175299
24046268
903666793
84348466
821963451
738759076
155161604
78924293
811002114
207162039
16891734
939579302
271642786
428064722
585325738
59000094
221993444
319699005
20993087
551453314
78410740
227464812
449855434
360454688
280301955
29882147
881075615
45413793
292624791
762039803
414767448
134576420
491935641
413813253
484558520
992389689
430393870
333310128
585380409
774178916
985313510
39571194
673856480
644798998
746349662
886869263
2908504
293613111
430160329
633224190
411071623
876171436
606986534
870404287
369517433
246832063
154019299
842790995
894528930
501951720
355071008
708935124
195099152
753228949
479794683
941385744
142865120
575600698
523817519
443384689
209066344
932042877
627098298
705409602
798129114
54126499
261025588
95537534
12300571
818837378
596710575
733472616
249369922
214689856
843139981
156475612
327249105
595160086
499751908
97134646
152749567
638118313
11844743
183886720
747522718
156287104
262885508
936515170
256417316
832680000
589546269
960370055
262424956
413121854
899309489
192074943
677699337
433102684
575573977
313718784
559600492
268324699
444820637
953643472
360323615
560842992
946718469
357932793
367753404
328298742
154446982
610876916
965938532
547678508
420881934
183380718
748819420
651305184
246390060
358287371
555523985
500336222
759744669
709654260
473451260
249603395
70616151
633428623
411842763
115842003
621855879
785034196
309205074
623296288
922412064
728225530
163561048
399154011
871928087
525773608
404584712
513298839
483934268
563636774
434754922
90498270
722655266
57830167
562262737
929232636
311202601
451190388
591679048
107702427
530468842
495971502
631369595
418865701
762698205
573563525
1219595
530984837
423909771
307371004
657158724
930697009
68248860
319264155
415711183
537076818
1656488
702259474
996939780
558412107
307956790
784617398
839106926
878475171
126640097
290822346
336758205
751155021
457022837
512885135
479917857
540535755
561070884
619125474
513501157
967523571
271521833
490896957
133507916
403252434
330884655
136177299
314857115
257105185
116226500
445868030
356739069
180648875
244781766
58075961
169756620
824959422
782581616
30159575
12560151
960411670
704364809
892671335
773784638
125900442
300440121
88854293
709363445
374497500
831924197
129380106
187415319
203165375
640352528
530216218
686426078
794160179
716800071
959592057
299955501
619657636
668646355
135128656
29996429
863370199
333489913
702308557
607010058
891461776
608225012
510416983
548165284
66538504
898642715
755286224
792566161
45557291
774163845
354460096
969141754
513142990
279113141
351181484
518760721
435504991
99345022
280135180
808678915
858964758
74510002
369958542
57682479
224766521
491310726
673500953
780976378
947068886
623283506
785494998
571916560
7429035
384585314
613178055
819608800
382828183
46128236
435839441
815557518
917611328
452977900
587144335
910959778
133933201
544330078
148543286
696488761
182067654
78988582
896203058
630385080
219998909
797356536
347645262
870053127
981224625
17873494
669874907
185409863
788452025
885866643
640821089
424346564
241409620
830798372
433259682
865315943
505203552
446040299
458345758
336703297
504027087
504210949
85056440
497200855
530689271
788954372
891100658
797664789
21038068
23630112
898829984
356442872
438721420
508479775
107580347
320739526
134122245
422246408
4754234
288600677
479749025
527680313
246429298
250193832
138708262
863040685
2577354
596469597
763467995
425655926
995739170
873348180
19050005
792404047
265891755
879679512
776834023
191460810
322202883
399005865
62302383
1520867
66352567
191872002
991685293
269830076
288305495
808933664
557469120
936148562
25288936
291725306
103590721
132701791
643358799
210019186
722213868
874063451
984253517
934485339
183448975
900162260
67096528
30383580
6761187
397002616
703022291
53472362
212309327
395313998
786322565
343782586
305415736
569733693
46163252
78229749
195864423
730373141
106757283
923475208
687335830
880407492
882717100
508230984
667843666
405729008
918439160
547792680
626598606
605753674
167487893
527499683
378317642
408085598
981344664
499574913
224687105
746289036
55941002
84110561
25266031
836264264
924612892
907942409
47959469
1125471
626939375
296561260
652254289
87457255
838777853
190668742
863297246
52834707
193339917
563454790
699733151
75270970
715965366
122293821
565749586
196520674
155943546
35196452
719190556
924525669
711172141
237210991
475962810
515292773
906730515
430432847
950909234
13146162
370662592
318574154
51895968
521527688
444744520
22560443
790939492
502637062
426842522
686513409
304768247
993831214
991860545
86175842
135079484
460888721
928253266
640336967
486479493
673011560
416809478
994690677
893443045
986422453
968899284
990786638
196934019
156085583
380949433
359141555
868250343
476260985
832305420
53533719
816064180
878302966
191037913
900450445
97285679
85669604
478361612
183672302
113002193
824446171
328436433
337918000
302785790
765976463
624499543
262689585
87923917
55971809
160256162
263533041
50886620
503643774
617554534
466422358
633046807
627474357
749255432
372102015
5520779
764264298
489093256
330507110
171217049
925977357
260339749
638923728
354533362
64735690
912756388
127129948
576425526
392960327
666722700
196674411
456010623
284227071
692602973
997283696
1898560
535799683
319331089
455688423
279087394
597169795
882629103
794750484
86399283
433971748
259033122
948945885
570725014
42171462
985892704
289311852
18373343
312368567
378556004
291241048
494127883
518689687
202150332
666265031
238295066
285769011
974038958
172785994
758035888
288222214
639785367
852237437
904207643
884249970
684394568
121420960
678884571
591695895
287589239
260790565
1040830
958498888
769237992
560017404
903780507
938392071
882304907
207965839
532888457
977039685
922458748
1155386
15678548
751431487
559478536
720994922
964573454
650425608
817413708
337364330
854561024
709921270
89961710
985614715
62710626
272730538
553392860
930209241
781235014
568181437
848379921
216229521
460988654
416382952
77100327
286344152
561192240
484385541
501727852
73584629
522828277
447132522
567855108
945111848
864489988
527761441
662995322
336297297
636947569
429945825
982854520
15891843
460609214
527781826
686155485
193612914
390439247
881734729
759918791
817056450
197691612
201012509
60671809
952026401
74148727
696231662
709584144
592360807
148450330
33209180
549648521
729752455
437083059
476871464
523822648
635119644
654537357
957369785
92824735
725566222
586806297
988243101
28114315
679132569
958288846
191738520
570703569
749324309
365382328
759585483
132881217
566635091
410106665
995748552
746880307
967721685
153109017
100767879
695893580
832442606
355159209
410426031
286599014
230272583
797258943
880219820
851109751
720837208
662107045
478099913
925438808
88307402
674648086
616820239
539813918
48501177
129405546
602164682
376681949
228118351
136509384
42948619
642437089
68215180
13204367
803846433
15914835
636705413
818059021
827088523
43487690
437427474
555985608
987054518
471282906
617488670
708135746
808757564
696344776
277700209
845144513
373685129
397964341
429342586
631581698
47424871
609151823
80261484
503986492
252762040
923820808
357639623
898521330
444795094
291675492
71882963
782271725
494408627
189103238
73871437
226906680
576866371
956827467
48876812
149518676
392737957
12083110
583055192
670273338
99856337
121952054
703633089
739915665
949622101
287144380
412735134
633624445
591389300
924356310
834106574
974505415
232828746
788796157
864104100
93072254
377627364
914191703
313892219
860991384
823503677
436892699
394520521
261777697
185613545
25965731
734394473
878819505
347280172
302657823
653199626
173635009
194096870
494742630
175455494
429296528
604566254
560533473
691582594
766742395
349967622
636256795
661847171
565579288
604661734
65116082
146906114
447311710
516166680
107993604
5595072
123970772
8445061
840147631
804783029
98588306
448200610
716987500
167432292
730131703
459421313
469816409
351322923
671180001
860173195
4922595
960501142
134888653
18673165
972119813
820787396
506651113
111097891
100680233
696436386
27112949
979241587
938870766
731322060
810361280
289151157
961500396
308778334
194543645
270528250
177276702
823658390
725087561
640718009
890041624
106295121
422339908
953327864
216699897
226384037
283889424
491115368
577708762
736428505
426949281
102910637
829625051
773185997
30579137
612480787
695881758
115111561
279109961
915439867
543286777
262466156
632004943
60103423
531333277
567227012
124277483
519159322
779222733
552717127
207231645
387815994
600074735
146870245
221171013
728899184
151264959
618957226
880403086
164986264
834212951
550905077
9869780
419121601
504780289
273470499
97822832
332454749
850372874
11147839
830346983
575179608
727507287
67546888
939405237
15473927
211640888
522614230
481423456
956286720
556615759
95111870
986115629
839890527
780849806
975363479
440912548
346105095
264617618
536030976
138960240
946816349
306758228
212429841
370691836
195050474
559123132
812775769
167220247
748709695
380229698
15374323
349560435
467199811
51342787
137454187
559698392
216051474
566954880
491467411
957387122
303934199
725159306
699901189
443677585
867843907
551243653
470379344
900439486
312203422
111817150
168251564
441582357
82121008
205464617
206449103
449417485
841974201
952830957
938465952
794948425
927467104
210067707
114475843
206246492
592994866
508156618
88265068
100639437
716815976
79676862
548477922
794371742
582472412
231189389
769260539
518748987
56834071
230981642
110361786
996588559
45536698
53524576
765594441
405093224
505773782
211813817
735889908
339353753
287909996
426201163
557472806
102956099
510525971
519116051
955834634
588909366
366004212
369937121
331298125
571457619
495209976
617506332
56932382
239701311
192746324
462799086
955558706
447571118
386156912
671641392
341713475
906083205
437652792
850257969
807673737
912197298
126313307
75460473
224502656
787379955
169177946
234785338
503997583
64826691
160175292
410063659
596355594
565464131
959269832
942714623
927948196
620628647
677224966
852609911
400075076
83050270
833350672
322251228
512347767
146262473
702550147
736928755
634960201
262972337
271930928
726445168
96533399
460388758
886735274
391609258
868617447
469825652
814385200
444400660
338806430
135654918
183257807
355435774
310128319
997075654
990970779
721401358
636154991
901895857
857329755
702584062
26144944
622835270
556084071
172515132
477806817
776498669
690982869
421828585
844566658
633391379
404865946
710162361
973818103
475854690
18522255
803112794
152132829
716859260
262331758
930444504
825215277
245521149
251340187
540473337
314310451
957921623
890646762
154613353
901339913
403338630
749698227
717212309
776766237
271227303
58376027
154867252
30553675
700956060
890065241
213328968
923381885
376231626
167882836
123264188
426052069
356749397
642752219
657060917
798241777
647703771
642693566
784601717
352338076
897180800
73628965
424312862
453386112
910053343
318650875
793499855
585779148
641985548
408064031
748550449
634291206
271835928
13479347
549036949
757295096
502222145
937620005
933658484
293673047
770722242
617477254
740306506
298552579
568835402
746237761
208663014
862026851
6136451
610529155
631423156
58421754
126167247
274677441
493089700
938652405
960469015
359491702
910898596
969558866
628383472
251724237
587433105
124058081
696155904
806479510
905549863
381828918
906048610
746594928
308346666
945861285
321622742
677682317
908647121
639626187
790227704
48346403
868670569
391770111
663672320
454057069
308886342
107491907
133434854
120026326
258434123
948786175
927937301
70119068
106479849
454421203
953702409
681352628
473690184
889126601
480959646
685109775
531098230
447212989
864511057
657368150
997839556
873698814
69455868
620800863
349204188
125210201
882441180
706002894
78748335
350393942
72789143
913812427
636188647
617403872
445712203
625014881
634899560
67208004
177856934
234974232
600057289
852743444
679477825
494239490
652608116
696738129
985859118
747288981
370616282
993516162
234717946
836687154
176549451
579461617
801661800
319127739
438689540
991464028
307022123
396979619
852474726
766968436
697639649
495346143
716759468
768905374
609208897
441670781
593414499
944793854
666948758
181000872
655874206
707717704
43746566
750589175
468028829
351616067
698429950
387514042
854474868
917990323
540061294
126511206
872664294
858948217
716230548
321879959
428697331
925418082
184568706
637246600
864899726
972407483
735094106
806049819
665465045
635698846
806943441
546577653
787730795
437349658
259753233
820782650
592057064
321955407
461922488
224684447
139744519
842002185
135402262
798679781
127426822
314503755
371850157
586188521
652608771
930369372
284705204
652484170
607506521
90247850
406865586
661691084
481591017
340047358
203633274
834691915
965613983
373574182
139184617
885633275
169189631
653190609
405395713
83454291
758542237
872094236
370663743
80414479
327787634
749486139
894737727
127519110
151836808
448696139
573107063
943752321
208158586
496253858
695935109
843002266
58325894
959338926
438205323
605600798
516690245
324246805
210277243
692012328
237374668
411376027
670876422
471125761
864603733
706882978
213627337
819450011
206848043
590012798
563081775
746584370
101590535
959604833
742743972
806907116
570013211
377022567
647825648
367852405
655256893
450350866
602062169
389728715
93579207
477017611
984111199
553721553
380044323
964796644
681859864
752772902
261403185
291302132
540256891
261275588
584462793
148646323
722456687
888408274
568726332
325538785
117117823
791103194
892991907
404190750
508990053
147908509
575692515
144742178
309100910
627426885
533616936
460691497
893173284
201410698
496621423
885194333
602685475
783793540
16967100
417545376
667296107
165934313
699737060
286172781
820823015
719384463
849411949
804125762
579899473
878893049
762860650
556088355
728612797
967487125
387982274
117514964
485421687
927225921
663716600
554572664
162347714
953490480
675284896
387487765
555585120
957342298
642458230
51598710
835414274
132994199
91318458
747188030
861153704
908671157
124819213
42251092
3366320
907984453
787362357
487699771
561989717
632493668
878449486
39096803
391755985
886174479
96838299
285602348
635318016
321541751
446106387
433255855
956833801
724086013
302626833
262154099
925109259
317135447
415311295
627986107
983692222
648722215
420777033
372947985
241726382
389960546
43238641
898919968
483944206
643824100
591232159
457414265
632283568
875446758
883562082
451026049
567893341
834187428
881512778
342279767
858700927
262967528
720573577
926497134
529303333
955351933
249844240
230914528
373378651
764971890
297224122
639735953
607456324
566080450
87626457
966125303
680895792
636602893
889660332
902006425
314667661
971531604
346647684
519262796
213238941
989192250
593616433
386059291
450348546
62002029
642701213
610331292
677520526
405095929
896616853
366280106
607694741
778814138
791439895
374431362
283166863
252665497
274582259
769152701
146003370
212679069
769708294
960907415
947417211
911742578
550524051
823526451
779803248
430610118
824116004
502359901
472141291
106236373
718088473
420325691
826480668
109752530
510700582
31425364
745095853
795029770
794122124
114632048
745204592
246301048
493644316
11467227
667796689
970007397
635678976
370090434
6367645
326464435
419178166
253200488
404278259
420723915
309328154
589125116
353942235
335785315
719569720
502748140
653483773
887993003
771873285
389494976
185388806
1052831
355704115
964214311
987291661
305644730
837637735
300205984
389010361
990527158
379206432
401924822
492024580
90607700
322093869
570081767
72194632
574707824
762553229
932797077
75398594
652149742
340951181
764671876
460424441
326677086
363504896
947206902
717094089
666008650
673029387
182189187
216220475
122418120
109855580
816022494
269823005
865023114
579950198
80654750
968627509
901192463
380848933
662536427
82045047
74567435
716063160
72253955
849952106
308894885
993859445
485975177
887790242
417750599
325987123
466792541
437537518
765523736
849622758
25710971
436851664
840561034
125525287
640304806
449659898
887833725
776968916
818326712
150750785
554086204
675453729
664848338
366129480
925443003
102046168
142783267
831156369
770449262
5464407
843712386
725185435
605081463
13562597
760417578
252961829
156260032
49904729
523546465
522727221
260179428
672000399
667996310
422609497
539246299
300979779
437424111
459844378
701196748
4043675
225508167
753156625
253928884
21140180
916697578
972128241
74421611
982114769
300077612
680186170
738206160
530298208
132856853
564011686
832398015
670410432
140597848
788392602
265015701
55956517
230930499
356023330
129761456
739171422
70916125
513340897
972951901
247975746
489143355
189036679
127675608
618242474
519704108
887428613
135393997
868676386
734378626
197693807
222060589
812446741
300375634
297279502
254347632
748844431
318283719
674396315
796458073
823876215
775567015
707005021
305508077
833564035
9504948
925338869
935329546
869025003
27344399
611783795
103499819
522943301
824925358
261997826
106938225
50273224
252428821
755642680
483902869
788173135
693719880
727057859
126894341
938208131
748249391
383205986
88308215
663675856
312367635
249203117
656104325
615132788
489275488
883613683
540502097
382622432
504803719
748564229
188522492
143278388
836050573
676049425
942227916
567135407
433624277
715081932
792056606
255588147
985191036
819804532
568150167
305098781
849246132
261813983
255895148
21271354
894460767
904054470
926863809
592902335
895610606
454545438
216508439
465906928
482104890
503677626
967256171
176186828
69045224
275743762
638979872
475982915
56369396
353672308
641269445
891886199
191644518
648627414
226779510
804147443
463402036
737093398
332012193
288649114
614010108
54051861
877731940
308971074
195037349
728490820
889346148
904503606
55206950
699024889
296597178
584902766
943383305
767030940
700480202
349500027
765679434
633022863
117388869
725843304
742368010
480427518
885047428
656579014
204763050
693794312
595069107
259435026
541971059
317059444
139498801
243916271
583220463
118799537
447290528
795781706
540660951
992009349
2496084
972442129
472652023
826818299
70230593
365663082
34019541
943603033
74650399
392723883
849669668
713885037
98338795
651158636
530499121
108191143
408303097
760977436
236281647
282678744
495458878
336751771
594359480
482353934
962960673
255814853
127695483
868217770
948987285
628783068
619602626
708056728
526941906
433350788
551067207
333593155
658573222
486765446
657489013
732863724
150894293
151632514
754263627
744836596
996673358
575033040
215490312
774496783
333795365
872235708
45366495
497945574
411664916
8548061
273150916
614011216
909179887
922871709
354583782
960332700
268604057
10581307
510581961
893840336
721342416
887034710
772435043
560324609
823190251
826547139
467544526
933113330
29573593
777246268
781753861
159750673
472132421
415055397
611609892
2697642
742646101
9104416
534959297
393465150
945552484
921520648
505327551
900510056
625535650
561869569
874067411
706499226
310276702
712205008
340544962
248703107
383525091
776798660
858193764
613166031
311103195
7195570
528445104
642527899
784451547
150963551
973713988
66860486
382219928
456928818
6727458
636370884
605616176
161482129
309117283
594968903
186617436
898610169
255611017
666215975
389627572
268201394
561511392
701058263
982728951
672359177
972660910
291299830
529397363
779232489
521972033
3351694
363250436
613555846
482631631
881879933
645932585
387325735
932058502
180686957
504727001
815169292
155811753
837994681
400111050
563417020
987888178
241676483
688916229
168844198
235508866
619534543
126849880
610182208
59185999
201720845
138453997
387679009
518352463
608105339
931340241
106216868
549791407
213073475
927389986
324102993
232462668
496085986
416313430
957051635
212415387
516206609
868259027
17721899
639044177
38470692
662913695
924695191
173519944
476189165
478309437
70306750
767322389
909146004
544287780
495437844
649565600
583742477
884766721
421081242
400738914
518544125
417418900
520775643
354947774
633676839
526220734
968519211
27922561
261507021
242370653
348234767
554737706
96878058
775970870
675989653
967110259
608592670
767929857
257949052
402527085
681396778
146278463
655103794
297108583
44882372
235725745
125222689
358046326
599259321
92784652
753800343
726911058
795524133
375897256
456613428
627809344
221747159
206435682
69507604
265510312
915296540
405520057
347581018
377444345
775238878
864496768
995812539
687128353
707658341
977962848
395991117
65627526
292837911
643673731
553173175
715073129
172845430
858420806
673166448
457160420
770226164
181974289
152504543
77143091
976433430
136811250
554624176
856936583
520912661
807638125
562690249
163855340
819885232
135785852
35606778
5062004
288201785
832775010
885196692
464680973
107844294
226621102
374206635
447507420
393099023
72455547
903392723
883256774
681205226
964998679
382807395
320441598
113957174
319446477
166127535
437359395
981229860
732222948
797258762
866748352
802114540
669286069
312276944
844736156
804623098
159776080
233466849
246378124
618790784
697353965
856989738
999247077
918248958
765984201
797727637
979439450
337657153
641512476
250357859
620866109
30819048
983652574
254543595
953353539
483926252
950258650
700123003
291510532
976470074
614099468
681430951
178066233
161999575
271401685
734020454
327235352
98767867
44667403
291214656
997102000
824745284
309107219
147825588
765219937
600390393
810414339
811092223
96988690
49326302
522004229
956746919
914018709
195227809
998990143
420845485
745348206
457040479
820346063
418426770
506907710
283513271
425579284
744901230
234601470
260867561
829458549
402642581
391329048
290412625
503547892
441506323
757528740
872950325
406912925
241779384
543277615
293909082
366615978
108399832
250089179
902608229
937091500
265041762
95161413
245645571
857443912
427137199
817308585
738087955
621797751
639879219
702627043
602720233
7515097
239632400
507081970
231323997
654202455
728873860
4504429
431777887
838735346
460922926
416076580
943663285
363652160
808553333
914655469
67178271
135561624
424851907
121812203
331848465
399759656
213746412
279665054
871546825
555720355
286711689
878169028
51187024
238701770
364196215
849180007
735564644
848940570
571905786
725054608
367289774
87497188
374621934
403877181
764010562
975154832
869567716
156559490
35739573
927683851
211282706
144294612
375181498
481968283
569497273
254323453
762410465
662999194
888727135
213287945
743179854
198977248
706320960
947625601
896736383
46915793
329670265
1899184
109055184
419458952
289476138
323820297
712803927
518757587
876182815
489688997
748116900
398957421
816873898
928886217
725386213
863938694
295245099
756508454
928676978
101958612
26845720
721214905
198401151
621685464
826511235
789289950
694165195
775093468
692662192
588080982
40254498
320783623
369450958
720959414
600419166
464739275
291179685
527690299
141780248
139164321
478851081
344729498
945098696
75625833
495153091
715829947
947791507
239810120
799511129
272144790
389942357
433709316
182242087
379662098
729969817
351638175
297557407
901651836
170632739
319347219
210720231
869367405
432918660
301669284
203626944
881659811
636520250
924596853
588687457
396290851
406035982
513589249
817274021
858487251
15679818
546556270
253581321
875079888
130250516
994788949
283573639
783700903
522854053
274667477
305354932
875348182
718641983
850329129
570788040
103713536
884702279
381487382
164012228
444597408
488561905
467418839
990219171
603911713
209982508
459943517
383647784
571094372
560567498
871281578
490384618
227376458
734041815
563813870
17781760
700843208
623763527
296620252
898132061
16297250
317563806
27023610
632212448
223161409
150765181
920308639
639663383
502899550
31465877
239003181
566816523
925341018
825859180
664150552
284168863
409908761
760334974
723769891
937639257
901722614
73214020
615867522
11152582
429249665
216880535
947908618
612813037
43900218
551729553
748164964
628920393
544148044
110844021
427090488
247959331
230524314
411674995
903560603
661310515
693148750
339249502
783340393
905729384
990918945
343020715
566288667
70393364
656187774
326821165
556068423
319462894
850889470
301519138
926198493
146064281
339589279
176610154
677064643
647003409
182048532
807176528
875938077
582839640
798169564
693708926
215897717
409141348
835495239
93734280
509624791
166954509
648827334
754282037
462838596
59321309
299039885
258115144
480389498
726508243
497936456
642618436
525900922
336919935
321738239
126036988
639948265
342115131
477693857
246214890
180281558
997286766
36796798
42555886
15391616
295260335
80113411
653777258
794571215
958534286
652753332
155065221
33309066
63887101
437875560
751250144
157054004
713899263
186420339
174068799
518764391
398232709
162646331
197183465
898435277
523798517
218618965
855560251
659487540
15072548
153957301
19586935
498439410
140099690
517075355
633969592
506878818
945010908
203101515
524713390
205617591
717402910
167176880
612671055
722172772
338165176
315693786
566601063
838211641
737915585
996035403
320452343
4031042
972073236
971345227
445028181
542166804
134739404
295431639
71922887
655328620
247402971
533302646
626283518
945954722
669722817
177242551
715147982
188530481
242078162
539148963
904912250
187088316
633834312
432543101
329522385
358971970
530127523
739658545
145238536
75310463
912567811
566972105
393820513
798879663
765659885
731550190
373151121
787065651
75083205
308957447
707858709
379613476
34523793
570394018
479071036
205583180
487204956
160271002
461200663
847984856
646462745
167880774
532209686
517407140
226399064
944538834
402655394
770971011
998847156
627125991
89152179
768254963
898336325
576833221
481309585
1853538
715340948
842102594
49604750
946955767
139463701
870239326
696083670
370187009
146781963
982602747
127656503
911857678
326728457
526446706
235360495
931039410
187084593
445184177
810000786
879899545
985798516
306621213
730574491
643322585
513811440
958619446
359912649
323898528
711028207
853515376
612006700
765886554
734038395
396307907
141070167
263736686
760845935
182164120
575648496
267912743
771723516
897222298
970017629
513304869
802875017
341496720
712070906
329890483
138719969
127431913
92007473
430757721
814515373
355691729
643186753
465435117
218220842
440435363
531626632
475610567
409872365
664073299
33525194
354729653
939347601
797568888
494942767
880448058
527392340
702828296
959178862
538118968
80486923
70581001
1948275
953544413
563869902
115418918
196905008
687349813
10138872
845602843
816856701
265916019
141363189
142538695
365078142
979788039
636718553
812566376
963567408
735914759
620157913
170797629
718677035
906988448
248561438
395605329
163298037
574721398
438792267
657173291
407521065
680193057
219410071
454790761
244294278
926816080
902982343
91980514
347219786
336057039
683816466
308589908
187810938
762459439
235097702
86715161
527956962
194297960
881319362
358638923
575177156
433617745
128038373
499066763
559110296
599743471
710591054
832156659
575203927
30726341
81395858
785046666
946035469
747204684
73258087
267696959
636223837
707490355
150084780
726165415
162740626
345378260
465081868
338380653
834852071
223446829
629163723
892049682
66944176
15277387
519178191
467944682
694543590
475238788
710873475
487374215
595032726
953146046
130805326
876898576
799281849
182619667
759318543
546215074
658798059
931733007
236941183
223279163
703415432
948493475
930033452
987945257
401234505
650201437
173019311
165936814
901705915
920180785
21331937
261942199
671224109
233726969
354416755
835979728
730530954
322307573
214085137
880298238
764048589
696830258
232362995
533867444
333787030
257100832
879749369
542643220
952601620
789787369
401124304
708185819
694716526
729790538
512159704
662118921
162472003
458206632
349732507
941922959
202937735
400651548
324884340
236281109
339583965
651576596
529785099
773862723
483651717
224869201
839573474
926072823
713990512
30141626
596614990
999372641
175492074
28464484
256927376
174336332
50977299
249348016
328296550
959412185
953231245
77295250
590608781
45722963
268364473
276871578
733330095
644548909
387248137
645192264
33448345
827001177
689733375
271422866
194687648
447747718
733519177
26734582
333013692
20015613
669347848
729119435
190112356
4274333
852209734
552656916
827171255
404927870
96002047
627568365
543943858
95911607
104155994
404529158
539960436
420290485
194183328
656009885
236399268
879542264
822359633
843420072
608284585
768164917
548142920
784148279
652378757
536370228
962432514
54122525
240522003
662955787
306153666
336625472
707020808
119911957
267581307
386726224
980296791
642040198
580172691
595035834
987070403
189006783
589208253
113089951
874859089
19284525
867036162
217953760
781012563
571410308
640221213
514313610
355778469
817020034
623361174
517793767
496085518
484904962
818316169
174938527
881201839
277319798
43375744
863934758
490084605
659673050
731731317
238296350
534667967
852043435
337113245
793718605
53081430
841480455
664016724
387539248
660693499
700360339
218239918
514490897
924873677
511150662
97089450
40023991
127209122
923878398
618590906
295787976
682081407
805033465
470509975
768435253
809911390
557341133
683957725
238182023
748593715
470478000
871432465
176244241
525993331
683327172
339710067
824461128
578044625
589715074
431858216
335464135
534303677
446424192
878231399
582636249
810416494
371841377
428245434
277936795
525117542
377415407
135857860
791702523
571049757
97178181
123481026
820719379
501329643
696125113
260972208
565682891
686161866
269347502
582700834
204263773
939646899
617048854
582104582
481749683
31061868
462861311
653163597
458034324
474107057
418569754
594540979
474108759
689515785
958156823
516273746
919911125
104209344
560617468
71978467
9366632
556283323
164586126
549442746
615571051
679403533
183443200
861759033
519441925
360274099
157124087
601071310
672253605
731795559
647912
226168959
184487056
550140692
966796922
576599284
953958995
120491746
262423716
820326733
280609086
731213685
969572186
553620426
448586876
574146222
835113160
346556731
658333982
292340264
917537803
124277555
733897564
113145119
783807678
793060202
940203033
839833340
552752299
208405430
681126806
221374977
265052430
441495950
567674680
214747862
56612225
561407795
95142516
368028688
507569199
346050855
782275446
730950781
307477230
287258976
60760441
252947464
478628211
596707369
105308203
378295737
218107756
111022717
178959301
115172522
177634196
831331150
646136692
638348403
359586
475490084
437196993
516584752
588817409
737815072
6431250
322621534
874211393
261571062
712123499
884721948
757163872
650149902
711118004
663513193
208526965
441622271
225439103
432579655
603306004
914646937
663721496
342363878
111597330
758969730
690580261
954428962
517841865
884657729
432505157
263096808
158224306
343454603
326015908
317604554
881960827
627030026
602981866
851468740
745902584
244507204
90642037
878412820
826007449
215870838
963949021
713418753
129399194
249414370
876851608
408545235
811443879
454493657
534211232
201909698
608292925
933623457
649029599
732261079
377606822
884458163
976669560
515542801
939043943
740561194
676967622
717381933
245270254
237213583
455213522
833789630
340151050
875654517
447009395
554532286
157474647
901414445
346193247
573706376
54288978
191298665
581379160
726098827
435107705
471580455
873071988
588710363
197960444
22304835
244994825
555426713
308477962
437883768
85915597
149461109
128253366
475034939
930983690
81801379
568616692
589652725
464840662
241701067
323210863
556347015
167047479
24714096
810165115
734020614
250864013
949295899
46489334
132186102
397732929
887811767
693180486
602480027
873210882
159360483
386612221
427776475
541287974
28699443
612495488
387721750
905591804
662568614
593812380
425204131
612978941
784105241
389692909
297033075
992555630
77257047
411796232
683521212
203201463
750720350
339590874
593350209
895316872
619134318
965298037
91302206
894148840
25994106
130577745
161603917
270885194
624992253
225213037
516049908
794859817
179142261
421149519
896954825
525353673
119956669
975274914
340247639
410420723
397872466
553103705
761077242
939262294
116770963
756785225
754122640
217644623
57527836
885944433
94693362
966623282
380797828
896616356
707696374
401681876
194167296
102400530
292811837
712585812
482242452
270161785
532418462
993875636
330802296
459271818
392606764
727557014
572682098
900917652
810328089
1570437
795400045
948787215
14268072
954528096
950407842
42063371
583073367
565121374
326147570
674980059
255530595
921001291
133488491
984794883
649564939
751229888
283589825
444182010
458138367
499230584
964104438
803033814
992552690
669795040
737901948
245715279
195804094
410951861
635095712
248108687
219345967
575376709
118287239
165971329
854449181
282588886
381613763
338834969
498455213
935670634
614905909
330579105
55898768
346542413
127181032
551310521
888591175
21089873
316565185
270254218
647186836
857599777
750556838
278391064
934444541
116571356
791693207
847053647
137086262
857553220
945802213
404974135
646387600
267153016
883748203
79397373
502606560
584033202
741077404
698908502
899603352
5709478
958974218
726029871
120475805
574271621
312240305
297264542
129579100
685126063
834750895
493188117
512033969
213001299
184902030
925427781
903022601
473840621
700870654
292530848
526493714
93676367
151927048
980470384
699317099
77899473
672818977
276646091
70749902
776577006
764780483
179862549
281938354
263685026
306745242
914202602
131087365
14671641
644876705
164033621
102453928
611415383
139548945
245301620
303553479
742892283
330206458
306216563
46713222
210283761
733267160
702667381
14515341
646792097
43869076
410944177
768400333
251979897
509116949
740735774
256274537
926369705
550616031
64210837
741820812
493557887
642111546
114566261
699867071
807074288
298433588
108127879
338492333
329961723
327656656
292274557
938935572
30967809
554066841
290661314
586530600
657361210
309084193
166829079
716200758
443463802
112743191
677886918
11335208
249597152
126133845
290892787
666472881
410025647
616060736
29068559
449937916
980707763
726069284
911398726
787536227
975643572
963568461
470701385
452465701
813586824
564993785
549094277
947341515
448577350
526049933
189207320
792606712
363682993
467475013
640810260
909854158
902250260
610134642
805894744
736283854
129244848
265869778
113332183
485273618
231575212
624797175
489318043
970264382
298005076
617675160
805408453
760809159
436116470
438893877
201234762
103154552
653123174
764613597
185254483
621601965
96072443
996786416
148704787
397745331
236556646
701966024
164432656
3424488
261167240
962951124
929619745
727890592
50719990
978627998
516498225
636032000
588238295
67946702
513733209
588388743
718338461
539053852
59228608
830661585
480945644
517890945
166706288
737360064
640982359
555132373
562780913
965717323
198967171
324034536
787480631
932638023
51917923
921044353
996116087
365747463
429405931
297019444
4219001
949774544
802737587
664875563
912475475
310292903
527893172
477322429
773343123
429041678
744908750
537559589
441651580
425736065
34003815
263179206
837439551
648171212
762112524
356829192
324756308
940535798
452044402
721617879
315157745
665618160
596545485
887199522
610569621
641344590
893479791
197835769
201681101
140132547
42713737
619298364
765620828
282638913
95612129
852490154
424821961
678637307
431246340
38152899
664777892
260940382
430297417
634641275
395202478
338496671
249438945
218667442
583183690
216421808
991253685
450888595
204303327
621916900
425246345
269095447
880407550
522465531
272187640
973130415
460939063
534516484
736848007
951689214
103311872
782914928
82805878
239099780
705641515
549771943
383824670
739550598
829784374
427965249
890121992
493746368
251389072
75899579
262948884
270610888
293897565
74360821
361901825
741629236
255618942
484443312
625361814
793379206
415724989
90920228
51572690
414267001
391360914
643552060
803204792
372137405
548471294
715887156
674556531
379706968
16006443
890544369
92981673
410536620
353500417
797163439
295656653
890912325
143028748
992396722
528120799
303219064
757561784
104804769
819215032
871173291
838970717
668444363
938322906
346598604
444196034
322632447
93112967
508754280
35433173
101250539
645874441
900336151
883637053
724407808
139405584
183505402
345780203
327707118
662939873
24179166
454702739
894362596
273008591
904494928
409587924
929998539
532294303
674052535
728217632
531910498
360100660
5756301
131187097
57898680
872488750
746782411
392647627
870958127
62370830
762487094
41415369
764531127
560840964
609750765
673183119
579084457
159652494
774669115
695565649
401582741
202208002
902511319
843582076
671043496
743247418
333577453
261094214
461297857
573411121
689989205
943350151
985484292
242158082
936057212
339135515
993068191
233502208
34006239
572208427
126296223
285565897
787514359
597837818
763343479
696956558
595985689
483209648
714941861
343142874
790163978
611080126
655216447
21220426
691683920
939840299
757501136
826802917
710955611
730222920
648471875
395031711
631403704
298642725
67977884
422409033
870021389
756823887
840089441
77300836
180734698
670376706
140551739
306707990
836570429
292428624
536245973
49763833
683070244
754181954
620504192
650167819
740658889
949051967
62006250
202498463
79849359
151525907
941583322
103786526
31648300
150972900
641034216
767076627
665696397
771184482
188261813
398240525
913470734
266777294
570234039
659219485
827696310
824353283
960269903
123974334
600658605
911770496
740714358
427679734
460065881
951246513
179391621
40593189
957854976
970280700
318545008
696050650
792523404
807618246
604870635
97465336
499481111
361894613
855640829
492272183
289793085
965402715
712776510
860185225
268636433
937756981
299288443
127045354
46119760
938658663
696327209
925443963
236723809
368795536
15454713
681870651
652852457
872696564
991505631
952888344
591027206
995901342
726725409
912184251
633796800
98687582
39411909
789561883
420971191
254120681
760107666
950574653
690291630
804704957
387881721
291628290
721991899
664399107
339739180
116582345
870964525
457927728
441574952
471216800
371046242
97543455
90885607
132272669
243668025
473735177
945846339
877470877
181234553
816724355
554799752
128430927
710176758
31721595
239741780
856713528
268180264
898078493
952475804
174813326
423603437
357836778
947046374
448295831
72301740
649390851
978753666
410770044
814739384
896494422
583693479
569603977
284470280
866290341
553245889
521977580
783519721
459269186
594575143
444901771
76246775
59315544
607667268
271633485
939472746
347168887
943240936
672321971
851279751
264105928
844863572
521753978
909413228
379421422
927725924
732776352
574156232
88191713
681038850
573902471
869898760
24564429
683111200
42757794
170534321
25554391
867348890
157488060
707568268
232857931
487231602
30118275
320904280
702426905
835866529
287412827
459615107
427310909
125680989
891289854
751793738
700124565
649019274
184931581
947910827
121470888
15958836
611160707
635670210
131985675
931616267
667591264
695859709
299348177
135888139
164241105
280313670
559151104
458947424
135625217
520774687
433138640
788589312
491281666
669700022
366929810
356573009
680339829
49489676
802154079
730475119
157183371
534794377
522225672
858741286
507988122
443140209
78918795
531389939
215902219
953288139
496511578
560227012
817065934
603259805
667698777
211743051
331394602
97138176
579397787
888007944
246856770
141111281
187839346
377820
225698
494395382
535791640
383496231
638692833
898118187
597765143
406705411
578531696
534473718
189349686
399902396
794449475
111218660
922262892
93671113
260151610
11924660
942122958
171372463
483337013
662785719
129784563
458955059
840327270
439588503
253263419
79476959
125086203
30889244
49273392
171920247
291802037
16302450
625581935
546050020
752661730
416673447
659385269
109587513
801603007
673761988
716745540
158731349
116689533
179605416
3055316
705127773
935115997
890042901
471041230
74425671
648832411
843471170
643193038
381736468
911970639
299198529
970229360
538676972
969100999
570681140
692068359
644595504
589350178
544825262
620729053
383727837
44585599
918562993
181831016
729090531
450462178
392787859
363216507
772667362
643527808
262547900
367646147
64377826
868990206
380821143
947922097
190956344
981842316
712929721
183179205
819973168
656323467
663569509
159129859
965563213
131201195
633720
889057642
81916062
477568273
280001857
117722088
982725385
193877293
391162926
823276609
929428769
836795370
760734190
408310724
652182261
863394565
579598023
650815322
182849587
218528216
843195996
881023142
634273438
813019168
967525376
418758082
33409290
75182063
400736840
267692359
837658649
550214128
596529840
80136970
512496423
393702671
987354572
992427083
377119262
449517216
37006909
655111155
788179919
526727524
579256729
614512163
974179387
786914139
260426291
64677774
33918444
593006393
688261199
604972886
179497632
237642700
571716452
188242088
333155258
733056050
700596923
555204862
737504834
847079174
37889441
231764124
554027275
292118480
605569831
909899504
477483006
351286856
497058035
421317784
489603314
163894996
581739416
873156774
961863094
658942
48830663
823816201
586043462
477483417
160443465
468155606
582923232
948382100
36109856
774054256
739007595
490831065
806885569
36451280
997186522
502829554
118477608
334609915
970731573
444920085
160668493
557004626
386973320
158890545
589159095
353566012
590229439
567806882
967994186
69449002
826946045
830882996
922059699
790619432
167049221
840820314
30433349
489932158
866654047
700893020
76788732
342026115
995095910
462950141
207176762
820541832
155129152
246741253
207552454
20755755
134019587
75293031
229065934
9166738
229515823
814295161
896046812
556254030
423205215
593063582
855428540
69939223
327977500
107457090
760364855
132136303
543018423
168474956
296896075
438905174
269286526
489329377
127452985
882942598
863483042
815279887
335130623
4070167
284447940
622064330
322888650
934194977
888624191
902825065
681757524
688216232
725965823
10305594
955689872
852991282
955567365
393355865
189773565
960017826
814916414
803082900
57596178
637673941
714430109
929610898
345181107
841260622
584536558
723394124
610060071
942380689
1199104
64046535
457872154
99075606
969719578
269980630
145160406
972542041
83112466
696836858
236137443
837595604
333176591
796573165
403645736
50297640
963916171
658324425
614229343
696921245
613242939
108407130
737915154
148311934
513063496
857020224
306498529
941716473
201510517
375859655
101100100
950149709
911654305
900966308
260828508
613023607
180585554
925320126
30864463
121250898
557051930
406244191
213305241
761628254
541014288
309665649
119922744
865557161
902066679
776865164
591608105
671320259
559206210
999465474
779845149
721258823
610614339
765571194
814329373
850942267
657108207
828372833
546943454
521076093
26126872
98147160
963979123
793274559
724350963
363889428
811579587
569603855
701582200
117797711
493750021
93363865
145463677
709901958
802007677
143286233
735025700
835072704
990930935
736664916
647985397
108402949
446454690
263568211
969590032
98233545
503069554
90065175
417085257
794749001
384876920
971946855
486557146
474733544
510734380
671462126
346942408
541022708
383374475
906118433
436242907
776136277
996322759
690129265
219147265
474581912
243098974
844346945
151587619
456353293
91358247
35204378
374482607
477973606
784457137
259436359
562378724
877120996
789817761
109973498
632020854
970779398
457422131
770108032
192062804
505664325
19799011
599508870
774952708
107803823
568784600
781258322
15074850
832664700
883960448
598263019
442459017
544484598
817984548
552151412
189221267
308181488
52653316
666299570
456046103
881829784
712919109
248259689
912099642
802416039
514275309
766034035
941726818
891071065
839505262
200346980
192904357
20919241
607409572
363401505
820399556
22576991
14938128
403844909
651836073
47768177
434553917
853894965
77613200
563242375
780731083
531774335
851123282
210813847
938460445
971241572
432287136
633910172
534814595
784308773
795139856
833288077
643522257
642863113
422842019
968016693
945063479
623822877
592925360
411793298
671043017
824598280
399632546
265652563
10656752
373620120
382861409
114710526
665570261
270133366
429842339
495410121
899025777
877640504
772688488
838845140
238356153
620994615
861557590
781203346
849712347
25132355
69270236
749713693
935327533
12249994
124624553
696920103
798100711
942424306
204316718
590988957
807940325
83378163
626082447
609177673
546418120
63784760
175438447
133286872
188510701
892248161
931463239
260288371
534967435
203940742
884309900
291786295
275018907
170268758
775162235
116196233
787748907
390566298
8949310
892525688
925562910
403492951
311270887
90641112
309002330
783321266
624469735
569877045
833452158
301082653
470099733
219235716
857452950
694577356
820862501
72185368
248209100
552983350
619991536
895966578
643212192
72742292
469265572
549453450
622959871
171982413
478099545
523924553
609790425
77607125
271180556
172411558
198727489
756371939
446292409
458362900
36049852
448984215
200008135
457246529
398931679
647421674
609724091
986122628
675240298
782216274
851652084
484042612
807475793
88600256
403334522
163966962
650922910
1579954
399430773
585963798
181575187
100630887
246138234
444500192
773217133
770677472
995023278
857915135
701146388
294727773
463184466
496485929
822278177
228166507
531476121
488809741
366089992
932594317
671812123
102904793
798787067
975278052
279440314
517368673
583178598
524313829
325853491
972456636
17750217
361636660
419751359
862235339
224781157
767744144
875147005
501941909
91958092
652052747
97755431
255776605
928102000
663687315
958238464
289728716
373624834
382630162
336621787
720920771
622094608
4452179
557792710
330252501
822187799
788364791
837851025
804785460
957368192
125261065
410929425
238790653
648941634
372927653
262678387
379310215
340136178
917331046
521003605
550606266
147073919
829845594
481356768
445355805
633938947
166903435
887678526
235313890
707715945
375116582
843539242
151988458
280310167
384945587
98715523
985166284
150536303
594030042
713733859
647651304
472827299
859609497
460510845
914372615
741089847
87191018
53610282
417263593
577339621
637157758
833676962
957720270
133347994
442965272
236806410
664768575
936450258
350795545
208048467
123856270
73933740
527735685
478405612
32616566
818062933
403547305
374466312
866779928
885762205
165525061
571268115
597208018
366440165
869256558
628786674
766623180
83951102
636268265
399394800
696923551
594060276
448715647
220844818
538673940
89790517
35875425
544980564
447985915
749238597
798067834
166393514
290303829
800239217
931481883
236740674
817334143
699866928
68795546
434374552
520896652
756414182
86137251
842736831
622617379
349768358
90707032
80122593
140349639
446954162
168561044
822251388
633694423
296432266
448461824
286971332
411514532
414198636
499748504
695311040
158872690
536308266
405750636
888932771
152712905
350179955
760361359
573424847
590165256
167572696
858859483
146539163
434236878
284046032
756283183
603030089
316423256
892707579
168517424
207471178
624190141
3907006
779598094
757502340
219652448
256277617
228772904
851377197
20957879
112197284
951687483
745706460
679901620
109484366
653315365
448950600
921788151
869609626
668876009
550884941
248545978
862240413
643387641
786440611
659636629
973372971
681241847
261943894
588778878
732857012
221061933
348539336
932974673
311238582
252053670
7651972
347872146
330183383
211557037
702414728
580366244
411024145
23739614
552534225
228559716
777821120
810852788
21145752
979207501
516202687
732034330
584404182
828535829
827899730
316288120
771569634
392783943
524076709
190422669
220360221
383495641
748934754
745060658
226049998
792698593
156166940
204008595
36188226
968436762
630210589
26033554
199835093
513255393
329432570
288496048
519159140
955520876
649464348
534523166
647820891
624401618
501269059
319427839
706280818
703431458
313184965
356117672
848248480
847959036
463061994
757632163
950199516
990993900
703196623
499451829
35303283
932089546
800886926
161887224
340621752
624761770
329099991
11336652
648417550
683618829
665386315
303919643
593840196
266751343
231994900
210171945
966347983
466823939
764942449
532263742
23196132
739850517
505105486
491181785
497283814
387178210
243887508
680898384
900399337
641926921
338528898
430097679
735971246
571826475
55199713
10525889
747416052
213756279
938416825
373396584
760057188
631492492
164317657
974964556
139060635
492952545
847180212
984963419
869792602
55841934
765174193
605522708
663885972
464340585
262558411
247519921
281351454
850058710
127147141
451421282
34192409
334986326
681372281
539941358
908426632
180071455
789509543
856358136
254920098
447476557
732050330
312304433
402854942
188551656
708116063
5249955
339429533
414552295
273042645
825909359
400533251
30549788
954618973
876771718
55372964
241650663
857826819
394164377
222076424
553020997
556403633
924934308
665784729
419731505
983057307
94521311
532918147
491304751
140527385
756939332
324722773
162531575
188400689
226506855
74814253
328985723
578741500
213607293
466518249
452957157
96284672
362653758
888181606
867313436
76896886
428258330
77657688
20995748
720923149
231296007
738563382
722271752
670842661
831680050
852146920
725477426
118631150
24143225
420146777
631240421
833246451
50088867
922768021
409980633
329954242
635015335
219007163
471029307
356659326
417969732
297891691
616256523
151315454
867389488
688210669
634932724
55850330
491239107
760121698
621728072
535414723
622978148
392890844
258208784
154394302
523948444
380514104
385414139
485165249
497043604
89987310
723957384
763554045
988833646
955296703
702765321
209743069
346857372
521205553
471594532
282967770
674155027
527537910
521044849
318822313
572013909
646148314
933226694
769855379
866906618
982254696
371107677
666402294
365224647
707468297
929610822
367005873
589393523
233632018
434179939
623167058
88302033
814690397
166093815
860561654
779479830
359771650
80603724
961720856
883142366
514261921
976305930
944805807
258467508
34319831
535956993
202555261
113408181
873010234
514091645
798441482
392789029
9157040
478774972
581491123
978227009
844726009
716973237
313631257
366136560
92454067
297842761
67926133
635019576
838392556
958934739
946263234
183356795
80547755
756997413
120024340
91624459
849340209
256092815
979959650
294920225
588632717
335487031
512502379
111975884
348403661
230518153
769648599
278819586
41703144
449317131
833797956
478904242
75670155
856425327
786105204
480630240
785936808
155410964
557467689
200234159
349519399
308290468
519708578
993025298
630697923
865491401
53547606
351516239
989771578
516350213
109414188
80333489
756099871
38878748
673543271
136356938
957795384
