911496721
798401952
171150912
536075482
59385317
236519357
146154758
703403370
768153994
344516502
768537285
248053722
882814277
894009739
642722590
924012802
521279323
862589777
398311448
877819086
214132436
558917930
716851376
626359910
283009800
793155438
290316057
793554955
315951676
659159783
564445350
24394467
93959561
522126608
60201530
347061051
723695057
940883146
510381597
586000494
993315982
569057575
730593226
600060005
994541803
732179826
241906941
34018657
320967843
479867180
243125812
642798685
666579036
821120577
523610436
831963195
71892535
741692292
956864772
625580455
20977233
439823187
993074190
365412086
723268255
817265474
339879390
598867359
690771058
591332269
396924225
166005440
593340936
452414834
602208348
105748803
744723936
799089050
160732114
496621837
335110046
799714891
541262060
160916555
956119203
686297707
306686856
879690481
639901499
507850740
310547745
739586483
964194221
539362973
680158980
925065268
20802331
314364847
311110967
101781431
576397853
582367269
163787325
271216299
394269546
776443239
584635356
33809832
543941487
247367992
710651816
871699043
721667247
798299648
978851487
535776926
224315740
959832106
643738459
207031504
79745966
626307060
64827619
697402876
998428137
779420861
162057517
294940249
332594651
892690173
191515239
731791943
916607959
900703335
977882385
692720956
927077122
728965766
600363763
569826852
343095115
175144222
862229511
482416527
597018452
317159974
221369205
413814431
324512338
727850739
837363525
31107324
559022372
608429981
630772904
733680010
218022782
770217552
119821175
951464543
725699922
883062711
999294234
586378174
551884124
210207375
699256749
846190161
111852844
339284356
428088239
379682439
468460473
40601694
342623081
56566972
899853554
908413296
408474054
998589872
164444290
923853088
925477558
969674682
454028182
438999871
410161404
77702120
523736020
180595567
92887021
52704309
159305992
115527426
40509735
650277055
490367929
797854254
609010063
807907243
392556937
490158204
882377129
979867067
831467846
632170403
878807463
37832143
55603806
933119138
484450121
99973011
659122011
788503976
798768330
559705865
412667281
889963188
520910293
97007547
165383973
913142925
820425466
348330771
757790763
18166912
479855388
260087150
609180550
88634253
141341237
463845267
920844854
897790145
542833139
713276620
827190854
150747049
506896259
876580581
700800100
786667
971267733
495464779
134021779
501448847
749760720
567657357
622654900
605664586
418418182
123694898
109226902
892651290
219648991
669802128
225743419
767834428
417977267
285756096
139467922
218954944
881578876
865461726
665450193
236431603
684315171
68939809
761517938
368320802
10066802
839025574
115771720
109160192
287039746
977358544
513289797
335825005
564259249
772115776
331389235
509459771
894894054
864984903
606198634
624902784
593657623
173459436
222496628
214015622
249777919
382981742
317489947
698821542
451696336
733401081
73676212
871845147
809130313
554918725
534617954
941664383
196437274
262247826
991495655
660700731
697655439
59135428
369095873
150191212
934281047
776092140
615794097
864386233
995036336
33196932
78380670
411199466
968664796
908446155
530513689
99256266
857490358
670708404
805904415
540813357
57784910
790905328
259469706
674261671
256548603
384367049
114735815
314839414
661825405
716281802
286176128
914000618
235749482
891537780
78762782
659493617
795690733
408846737
242216526
974645620
799750525
278614341
990951739
358941797
639432211
747767429
679997244
928588895
786117939
639835206
292932240
597409753
19346895
727973509
300719084
112131723
922284126
762730639
209224607
54760459
961929961
923499404
763323880
419546900
679280190
708867848
972061329
496647803
999705011
314231888
103855673
916784963
168190980
49629470
784321411
563535134
966672239
18705266
754919890
333390704
390368541
14467944
516347416
317533157
703001078
632851895
482211723
446289496
587113106
207270602
328692070
624662774
726510898
514617085
501911763
726223266
482712902
958073260
282506784
698891374
798090325
427036274
336157453
659283393
821922159
813342755
68256827
955609267
564921830
242047826
900654479
593618303
634220398
755771805
915186500
918283674
72853491
845691701
81420458
628136664
524613929
198732110
489172887
741681426
638713106
801762594
772616567
786073629
560533600
122691550
186112725
675911802
535566330
360594457
789880248
901320084
197755977
552129684
140836576
627343036
144352212
916492331
548024113
679631368
163005653
773062433
450192954
296398855
961902849
988611118
561728449
603550013
732297623
566888906
731285114
92532263
177140197
694691296
418583158
857662841
148598662
408461711
130556536
36068910
756929871
693562666
670714711
63708790
920209656
205065875
619475385
720730060
761803351
515448259
700917009
662446905
638696645
770116551
513498485
430966967
650907332
829687919
743492642
74443105
476616575
496114414
151327103
890748576
369036890
928042385
463872651
746718339
128983067
822130021
407602039
352797834
855872835
442853838
52702761
637730831
790189801
825128757
498043455
732297682
412597235
343599187
297028390
215123393
473727686
28155055
544427565
702322606
689434140
21260623
161886038
121577367
412489995
384034821
661993071
428151046
506632357
324090329
174156473
481171634
840684454
491037615
802898177
163192210
911178341
180222608
308105129
946464265
411167579
410118904
609408449
39592863
191810815
539416903
129333294
127857554
446771846
912391524
542994680
974043446
416606868
988042026
515126738
835875458
83880825
52146643
550368506
687311301
808073066
335331393
763730628
908385778
11750696
179946883
881707343
817244940
810819474
57469435
719770456
875975660
900816759
955020333
150105100
851102531
313950533
38256195
281602703
860136935
259758364
586314398
421605681
254323670
88294327
835482417
988364074
1375166
919956961
595798067
648435972
240962031
680837034
978548137
608174875
983791188
928952439
626653790
954347880
866609722
851710321
981552503
331909481
635007320
899712008
394542020
71299885
979154456
975975296
421886709
908954546
275784477
691543732
636913973
354825248
974076843
378929434
410719063
508920229
570047545
121311574
626676813
8921867
87769571
144910557
772928249
635507115
585138814
340150929
898967031
633129564
582665641
573620321
992100738
258799602
399909546
773820681
952042744
723450127
576042114
512991543
55773055
500874193
562235884
731265349
944531164
740246407
491607016
44785974
175161767
108030335
408952791
723085225
164524285
882839388
412020256
608712875
247663270
212761936
2853579
365557653
682482302
153655966
11543884
610234382
805373359
54858000
127895077
949051139
412570032
637029381
394059190
664226676
938703463
426342064
847381685
578359347
610333602
874336035
976995634
335864092
463196705
532544928
669220246
762534292
782637696
466676626
445171048
236961749
111773754
55821005
596075447
887959548
552198265
465353634
163024520
961437378
333372954
175444886
636469541
115982555
702861685
792638872
384411423
244030606
229228538
855348205
302192267
975005467
306761387
618815777
677587466
169453292
605806425
454897787
814057630
334957600
519061855
963791467
559287215
803819760
352955456
81011863
328243324
809152280
212274487
175715491
42148801
876085793
862342261
587446421
574920574
813949831
763485929
34235076
710907123
691422236
892744215
585848129
311417288
467279680
771691036
856391894
759289975
874212821
277202457
207144914
255511977
724886796
951286763
660491052
684184856
194442793
636656074
431639209
677675643
20940221
125788708
152569556
576438907
633782640
594105658
625435456
553814950
828264719
648145389
890176242
211924365
703992811
830047020
870484430
922976158
308341016
125332455
454400375
395081246
280772831
634528270
319055300
638767479
502068668
269796036
663509127
591788219
547792595
567559047
326601279
907928159
32473480
90104232
124341479
733210403
38806295
68937388
211873036
736636158
323719682
473187714
627875178
575717191
337472725
384227261
861601222
145486930
931249296
673253582
677179920
407057198
304492042
887810488
354708892
483882620
494143437
393361062
649185107
726837483
847153934
708984110
212398460
380294763
511547788
911506940
364493968
845721967
289366425
567541851
940448402
116479382
322385322
292762733
767832132
524083
627250641
866392365
368433583
475555847
904391902
595796945
615204935
125110915
199023471
169312308
496656878
33439122
395330131
731167874
465536496
476572866
343334623
517428788
931416677
789486116
948520832
236170718
799851800
816810624
823067043
2528137
758143240
235209517
372343065
578136570
536211214
905881399
419796004
650519808
944709586
897567141
249755024
123487097
717711280
303962951
597249729
676904054
229392772
322455471
51359800
669390747
354816808
299717656
830867546
538079764
735744287
928683667
497466157
742776830
681476876
940011879
330514646
650123788
845246499
917886930
217178758
465221662
139285905
776753218
245301143
486859044
587269565
730054481
176201120
789779546
91468357
619318449
173401447
518929064
335423176
39364107
528269452
585283533
330389016
461465459
466744649
514480752
121299132
403619661
31556896
544230749
655168091
498016626
194948543
645997362
764800543
118270605
197140994
613433788
71990419
901969970
625267180
372933165
222019267
655790617
495789102
289331828
87361258
700389974
978441394
111888282
262891649
542026496
734154482
418127189
192072871
772903650
125217685
561560723
61955005
30917019
482902887
874978361
657734614
538309591
895775577
487173524
834103413
896942679
324198535
374860596
887928183
38757867
622186861
290120038
932650035
72948137
593390175
382804543
940989644
922454017
443574294
623252161
287383373
557079625
949720903
44190333
997887581
991469250
689641022
166779770
284040013
643968153
113756004
348986277
737380976
908106145
717728283
405800687
561803173
329900690
589891862
32283053
916808544
597871569
625833790
555070931
769740947
437102709
618866700
438894712
655896165
529547959
376529823
534185384
175624176
908228427
452725079
825768586
791981021
280287659
680375320
892134284
811223294
906541989
474524707
443235637
139635593
980118560
156717297
780371160
669870507
795977203
747533789
693452862
353135389
40293313
812058732
140429647
973116638
279205479
839958173
389853633
108880837
223321115
445335959
434278043
405876922
365726859
29147729
585658165
724872198
456092323
279831645
423199104
361402327
250451945
289510471
959385507
594005158
484582774
700698663
715977487
974650154
227286223
266189365
639332252
342612265
403426929
497445657
101870258
351751752
520781108
624475545
726170203
414035977
332297042
881008211
654679800
235769804
403627106
59379206
24484524
646814719
412199180
922882462
120247752
717693961
214516373
431926736
168701109
640770612
235025990
897584835
193262434
798147214
870234217
41804260
965550344
193567037
435247086
707185009
318845138
233326094
473218911
400709750
821589218
606021179
429157558
435660367
96890244
701517087
681552247
901594325
718261332
22214145
787121917
884824506
21624966
998747944
288345489
234524942
702488771
601894972
233209267
107630088
478353189
97021084
107809868
924550636
490746493
559769532
903886552
906016619
45385289
504748746
222639455
162387742
277550904
574674072
29583542
503283972
406523968
423462413
15207301
284307238
2051134
722238956
358333858
159050443
542651015
359534903
975180285
433164424
548201476
194290091
436388450
436790480
937760562
790987537
470461420
928401041
57316482
141920089
137466721
431942560
998027356
388086320
251932150
902339161
957850711
131164783
851210799
51296297
3332624
75102602
200721845
690049535
978399307
398281320
700073991
850937528
378631493
592467960
107276704
55573733
795538904
54728037
255818529
459403634
176824152
254723255
177646402
693988233
634179355
622491739
902018672
318215715
174725931
18841840
602064187
297667484
649819732
379150769
53667714
580703915
900658215
855106106
83848444
953922068
870975960
62157557
529375831
705213516
728470109
226391944
51386285
393224138
73770916
980432152
919649515
410719470
358153128
510701412
551664065
143295567
730383855
966852333
745006490
281804164
913993084
473519367
504504368
152551490
382823914
742888378
468307245
4254871
949809176
168705590
273305360
600650828
484467186
992614030
83265957
600037159
80996300
498781521
750213583
83047528
981020202
176326076
621694311
156099081
703051397
823224606
716895292
785885069
948116192
447997995
824010017
582577798
651436061
114558279
594632875
995545024
946659392
386705163
78777532
453981870
7539587
207381902
750776150
911869327
648956521
94047443
244194711
813939677
860347605
932735736
986487883
51196131
539126657
5155319
111581003
997410104
651336760
663831677
494787387
934276259
857390105
557020935
45234105
815541117
23204341
49857234
474518087
683617205
188389246
962539850
12272434
516910600
147730822
315939033
753258674
863925365
877577730
868399191
415088166
62513182
294022503
401902043
343697842
428462522
805234866
207646008
888318429
371531617
838515032
344341999
29285430
257322708
472914294
630570969
134038756
924039176
510504401
656445395
682550964
959438213
676232038
843897004
407837466
587527424
23257505
421672974
568230407
158672893
851632408
860368386
785171052
938438616
676255343
360419913
97499046
894187497
524014587
860961057
625155135
895546139
895874656
408194645
603142459
530136769
109041078
546910164
966277966
165387175
46962016
38313082
938701933
513909555
790764125
18388459
884563832
212005239
314290247
310532971
558993035
143386078
830054943
806485009
990427498
269541766
911092737
611440586
133332443
246897844
820898
848096237
181420814
846820088
620385239
679423761
954681487
224441092
678811566
806945001
798927257
32488415
711758312
152414134
550982465
961304471
710927268
949367988
390862444
376820435
70923346
403941691
757799515
310417894
269144531
315929994
708701923
394521136
854269239
586937236
324888951
778756590
643158077
237740894
852477874
609749847
919824561
565094262
63676464
216333230
779159933
823103897
188812100
645538760
696501894
709344574
267305112
433855811
221346440
663727292
337782603
368596024
279722554
70694166
653420285
21966688
250112467
782508955
984782039
878532364
245335581
438083342
764342655
747226775
192829034
453689812
969070009
559236351
967114957
242123049
657332769
531344
689861377
147923301
828649697
242818266
496391360
748680731
470943541
712855500
665480369
120372005
333461567
306833960
325784340
964881799
850529032
906494803
592490840
916033213
164744191
891326010
796405397
824545987
231230019
439825954
950788821
948648137
548126988
556519288
459646358
631061769
764796970
457745031
160208989
56821016
500395510
671460730
195348695
538563746
82573661
956902927
748382548
595328912
361152805
225774677
709879643
391045779
800009457
614613007
527275028
864619926
464562950
467789189
907822239
642189582
306513433
269758832
255198313
220066868
560368124
82792116
508745624
989174169
42437429
342079870
328229594
928717499
885159865
545015911
184658296
621441413
301988975
186209608
917159000
656688403
971402542
705481479
830607901
105340990
467354348
127363626
174091130
788984121
312560652
13234134
557299111
357831192
838498850
985186001
397333902
571584187
460560723
275903258
952972627
458614736
892684337
177722022
384127388
417230235
452480952
755029730
644933330
226485260
234284247
198671569
448963634
485443564
430823260
211310289
931594179
774983704
187672668
303297549
287000572
513154743
155010028
899411737
980486142
706640110
121775894
470945407
746639657
909507801
757530980
716970498
432928271
689740359
791121034
660389306
327347902
559021415
769184031
475645629
419883872
504903259
160092717
403525748
459166262
424860999
982225540
344815374
789024787
749782977
735192067
197115514
521628242
967661377
43883839
712149758
998225128
51576058
822333194
709501482
699293357
849460128
373904822
40270136
512180520
194926616
71593123
213374937
938545524
179133138
459086618
914163310
694554815
468426388
822751289
143421099
25929181
924354860
239959644
689292741
568240079
247867857
599796581
175388309
409566586
878181439
814708855
692698406
962791581
466617133
789923988
870161129
25757698
41163298
242802162
469980012
286508278
78382281
689015446
695666609
231760908
701578909
437699673
26998083
812128072
868503361
955654388
273764569
833408411
526207122
371960136
238664224
825553354
710875
704622378
935045311
728672038
910696284
555395641
395361636
7306022
600739393
262584719
508814601
446781292
268902538
962154087
452259887
303499727
668541657
653788746
524274052
894922790
48905725
489319812
847044223
506557939
391269018
233390911
228138824
727299372
602742828
910623017
454219396
596661175
17646151
442333967
913113792
933719116
161948085
130694415
627434345
295225697
255844895
531640069
597380361
88072249
624141146
328492729
803306860
352849530
336762566
388437096
818870170
338632860
750927688
315650064
741962731
561517896
718678873
270882749
34666624
96326388
922959542
900348912
398034703
339492478
486118613
970893006
160694039
98132010
152099040
697391111
794223448
715100775
673253489
731622316
834950385
533658193
664062615
706235305
341157600
903851704
862478284
897454022
15574654
32754633
768218958
670381167
152546921
652994394
275894007
793561574
933126996
662841750
1966086
62252571
523759749
774519198
63166106
455827447
535321509
570171591
148770876
398559574
138559433
28366838
765868133
78860112
230482782
351323525
523259067
196855141
696903135
730386761
857803345
840471758
288949008
256911008
181623934
560551284
495948067
729180306
297245515
815764124
752929479
184172204
320940908
309176051
173758924
784282486
501106619
674490924
98854194
190217437
183050776
919530887
852839372
678161086
679928603
322848933
531426096
294339431
494409533
258133040
861376782
156224775
817831715
202100019
64208600
92166964
388838430
381496804
786263442
957435989
328643129
253778332
948520121
58364234
767593211
844680238
885914787
436994339
476792238
400293322
348055883
290980626
316737223
203407170
571381072
260667503
579353478
146776890
554351519
324111537
630722453
594993450
62049067
839758896
699537813
329549148
753149901
670832763
265027325
672504919
876017560
830672119
895153372
999355256
806024521
610441205
870397663
625604986
656709739
23212612
668360142
458461808
680886534
478174809
136944400
803744166
144523782
78519083
771404725
96669219
488254492
751323325
119310672
317884222
64815601
199427452
607393514
959725352
35981816
526246776
321149768
7833113
634795902
625378323
928792024
419634164
337254227
116838372
226739773
682896228
880460648
751795946
504910143
440271739
694947258
126320877
623976233
533604662
477552324
547149668
918410778
428862190
700401368
831483240
851789643
281827386
331010285
885376090
468231921
726655526
880029300
932090142
563164631
316882612
457515690
687750113
654439436
792122923
974612822
795496347
478573411
720937913
462484
567000887
377426799
735538592
230980608
178885177
482386448
383043309
817657958
883097922
472745254
261942308
382034312
246059258
973565927
74523879
731462333
355008182
731241054
229162283
23069704
262691311
281603264
952940787
834283588
295452335
310051629
711424671
976270639
10274195
409507678
143800144
178718661
593741212
243061659
355542139
31838818
489879829
47658738
537757521
226030766
574272343
286722381
295262375
700703143
838969865
310903119
334810345
336535027
629971935
638552307
35517092
797712879
259394064
472234473
376877527
779259069
402822152
594945908
856957065
331817004
389591474
988869716
133192832
628426583
112783453
451367981
279701819
303840633
931938165
351168544
574835567
524195358
722724175
783919429
515983163
319911658
143593863
482546247
396811157
853544977
148087144
140997238
558951972
237324983
817651388
472296202
300975907
468890777
724406248
943857632
641065050
710434626
217869690
998942121
61264621
843722363
424136128
887631668
315642320
585989930
107184767
315698400
289975879
170078717
478097658
103844888
222095107
341178980
813663901
992422158
230495446
689796565
528808254
53073108
867624998
556339028
47746070
412904771
784315787
718149932
383771258
51550462
51192523
506156784
666788964
898383884
219404440
810848381
766632500
377774300
841215362
986763711
873681243
546363500
572261074
462950362
614797801
654661040
294948755
403356754
603240514
192223274
491773063
742394877
879469096
723170175
256062849
95921455
882074083
938406382
602880461
417480808
436011015
346000448
574871364
778820692
320863797
568313059
703581614
380675854
476178339
388750776
33535571
575925521
676026470
800833091
935229704
921030766
281365825
554151650
52871386
959826380
36879606
289224430
235510548
988764665
507085918
150325779
614911016
107961465
821058624
485591619
766523519
504983370
89767484
306235213
985592541
718677932
108876994
710121545
304266817
246781078
750563491
987181115
703196573
544310965
66547695
511342110
891189074
116634583
802942521
995550369
489429472
232556996
467261014
484411448
774724150
378625679
592692033
326174037
217996000
450354086
318034082
945017783
462691539
873609930
415287296
458879579
364674924
303558867
484411127
706073043
355031037
974909683
164896295
238535484
656334433
789924106
180473694
92574925
547323434
472071888
88638062
669457619
704239140
538810967
172639553
336675854
98929912
972178874
504981071
238177551
336795863
583345485
351562787
553159503
697181381
737234832
282780557
314950183
379943867
505948940
448445066
171296737
379486196
427744300
95746041
714124305
385543414
519937194
830670211
481855701
912140649
693650791
413232858
89732918
383529383
577049014
403226205
868831070
175821545
153651007
162390270
827105118
609119607
694130296
879706794
413490202
394143823
959136283
805378744
104021061
432195490
977310507
159420821
806174556
391388844
866552412
70109865
360689999
382333676
847186461
898067665
359578000
663391596
111619860
613533202
364943273
340066340
531358132
626322729
139879535
65386065
161449783
461679082
473035696
487766734
831987908
411945732
999355925
990028219
563115255
846051299
779328012
206045085
593664526
106336949
517720306
682563486
525054931
998505823
418565857
542598844
828396983
379714171
52443371
987031031
67045023
990508484
20532915
593690930
179879803
21304159
628140868
954820780
862197391
232000423
701316931
796498712
231262984
598541459
610653877
180019036
273434099
15883396
827100425
636211993
862694664
618444443
771800351
417191716
969601344
229018567
658369754
301558259
74909743
848904073
658163254
363117329
670053333
508793416
146575213
182458858
410241283
714475444
330448796
847945074
724747934
394084867
118313219
856058670
736997137
279103064
870734220
528208008
186753360
189557373
685104538
238174456
749074298
919325219
221802491
628382503
462608381
17333622
328046847
397039649
34544483
974683099
807201417
969858247
699366712
63341052
124706800
737890790
713637091
296622993
941044683
396603769
515154602
951109027
315259318
198395230
971035941
183544120
895389587
41642576
522315276
334964777
11366145
857369619
249697968
399751348
661941816
218150177
487570193
166801002
407439285
337908547
408136147
314846037
587866555
218946351
77776497
866296275
212791755
567407197
40807427
578656159
822963835
683334514
951024613
251393801
779182857
105541302
930291501
829570773
547655504
961169127
367163316
152812511
352752113
784655745
110402919
872242879
334076585
940299745
539370312
589494910
24402886
89935254
780566842
959778285
56715265
29997182
487064703
271852339
857539598
799520287
836676647
39062725
705871158
466633639
446025925
608944663
141592153
743701274
974355785
34223680
250119074
105371766
800484726
959611853
345073106
394631078
606331668
784222466
558802043
763253816
555036087
813218690
820419810
622405023
91342252
250705032
3935447
858780048
667487075
917855227
293777704
640190038
828984747
844352293
194892922
258120711
442344393
634421743
893656806
629043533
922361790
751484442
162454100
983692311
442078343
963249176
689584626
238404184
401535614
113439449
455497783
540729800
633438165
421798921
867715567
748574393
166575433
829583699
167012519
224799078
105856876
296131397
693097113
365882717
449954284
602537648
573010349
591424932
829436270
222467962
505501
330180519
27852573
322382750
303659835
195124246
725913921
155124647
427766829
776518551
561976163
661094468
204427880
72183527
396655985
38944015
346911095
697600384
475219371
795297831
223896686
492489184
308865384
838533952
679286686
976583163
782825723
483381950
811773870
419228828
614607843
304084482
597937937
975807701
289469782
434864368
633192501
819067665
272668570
516865381
252487692
963035310
109236934
347312756
777393510
460494722
378898825
162360287
84952813
539330766
831570176
64481545
496929728
588613062
918437074
657183631
434947438
190512651
300821478
583442240
705378908
310137692
464773752
562463654
780329600
619384039
889658563
566054297
284255581
238958439
936100476
971686766
207887000
794511538
673378851
227465514
441181012
874258647
985725008
456048353
331466918
30179605
546562817
990703772
843636323
797360754
395312884
299763136
459274705
245618187
36630478
315006424
158920883
462017044
541491801
862547575
737202039
192915263
94563176
77343679
229239687
761673930
550337832
214271371
518359700
202664498
771770647
675828342
437155159
98482380
309449137
655278828
282918131
303693566
483381199
374859062
547756701
295760599
707707037
496667577
917584609
762918955
365864210
663353564
985139155
888883528
293601868
715983796
38247787
694070925
611683051
364658834
46328655
927262823
365504946
533631261
402355793
910681284
848485591
699772515
405956761
70876791
630496921
236173821
658918784
582441128
847179152
578869291
414307517
450519155
824200054
117482937
306218322
865318427
395054321
2449141
201399724
933961972
501371625
434482689
174050026
923942404
295378425
378341781
815840537
312039361
15876824
216856901
636803020
596493444
461350016
507404544
278349366
110940323
64794743
32942507
108265621
721668575
94251502
537293766
21154135
739270318
707640493
483912265
25108833
84896711
612126331
630657080
494482887
312783525
481502906
621190934
135617037
63667239
636577609
366984212
187040574
597713338
636216091
60894565
142932521
886083875
350835112
197026822
52039203
813655428
107886272
269653393
92724765
589589341
677120513
892830503
264619495
372726261
704993744
758150521
719172417
679286659
201126280
741448309
792011989
756417181
856032483
352266750
121999421
537760662
307559870
9983079
224130942
706693196
986508725
379576723
996145270
845475548
15888242
208274963
771818349
930128500
366516562
670634938
79642693
396972410
765795320
251083478
812833332
863072808
216366745
694082793
246982979
258338689
71641110
469580822
324884837
823004139
985208687
197100836
561774313
353201290
421569417
556851195
927586400
311869637
78007365
993711889
21792931
901508611
770994223
75853261
139861201
41336638
429772099
30973096
393235729
517118220
591059606
473422082
485855439
978662812
802802364
231874558
443283665
469321519
708172581
966362257
839243514
433994210
851969340
923092420
504493877
505276282
3366388
928889481
619845222
441770030
358096571
508339766
877258885
288726938
518668642
73985183
901182205
786447273
572897799
738897596
777883226
105577837
872121919
664589147
322406209
935334286
135534463
751138555
307327257
983864407
850415533
824086113
31498170
186797927
310475257
49671315
21816819
116785882
686072596
718954689
501433327
180869107
864559303
45145202
504097379
874673481
299441138
997333260
575159515
607039529
995632257
462770377
178809492
592614881
781636382
495351974
982632032
750189801
296838510
174167305
560659900
14592440
521136190
414139919
383361596
728525600
587318539
456128500
564961206
254152567
363218991
449603676
705802678
379964767
881542557
951862114
405991321
941032175
482005802
646981338
230468424
368231798
252689207
752915400
798408983
263668321
74443983
268426534
552503098
523649316
502343035
675903466
943489895
499898138
188553865
930492229
698727502
636229096
333961932
956780149
659307935
787985268
904609634
690255821
733860532
362381269
938792263
707216856
101368377
477118283
970140134
808135087
156748702
317609035
854448675
290290621
696335634
748534519
834488881
886695420
432359171
711095077
396030804
117354621
866799617
774965200
823535447
674444706
393727085
648820833
267904091
308560174
665438985
868711424
776368888
570594552
70265227
118489426
574873949
869985559
759167974
634117530
363248970
298867761
974669225
970376997
43008590
195942724
930012903
665425765
732480347
598758590
224967368
231887818
634138264
75606557
359323349
440796688
149235972
317510474
561486200
993885725
716719231
268100603
415745494
550766617
229987792
76896486
437890656
886263282
893727494
886320233
429756975
883324268
247520981
877476879
50073157
789827302
406977346
463289444
687652652
234839898
690862686
62080740
684377419
327767525
350743360
236396692
244906792
610825119
211187657
601099669
362026296
355888686
134606197
822456323
24341815
454238709
281340982
262110380
403925033
346242621
873119716
74589617
104987237
230351999
212734452
594691992
344676246
19467049
51948270
571214063
799522060
113327512
2489731
888782987
947299030
997212690
289664564
726975682
404209204
826255536
689095110
165191773
581024826
49013932
199669268
359750276
417123769
371393196
897383073
96688997
271131972
139328328
529443682
2964282
841448415
446463285
712296354
25927415
297445104
345636644
528119198
683106319
504183454
31176661
421486027
853634749
351709590
362072845
951328162
809146445
454495586
32831547
865627579
449688857
643277149
101695139
843295682
8091931
87745278
369178394
85990512
930392083
898484964
116391696
387244797
671561349
945435530
738953033
483582074
201786217
531029605
653706291
240975913
596970999
729161321
436098646
553867281
360166990
477462557
887112017
666692241
909739710
255867549
655365620
455443626
789215000
225890571
99604526
853394108
464433725
283395214
385386631
161336775
291293866
128307341
979117148
633258150
208484848
277864803
860759990
454915241
349206355
6228742
70629122
990364771
11693000
874778323
301540017
498963728
664659312
725277984
225539856
765203980
48872169
772430544
855250068
497886249
457306149
715100715
612552056
907748954
820119285
244762030
662986075
525321740
397351266
563759972
698043971
243592384
998087814
945430145
794804095
987969174
189413110
863337833
125671827
669458512
942239768
840062439
230794102
492479035
967809570
739477710
554586606
20122758
289511955
621294140
757573514
366274282
887461325
797557158
763513482
517289900
804546045
574568044
384667950
710809789
164825020
592541535
120676136
466001237
595635939
442933297
744180256
766974560
520130554
151754229
699353532
961484238
173591488
996068260
182651399
476514688
930191028
776184636
754419745
426759812
792941287
159512036
129412334
681536980
591624511
343249465
763393129
552266191
771566682
416767192
819664982
675437482
244651302
821424765
330134124
88578200
909463668
304376021
884669875
182852916
841901644
304604686
642226893
673365914
764590190
417579681
782618640
97088163
168005255
254670290
584271533
944389930
181826025
146276532
130952099
523636020
173711172
202411688
845290372
959374000
958816095
958358162
913134534
269137524
956415992
299081137
401794513
776638677
879761670
726533055
285120393
39972511
757806252
620415180
87722060
891817496
412857374
478381647
197433106
122560304
777927200
921455007
46075046
913888861
941560149
761373061
599466040
738631518
603706491
982130188
269772993
332164814
600724206
152793594
399039182
735679973
389425423
440522453
406973561
746665429
880211351
359209261
600741574
352965636
585657406
82967208
71526818
409429606
217750601
72424837
707487155
738611619
24714867
460967769
176895029
8316480
830485397
127589723
313383706
38450430
981017901
693024537
32162290
277061859
854160675
928691210
792939966
905465741
329106324
741313940
433276492
96700523
292653601
694858653
118817255
262393230
120104034
266381856
364324227
326888867
889930216
483469047
81286583
230271779
109797954
289491734
722609595
733535592
169574992
320622293
144200275
743715449
179165345
290396259
907597958
827836239
523638056
649153872
346464456
674263512
652649835
565341145
755328888
955012960
769897389
110055729
169967345
175254858
371732429
790180569
323998609
51801009
714627791
343364646
338529222
43625443
355973480
887855676
995328783
662839039
401740000
356527996
748211525
3380280
73764216
3380381
819849448
899142130
474629562
696848155
551289936
853584030
712228278
513962449
673863038
303684850
770128635
578044994
608036424
851918322
152973896
110805293
708821412
363426700
197996829
966369953
642858483
800055467
988463925
823896110
910298452
300229968
873087835
751269664
81322921
81937305
392944006
76668411
281115099
879626734
801377075
554066564
989490607
670732317
124961476
728630603
438140257
742079281
899006268
554720599
655841017
157998463
356908117
841336178
851068286
982593186
946834785
63389928
820855369
261911583
545956837
454650597
229680997
899973941
614620460
289062687
651241732
905391275
736002725
269228855
815597803
522174384
255979706
562026362
869289703
148704811
928814091
523366142
7054005
714582010
699788763
819289299
58797404
680861687
268630017
745131457
128571279
206432860
757354530
415547580
454555682
33713578
201403814
564585729
747370103
942419497
832399662
880739645
25315859
479419216
815179807
158563015
734960504
425721455
48110292
251051654
394172742
944733433
468102652
441541507
506586923
173975095
457962521
179343492
570775724
970464860
81355127
427221427
328930162
123931925
81708428
98016859
220400762
855532708
113232179
28928424
82239381
909382175
22188263
215670444
604847325
988047277
477028917
881325406
955656514
550562505
497224697
76997503
972919250
650006593
113415353
309272212
462031905
729249113
641474715
839664205
853741982
244994333
547438462
919279469
197545428
539934938
47165046
314906346
126075963
718575219
404229714
439851900
406341259
111725060
310289243
249182471
928300143
591172873
593260015
110448384
888606664
568716072
427544168
490014191
109552646
125589432
678008675
771431607
926564182
540388586
11754694
54492756
389758882
809560898
572004753
526355470
671246162
549367415
553873648
467414255
239175378
637375905
146406098
735952874
528299885
43820296
497443412
201761322
22308211
20763646
953895602
831869977
709410396
957976498
992708420
488446400
664007706
724600788
605546976
740442728
801300060
172806958
868379661
714198030
13930974
128202109
841615569
578885106
866564594
76297862
875663150
614777522
875240630
311269744
362316298
970044317
985968542
257939630
451001451
698029442
912625440
498039260
334251531
350482216
939407328
128676712
629651777
937508711
502529988
28200821
230850835
396799011
15045835
116705517
716894658
646905067
925643058
756007002
314928051
223586129
667310108
63303837
777366410
821830744
71088734
222539339
785444629
9349647
994445389
936260477
904118360
910175161
348381316
245569958
97487899
748804245
412151619
290489066
617747152
688935358
268455283
161820394
340684150
878794233
941077587
210545523
984248279
820936721
442474295
202423941
233539066
584990792
31627473
487039341
916651322
363739356
976379452
747373937
668257998
406896966
86553825
642317204
468815995
15046546
644947609
645535248
230387939
736650297
277376067
868729874
136259568
136093563
647207864
602573018
181057801
575026048
556569842
6440464
889907119
742086207
738054941
686223697
319428855
83991074
968618452
545524982
304378494
502019625
866224699
451378419
931520546
814012284
366752464
728695404
129697170
473759224
541490753
799236673
594662544
746836081
650130302
141882734
205055530
527174595
1622878
381330403
715846841
268879405
34680593
695373049
218401913
925551882
794546707
632101520
80027542
279722526
749514952
119014278
302912901
868277622
776267088
703087692
437644460
76122505
428356187
220121738
315942798
94505617
997499690
545586241
979795648
491790261
369833677
913262895
752489539
781734107
454905655
878326623
213571350
287741037
745891959
779746111
529638651
388038846
854724670
288646343
9491194
138510327
704595206
29896419
415224719
59926939
727965823
561216492
710795091
289766903
607788678
40331665
670377387
651701006
412890704
767082848
15578219
305934395
779886913
592518222
56933205
353552638
984507814
196154258
100301268
294861394
242698853
886330660
529363847
534172800
253080763
8754179
101844578
851087194
475714309
362742638
917053433
62657650
611355590
865662304
237727983
901709176
574426266
171867745
516232624
286118251
451529869
304699606
971675028
107196027
32611363
50518264
273505382
446468877
36960767
312087691
737782289
272841087
830606347
901024370
409975374
924059504
168296661
165177973
691428604
21568116
894375970
794160431
12815635
528454664
80004520
175527020
446892104
361131711
872471455
230426639
361028953
781258508
601304718
518754957
518546583
588286208
417933358
619732195
91111725
192070825
373051874
499440078
583264002
884642113
913330741
739365985
462628906
331634578
379631027
978442267
125925689
334727008
499313137
29951099
610059660
53481225
276893837
882065561
865993614
471175227
955721081
479943097
814812890
532825231
880475502
566579506
425953802
317676998
609115985
349211280
227801377
275956945
704131996
424757323
895543213
321617464
608760641
584646974
332988095
275300669
121417343
586204240
266143680
720727102
13598855
716584686
809898315
319018354
679842451
585428864
617115666
130212788
260879846
362591865
488510824
10073502
891645951
423368882
357907715
655549062
439254929
116657833
195250983
484210493
489816106
952441375
954078025
643384877
239314267
444883691
978547000
356941679
210418913
744514917
515638170
302225010
678784772
724870397
998671288
667915106
534241001
61928830
966354588
553212400
782458314
289494435
725486409
610185817
975257963
272476872
579427536
785824906
755124653
649797198
507585886
776068453
66691008
740812182
678481555
410908520
743280312
53013479
367390918
536148869
914351505
55546731
903857313
379056910
813028811
965344374
571545675
178098403
168135712
316629459
180391484
224121432
208594953
145177961
121442571
495185385
468145278
655542058
405128169
672424700
473773227
260281621
331210066
164341338
511094726
504384673
672443016
413541135
242141551
694017223
343278321
730945949
790354551
963267314
589845348
51096413
734591165
445878691
500986416
788532455
322772567
353215417
458197739
892024266
649509225
542753219
781426398
392975904
444963005
988552463
209325886
906841438
682320229
859732737
844314939
852317034
64445978
504448305
410910050
53687670
735388377
929300333
711802728
946134027
362774616
825436575
950501719
388555650
190839878
477789867
400404775
547063448
263717792
900582438
260811323
820985975
393950090
422030780
183613593
897476720
101950208
772762766
394337226
956730393
246463196
3699686
536490824
965822625
116383078
701843496
768453690
918875229
115280279
198869245
619681312
104300436
130578298
762593940
810063914
200218746
903125305
552738749
472526031
572293588
456876519
902360078
919995431
649551698
194571551
452038966
775244745
588448149
832049648
509702224
808503468
289860867
596738247
995019240
618838577
718417877
135677850
302246511
169447079
790305526
268830281
233982968
455084003
803657607
257132019
485373734
654412414
58359102
696848374
263894984
396288711
764874518
199118155
391444615
811247199
368649947
213024675
906450415
300364997
485866134
273349610
529542746
426917714
955166398
815886031
123718034
130343078
987644401
343483501
949738645
925248391
69812289
677404692
140292419
976254042
939801137
140720559
841665214
337756492
455204981
967499807
798954146
887254344
822838922
739236320
510593298
803083469
75564056
113065079
674096579
493044482
615798951
898576920
692580501
866736862
39331587
238216623
613810173
91251234
764764985
936079415
841072809
137053469
561049628
584700206
876701642
179490857
102127639
432020673
73184872
16272006
89858150
655213732
794925873
774551478
302512296
861971124
689146492
555296511
998712572
931512657
258229332
159384030
94229260
881295085
923244444
299543396
576243000
249954816
632567560
579048886
374007694
556750788
890992098
636541245
668089836
655082658
154845062
815962081
403119062
444176012
960585030
532701252
514947682
848888087
207888237
593041798
70025179
707800733
104114823
698634658
97175539
449031907
878510601
249858619
62799358
972959872
841333432
838711739
877059802
513844404
329542095
117099165
760618580
925388735
673993353
416950194
794128698
691180216
485505377
897359413
941046245
74178386
902713916
884690263
88192009
538848679
756610409
526426861
647171393
764719570
212282741
939917361
693767080
416252011
523155826
691664735
262375282
768002867
902005169
358667440
920220107
826407278
368767903
751876049
593413454
800787221
568856101
393424578
447699708
89147231
876144259
46767399
241275325
105450963
424004237
198056521
883547837
222660048
290308874
751715180
567668975
480075007
175964649
655847732
754104510
316742965
665668606
182238337
593426870
532271825
440910419
449640633
935639927
336488413
656933444
974415125
880199309
669217705
750478405
622908911
351181456
209218635
745532502
554343492
167310547
851375330
450483706
462053781
133526795
83706906
490578832
565908051
723853420
942600055
690290104
99854573
871780514
659817126
544931181
777725191
8391263
331173872
556658887
596944947
827457723
154824382
287373061
272268159
443434869
774208835
651138843
182575022
931632795
697068871
455261078
742730708
122083251
833065698
533529216
827712534
82423476
961441894
778292717
193425100
724823262
220354672
470335037
201831213
128234525
466808600
216893422
676914783
530581157
675826131
43619912
333080570
69149776
96979072
387220161
286858973
437202573
15918299
138991
558105876
273527889
542594762
631977247
379327801
634859187
979834485
986137227
477415414
246338593
676951111
912491611
597412198
837586620
384933194
262861698
615758064
618140262
743908825
471692971
52630091
979567255
70430882
113988468
882635654
5541114
515127255
500542677
171071967
821947937
17809641
28124830
546931332
915201349
830968333
108666752
763073397
689145147
824059754
666691770
159527002
204945291
699175966
757171052
742601853
861218094
769114933
281619473
717478996
592361732
365677403
61708103
397592145
577661457
537928144
789888874
846918963
101303553
182598295
486359914
83679181
623806821
306131339
622603149
335273778
774969458
854225537
593573322
199614798
819835588
829797514
457715023
560483955
758281809
816179737
328298222
20702192
498708173
90347328
652516065
338802967
29326956
682666751
249413967
638117656
849961465
843174387
805105369
283093552
473636874
757502555
430807796
859047035
367778978
342058652
616458923
854489474
496635983
483167410
321141281
633496314
693223142
10247712
853503367
219446736
75330177
626255722
810510879
785310541
45437425
757576403
38230580
399114903
600422859
220243994
85697937
630361819
541153396
354524937
176715601
683435798
305788700
78898519
205295831
37964220
118456700
693077548
23667211
191229767
397604161
570587361
46706840
660954201
817089443
227900496
782704481
40272418
293412801
20797414
36238764
916432702
615026493
718404029
185337587
811987134
313186352
218762454
35243345
147690904
883197339
526832058
906230320
860414955
60435712
110720841
727302170
970909874
566338938
699827221
144273015
928339698
370737702
143695666
352422101
592967413
567388292
367014134
867189288
9048380
962548037
969886270
89345079
414134980
951794472
852984282
45022665
229942464
602869113
765412500
469733554
980399630
436719301
706510227
76795392
559568318
783201554
901260734
137357956
474914827
660153034
477811020
964778417
744205062
897808620
742727500
9607745
319163973
273879450
24756922
826171853
464700566
817879119
51905253
730064436
99174000
801780999
575231687
798583269
612754894
653902620
334840891
493154309
867722021
447789128
578845323
417268807
271291061
414533119
280675288
756810696
463155725
274683034
238143656
983088413
209866558
550494925
136646057
500576531
84782794
100958967
211829189
398315558
885852444
269797002
636698240
811021631
298596569
665913964
576024584
253383354
891989675
932241364
490126173
655136679
3579678
207589861
850837540
989218723
887949464
786763604
671231187
530195794
185095249
433830228
277720188
562849002
345248324
762851781
967626573
840720906
992568781
676283288
879656511
223931924
77143818
617853382
914809971
584547765
964109051
920144819
300090086
607951379
207499671
563242067
370296578
374117799
40270214
504213525
403185828
614815324
26963380
131652451
363988744
744335037
360687749
580821821
469186
681209012
741144945
73228569
391643468
830662359
939318035
970612492
380352345
386282796
459032870
704386188
67414434
217667154
76488787
778050056
345006378
284722158
783484606
911201104
979359739
426325777
91847904
627153775
873118040
737011931
404492885
440306018
187562305
386765251
776418716
413094697
450173613
438903870
632166324
462221719
728626648
687555388
59448243
662168427
547180107
847361236
827360872
233306616
242004097
695852298
151707117
21312636
188288009
374959972
334028066
62856358
66304324
344159589
444052949
59004796
65384002
209255136
672671433
55358123
491810835
871363302
324844774
370022817
702043488
977544079
803030279
801337485
945740628
338656515
586196122
232497803
248007654
131490703
598599692
281899652
749513688
579347845
170913386
126066011
409809166
987006480
17816401
952682236
622616662
408355548
913056179
678230357
715827004
688988831
957575906
520274555
375352235
851906466
486355454
910861611
639378
651641920
440592626
584735175
937629989
286118880
366871481
233167235
721783992
883247201
667069404
146340391
375503001
901509530
8450295
255797286
618054281
321594912
875530165
333612795
543703019
626650218
419366891
279933542
25688907
775570125
51220202
267881213
844601183
477830502
844941390
661082623
355390707
48493408
175433379
181585181
563150698
19532949
176569958
133810217
488180950
661062226
608636094
882212550
95462279
356366176
452765321
830701656
684638300
928980276
561291054
516536811
741403538
492085859
72549100
585933418
499610796
771025227
471732381
343234041
789403598
207271148
81204124
480405294
306440539
381200350
82192463
463342455
866328820
632012969
635211587
512398093
178936388
326441496
276662458
853688913
886073573
412742526
294661199
364542408
553058273
966937632
307166596
621244680
133639119
607901576
768123347
403510364
885814007
353324360
169947522
320824787
882984698
725054108
637499583
328332405
163420791
544916493
891360881
755794597
468608614
53012585
971237296
807274725
449572669
812458211
687476757
883876899
156280947
32022581
593109448
372603538
199866993
268176018
512729084
351760565
219259350
627621855
591060463
465896848
18398372
129979688
965303973
923698416
63834522
763925783
610785375
547450896
462526896
408561506
286389917
507260412
47015206
364886004
992990531
855056969
565608613
364234529
911962575
707705171
175205567
414289354
277644084
86490347
477326289
959202609
23019856
109927251
867904398
784902333
235112015
979522990
418806687
998107047
39399596
623205229
845349242
300287525
116627899
30118142
245845599
436244341
539824018
433261952
804599456
999544706
875947347
454385947
887560667
353653959
198290453
292689642
363726084
615654591
175651160
696245761
935090912
349273579
74434682
777665047
434286175
232548432
645083234
285270584
980283799
483740096
294375268
793196140
760966018
912640292
366574965
198385380
54112054
619662990
59504157
506380306
878243149
228125697
855023833
256502362
416932491
347822488
93285208
189543765
418139942
953414912
673280103
148872123
85667566
856425253
968296094
60102149
582986576
896804854
13933381
901058876
735776231
217246537
860766107
892066766
2109348
868520395
169566514
787524901
559625371
608680192
622139261
31853177
922628217
860863788
55788509
329682418
435555700
495942554
424407169
538365577
861619814
633859985
768427044
833437222
797224407
116446082
388909682
771952820
671432435
114301526
984395799
390973412
533684862
131081953
670246352
231347309
903669873
610994257
884388807
241649793
153718170
295620803
514398988
363323660
345809278
656513420
863095777
750623332
363680822
305059210
386410510
704588008
780148702
66431562
927102947
314729364
834366464
221219540
604290407
455859199
712509110
100860492
665483065
505019210
795276046
861991663
153618656
473576351
149625051
618128917
949722278
225697148
206163800
184174462
756931583
895759798
347102507
412094015
202696222
665060372
791617850
57587713
919467135
748455581
355000864
835492146
168280945
773845822
15473364
464190649
875975279
690754140
448196790
744053918
442349033
855946444
556099557
11012812
340486963
753770322
693398078
128371932
321975719
95223746
520234712
423777630
634338844
653855667
269476361
115474596
995003645
189096712
338786877
699450777
123142033
970309811
993658016
502885678
821636086
613202949
775100255
465532964
927588825
817202273
568853318
60277715
100541494
430371914
894718763
253032184
851156939
948470972
966049089
480420085
466815335
35945499
239614614
748117334
665177157
105529727
351054747
701905839
631743904
563792849
742682007
924772669
462641512
587956079
20692007
485541079
182623806
68836002
792198544
753157946
372599608
319325370
846592374
850615367
918429818
319543619
571535685
828358194
644388755
728130368
291293002
578600524
580423891
883775548
34441593
693003346
40800116
536488314
869862530
844426090
633036093
157566903
488039547
415597263
742730970
188568799
367085942
957903516
85548450
608374163
416945648
684476405
277033860
563563212
888753066
490068924
728554320
348758832
585367944
834919794
104865210
870559274
243515097
117919944
397762594
663482374
843503849
254616984
33247861
978261212
809729133
610359425
307549352
288423198
833825789
926009276
940053594
825367775
384950907
630527815
548267950
284616536
93843139
940097529
163980315
407087013
765771901
222329124
87272596
558655844
277518061
611446614
538513251
607836653
730977435
944517903
388908565
244143579
270637667
484810577
403995942
631404000
679214168
457807158
62765019
805851055
523915536
424991140
496007059
705069502
491371915
341814645
153487508
272584032
786696754
285819644
525972180
154719755
913541702
172388735
96074091
248931970
903946251
872859454
736983703
654473571
712828219
257840816
536498820
498867505
131058752
336836958
245262495
533755826
646932981
428310771
822912902
580393626
950923220
551614719
5700287
788704708
273596126
702987910
66354889
293348410
154453397
584271201
590224621
730872263
406866867
4834680
751386914
559133795
249601534
897914548
668820760
359107169
362306632
642186658
568563700
108174346
693711942
114071718
386224482
599270741
506319093
858004134
939417162
415963891
256875106
729935341
126230391
952216214
866686766
898897462
130122915
260819043
855753225
775038234
876721505
789875693
169292562
895401966
453859470
67527372
233608422
368598855
457385249
53714689
349227935
771795454
63707344
573090370
699277797
133674413
321103251
542507891
159406545
992731599
780279799
556952091
21951664
382413676
345791726
278033181
577859571
551680833
967649597
888296043
696677806
812657787
996216382
799153587
692502579
550118841
457257273
665003193
734289584
804066462
177819904
109003873
313671722
586498396
684067849
890773819
409631983
725584240
667882174
156300541
867379206
56010188
950428526
816741847
302149640
876816378
831492179
102767565
192976851
499215242
145264247
583913267
705828584
956375246
48564047
877128833
688357965
396553709
665865807
527212584
751516770
549269714
553149168
684805662
899989070
815573109
394360956
512798998
362924010
582005961
798807342
791623652
671097454
320097103
695859157
954117106
659781605
787906885
444751805
208249889
665558467
929044815
385636259
250828630
191333385
392639178
257681473
167291392
875077129
937001464
527548103
291219466
424785232
520453028
293956531
280561411
76574724
795423880
397572700
454199920
951641711
134404297
24351473
72853379
374635563
30272445
220420298
64536732
286911840
684995342
816109597
784235767
187000644
621028350
333600211
881118714
479407422
155565520
343340821
976895872
145029296
227514988
801809041
584581578
848407939
372529718
719002115
178594925
412568600
45136630
462090917
892990223
480224594
863618237
410447020
910272840
948721377
792944255
169664456
741907959
890315986
297856912
240596937
384628916
736509480
832103399
632646418
447533878
909639462
25953723
831918032
170465220
541557180
763291771
543680011
677868319
194381715
322980062
136916978
563171436
647398058
145161445
252058559
643797514
307629179
467769701
88442654
595175611
742671700
827391434
203693266
578369460
252671166
353104242
965756126
455710803
574118702
991680433
439731914
791451901
656106345
208837464
675046712
496613153
838602883
324887907
272029276
873673054
22022578
488021792
223655289
511441683
285251761
463368100
869693369
452505533
246908481
139876211
661552446
936989654
356378374
948634323
179215218
202354492
814638153
143841186
835835765
455335850
935883320
130523616
860911748
44830441
348373714
266328001
448599418
863133932
744102770
975015568
837629992
361804076
938891913
810608850
433855963
294951173
428656343
219356709
200769026
322489889
525773367
426102159
155204332
341041837
602468379
681623674
871130392
369266022
457489137
90697496
160862465
430857242
657701238
938378096
529488200
251083237
326095516
491172264
543384272
483162147
151743166
379069774
757707327
777099260
449746417
707518066
508267027
731359013
518894197
995170972
616367783
355461184
423070161
797324094
843996924
904038607
815213141
945406527
313569391
642166745
608953940
48280103
349658690
775959796
847807648
330854275
36466858
60920699
373783874
503540932
850794706
757663171
211528929
22441055
422773757
335960179
197691831
753222665
968510429
410676423
322060449
147494582
658378449
998425984
883244
949004479
556045815
52276430
931112121
148690098
29235772
875040430
150626871
815098040
953883397
151275066
837436386
522648531
981719280
970190214
178070843
774637460
891426912
599203219
847193894
649364392
651130798
831908118
194840289
75133226
709588330
955446956
764815860
385000966
852152643
54464594
770503546
223775113
155386877
466344155
898625767
449400314
427252657
583497192
596610889
108401652
362530898
329459431
458614054
592171072
308339936
392092048
386491457
982943974
375750428
434056981
141415116
386782656
1571629
510730434
696015748
598642664
261859653
426786359
814827882
424954519
693238651
61610013
864894261
627883224
887823601
747026862
122627684
893890845
943394633
697384904
433729287
519067789
814753428
239506766
605656056
787467644
788569318
968908765
86649641
587110232
549220403
508629999
3768402
433928717
396562939
814704977
70889972
621498166
957738732
352372631
649720507
719248625
893806328
704426651
973566305
554254195
673831005
796945857
386748563
856418928
96645879
487682363
250284067
83066832
256885536
439772526
508999938
127304142
499283112
68407580
595453853
99900222
175395547
2857419
421560550
960710751
226281542
267864948
900559721
584029100
326645375
97719869
802170910
575987481
542379093
577062719
493348397
730568284
109260899
961576980
113392052
261691635
476005650
3505109
602990478
286712163
812362968
823070506
102147108
327436110
997124842
400815303
723088416
811312591
169650668
905235350
234284240
318345830
468111004
395279296
775702278
174168473
859740566
177001400
235649446
91084498
617730699
812381630
608376126
664638128
120445728
905531869
471541609
330640173
482050505
200679751
925180517
521859891
824366267
422418244
542399345
284731651
857872407
367527091
418297541
839070236
535681591
22583544
239275573
141205335
629775750
997894195
781494670
180971047
884170877
749072341
97698451
224650103
789151502
530133952
163489075
526677397
353881740
473884928
759425658
194174238
574623304
911146432
882137888
609920275
859210023
597642761
776657702
21121488
729504394
542497557
364264300
616743917
512026762
570434711
144153381
421211622
652761022
320467406
376733425
912119159
154920769
26279092
251797973
722839522
831265422
686104223
283693070
986034519
791039942
82830339
615157491
571670341
501771877
566819896
166785258
368792246
489693647
657888547
758004077
227794543
401909864
805666838
473180995
839374084
665592716
215997167
443796658
652751741
902548699
980844698
98827689
892227752
395708380
47286479
307299753
97210024
435254882
54617331
303372020
772431276
496855221
280274233
250897226
225705707
515191264
913667902
929811376
194282245
278109664
204952905
512519871
985009860
223564446
810288438
716527204
987074387
216346204
234114857
273259192
652580172
411320893
882255259
341990419
872004488
953963622
933093906
653598822
662604650
309971659
551357189
762712232
644473493
781236569
319486337
317937089
966107543
620602059
517881671
317919764
287844159
994304735
517408680
240028016
835156187
208049769
317733306
999824917
395826885
388975886
862720285
171350217
355901803
42097392
201113815
778257541
127114267
909296865
298398333
3542891
992101214
985643094
369570594
790065651
929729560
853721971
965271737
442123438
300213942
48726705
204382229
119575751
244173893
967065503
971507663
129801957
6304157
86114859
441759787
821091276
307467320
619902547
360884873
311379481
51884226
713802760
387405119
13556563
529333068
686411037
293147493
421476458
379400592
908516859
546315913
778906572
737659737
844723754
383454015
571913476
976650473
3443371
763316563
147768665
54394348
522949947
514072683
171168652
123995957
978826256
592273652
489231354
43261116
428852789
781922019
776134655
894400731
33334511
989776321
398173545
192081395
540517829
500663001
669873282
367840112
692182810
803001511
77330602
935481768
68163894
177433908
768946329
409465586
401073671
780535416
22367184
332359624
821362930
357379559
428441833
254652572
838272478
810359305
144950614
945036339
155915154
396515849
820993768
416337715
118017884
880235236
867174670
405726814
381308167
645855118
909779693
908737411
245225708
490187059
622392785
582929628
776191786
429255383
915641464
136745132
150014318
409283313
851315506
628861903
650364797
429485671
462184501
366657391
964569115
827011448
254239478
780479609
316992987
846319460
810395515
93452799
615364999
994250251
463471089
412017816
615782778
509426006
186046807
839731749
778140721
546995423
528079239
548235284
707425414
118011459
668553135
98981810
420945157
737594982
396744204
231425140
532953609
38233648
832879333
371658481
832407472
255659545
227195095
140928126
540805216
894696568
73628788
944622247
78858270
605258367
563997868
149865520
199649517
792675475
817479989
230496675
793716984
330675334
843299116
604148960
996801746
938339060
425140070
550193501
146076947
444670993
170257195
341792677
255236057
648209915
513369254
239912698
774433576
303618427
888849375
13362800
174907082
815616731
534154480
735050450
957428029
347033183
248775165
994912992
15907808
338421812
640252885
822541958
494684473
665854204
288441333
748736914
90952229
446312781
360983112
45061712
813417971
422652921
124598557
544552505
506937948
426610626
113668628
137536794
960667213
153367873
517237532
479607204
302289307
152088290
209664043
317813861
296434274
195642043
39978350
166030870
324081969
986574204
761832599
553604883
384185250
623596636
448608817
295507680
465340204
134863476
830970045
259946870
548266345
506854111
619395690
239621293
947937823
54673734
822586557
346554249
373350304
75662242
75509258
805559830
37615894
205235162
634212550
212712718
163914083
683479586
911085336
135576068
834202944
455803052
362064799
423378185
58288867
185342947
185932789
912421260
54391054
451825920
830406921
758905678
418728767
21212773
102299784
82410085
867885713
907154354
951385456
113548995
469598970
380941084
518993269
534577968
273565146
922702579
322226927
539124653
283212476
313768698
292792558
491614694
9957622
179669383
442294029
695980119
319369106
542279244
25613675
163084636
570619261
82825942
189962304
306603486
334537825
272786797
231673167
556750655
267830392
559944526
129473359
333648602
965932278
927798629
297645715
336981838
619618902
852439330
363228355
129857474
261946879
646876354
566061512
494558424
603019891
364427159
455424782
415817528
614791454
617970426
781485359
768008968
184105258
34072641
204421924
252197294
381569845
59200824
122050729
364695861
273108268
170284546
765681664
505992582
823052508
680604854
372163183
710485940
492304691
572559735
935325059
330912642
857493053
912011343
939079226
448505949
17761126
692371196
340351009
68336057
299734697
396361540
933757204
532725463
934461850
489529574
78406654
70880935
128190161
349467670
264079533
158639130
440755988
953112836
569569120
940915088
397209347
805370308
467791979
965804092
896406388
529918741
412572855
312562041
865348189
851657108
994556468
287634661
851977523
912797855
452129064
409440511
441053682
60803168
49942470
196695498
1754400
445544822
695646640
15651594
369627284
895137164
349191481
76949980
273316959
819142481
856901480
772743107
401401535
353346797
9674061
820609349
870017378
98696167
534765928
434303778
283576957
365769874
777001582
93981100
327897317
119237911
780569119
386389734
925626097
615910630
125316498
780168075
924740445
210356384
471491318
779910135
724318949
636390916
954123867
169251457
227144182
360818741
109678513
279121549
759500147
43771148
988198001
389505383
882845579
861348285
973026081
845237317
780805436
877980781
939101853
744170026
136942618
172232864
715470603
173435963
144990041
265163923
364321895
388015815
502717772
653636850
698630206
286347912
41720677
578640849
862125157
502480448
95260449
95365868
529092865
200586320
879142750
615394337
951879225
663308239
840624828
395453161
186297851
996520692
670349242
300053241
813052870
844732477
353342633
481331707
533620408
871638646
845372940
474897373
979006996
248572845
925129367
646527754
81132526
96643864
296365312
341460647
464404937
84340169
175082489
314497778
801361306
684431674
790927599
200785815
876415727
277663526
702807204
753870054
732148813
8179190
350975328
457441438
811180509
578852316
753232581
968039256
452913641
179737219
622136442
860637318
44018208
763334346
934249835
833480809
695560908
695116601
148961290
694736302
653296706
945762694
508359397
375873281
235024787
597097770
579020907
487738570
583574289
576782534
447889742
991661804
545606462
309990429
618701681
362820017
655548444
543880559
727280613
148306688
17862290
957478629
921017172
439209244
528063054
767798333
83264548
984636621
362995730
371009332
699352379
755850133
293603733
937351518
496557886
569978097
765201887
79819028
689721793
769848402
630666060
578060851
912862688
500231489
574838275
705002236
44143429
192798885
977555657
666548020
949663809
579500058
686778315
791175433
336359026
410867884
562140517
895882583
115721174
989046681
821478824
863421465
493843338
947763961
868424361
805189366
74978058
723428315
243337895
115917475
75273892
223198942
783489305
417288574
509638839
526281990
685979334
157016678
823163332
465775816
464983613
960598333
931829290
144356008
579193695
578119464
369268097
711468961
44130372
967480076
187322138
707986452
877623129
578242125
173126672
335212850
189929498
607289104
243527517
477814693
534909116
31970326
912961449
206400396
323457738
782330719
19791510
330816462
119470622
484470241
694393673
862499888
426848502
476012999
382054707
797944197
521900500
144230500
686452302
776137283
936291925
248275288
989546896
475371094
546036114
734146341
496051652
477033470
299152878
440656341
863729166
506162902
810631549
655571114
200690387
64915405
350029706
876321520
594256123
230769441
590947374
494007721
233597301
513539433
795128074
457833736
855918487
502298764
524937633
305658193
700088844
345039617
710541478
900459717
580060354
647916005
249982628
420458521
391489756
810002082
89642245
951325761
138906626
351760657
83383652
109127001
596261885
24882402
186563164
43111945
756865977
682507123
771352114
911219561
546480589
818943820
30864514
712261961
708392963
575494723
312379571
429902801
234737455
715221569
273985941
660906942
591739736
60987356
664735255
310547425
880741383
992726133
336442162
23924422
153365105
639912984
732705988
908834520
970928214
273841809
209163514
624636390
94839516
532495103
124773885
633679097
827664851
970234256
46456012
312393837
971509341
803801363
534769858
188013682
650477768
445370435
284857488
840892969
557899384
2963454
290947023
340352219
851696940
29816261
800595999
631536010
330006683
860571698
188217651
39175967
410566258
33614042
159194376
459114319
679955210
408094856
869672914
288549889
126016378
921081237
17363329
332984329
498994948
941434875
142143456
216288143
106135789
812084988
278409427
610005890
98116976
601929314
216400599
673140667
272024211
299203948
782954445
169308011
931256521
28010522
750946569
541532886
144085697
164953486
849988595
900071237
668279283
879183677
694348474
754526237
953526215
782011865
228434096
885035950
697011890
680612796
626620018
614397204
641545380
316608495
752570806
86633046
667643782
467701715
578879888
974378981
453749516
835720233
732903591
792314884
579870062
934953512
566169144
303996186
868878072
656433114
124317079
608646144
233783079
694125291
426695381
509419761
816543860
427076987
500077164
944620298
496878982
694412747
447314202
383101677
519582940
687265596
2709033
474815253
148760748
374387049
83541777
61905262
941876344
133619247
881028238
917028003
12598829
195825523
195205117
984873678
671334473
71806706
954908482
774211581
390951359
626130883
13771749
349988062
138291966
87814812
183475691
940941513
828321149
22594571
824404112
699663044
383086269
136715264
982660901
671877760
604077612
787896686
932774980
835106692
57800113
117820150
761842686
68258345
608710211
442500061
129613599
721805351
791911935
159134113
417218910
569623994
242135912
481992435
411111449
176727414
480410339
680697238
78225204
642483872
208668347
214239767
613634427
71719174
430870066
819289620
217783097
373492331
896061459
142014539
912495328
924332823
674404440
871019456
371012373
402521928
127141554
978049137
303706061
34849179
51667300
821992890
727853085
164235751
808621627
480482331
708912139
474116639
398108975
930549412
316528633
616069727
450749003
15241642
121337467
502263566
849895020
438579166
675442593
931395428
612038909
583756595
304487582
102102097
128150449
98137711
428978352
607894305
727697729
852164208
420411609
582901534
659344431
273851775
426842831
191235676
636404368
207167472
331202264
677551494
121798330
598181483
200614903
726901461
82916363
924554945
865629533
106557875
34600330
527409457
647986442
980458755
494692776
613383485
980125536
802169378
300826422
288301135
268514608
739194155
243411744
673050590
154757461
556786069
371465537
655267642
702004980
486349705
269587786
517195495
125628362
112393665
726095219
93246246
932789320
490392576
335290917
763573816
882012474
692825645
916782465
611734520
608296601
106688188
859256557
536615236
365390129
450621619
151842762
574940093
332567307
178001298
277961202
257407365
681976
534116458
660505057
202394129
892300636
948410214
738073707
264339616
960354697
992073582
400103795
516944616
705483948
639731244
999667479
114486887
348237902
284451366
264510082
143004513
364943646
743505303
323023141
197855323
201679238
77552685
782926701
594690323
813667893
986438899
667569047
97998441
45930901
681514405
97254280
676435375
291737698
361420358
137673880
329886797
629962192
116466055
716330552
80271771
428018864
507916475
386417751
885548634
920080368
43852622
819242353
674753687
387824728
184347
768536760
351136826
821028392
631312939
625044306
652847210
884166618
936281317
554248626
319708411
383380631
916051376
146372146
47833863
237988046
81021745
243711313
707602554
801882840
423690395
44979261
534049985
958668364
863999334
168966742
324474128
511570173
151106363
318381083
832578191
452759645
966239864
260151477
176299080
571439548
275834590
105761922
352360405
608406621
378249891
137684426
695290582
208854061
663343504
764246320
855665857
544301419
813595857
514446062
537942551
583767127
849927720
279130758
406834511
851816416
516389578
211397485
410994079
309286869
592395505
961561809
413534931
28584166
837488763
224672467
976178716
778018818
157523299
128731754
853742861
713009203
356307833
223288911
774624859
650420541
155166010
174420743
801596798
638477394
824040402
891263777
722144461
195687199
150002065
443814632
920004865
486820215
112584058
159082821
652054391
100704567
122008502
442628287
341477666
269004455
890785460
531106719
842441661
596165825
895330526
253852753
483141753
910461521
676060787
211262610
852905694
845722468
287083050
335665884
158938856
768178540
196110660
23504544
385930537
592728861
625790766
20609531
154869632
586937841
480933928
51672257
774902970
255904404
222094039
33559950
976925722
601247647
188286754
327447083
808535103
337856882
406106701
170252721
725622542
519651479
139975907
309573423
322886287
743354387
787050409
692596439
105362070
834563139
968646624
669329599
82432942
179159652
561401009
955076896
159890174
991443962
685503705
785117512
316503772
435046279
350189314
7362686
150266075
675141814
709737478
277498158
280447468
909908803
716069404
416576711
344345359
664177135
63324670
446391731
274979540
580375157
507870225
357986735
961360576
617032762
158285246
406186489
642135296
511609863
683671199
374493742
912803437
180740431
227472177
374867456
881128182
686407957
500030058
865660445
656884854
627552140
367675911
124106701
671170683
134368531
840770562
323941747
769087719
209159920
867734008
569340524
527726212
631929558
157671987
15944954
928162587
448288090
308262942
380358732
296765880
350273148
518439522
488364184
114485184
85871231
420106935
449375414
847196910
206745800
319723541
806669935
388141630
318941808
314668182
494078868
308388887
779430103
830524347
744499143
281666700
139679515
637683937
489098467
121971508
555685340
884533353
997491234
183317523
949834662
165168555
612823137
491140518
950785938
464706577
895812961
698432116
211292345
308472657
805311610
702078377
56374353
517391107
840129312
636415700
490302198
786885874
10223866
230808767
48885801
682899733
706849554
376285061
265952828
827681971
99550215
672803757
829646350
252742100
853039476
472026321
220286703
731151751
32615508
824126591
305159783
504175724
808671934
221277932
666301181
7408815
657488285
203371637
692519102
480001425
229778509
250400571
30327181
509837272
838427145
667427901
527955756
278785282
32996590
203249195
211741965
30675156
639719100
118998104
997910887
51904055
628035859
648287692
365930843
311264754
88361405
476734506
289550254
734502009
220776161
224209632
731856826
298829227
786567364
26442840
595800104
225902497
557209694
647097048
250220924
693824736
641620935
597433610
933641231
569624958
990486432
593850865
848869760
491125123
169415602
525501532
57565304
348496207
558832615
3449656
723722358
446453960
488110840
730249452
113059535
547072585
81549066
394049850
93304590
92443698
101018764
30348817
572080728
981326807
734716920
36008287
691838158
183581738
852517727
906587601
970571784
736531136
82786811
600671101
595550792
495505709
400006551
630849053
244827209
335232471
143112115
329531527
665288742
913960604
264197165
516855905
447312144
81546309
751133883
724959331
95678849
444991596
732959497
980673639
529839319
1064740
856229909
295888898
810829731
163104609
207243158
451439086
128554131
536615783
762418968
815965137
296860609
920138931
37957657
490193481
642927006
621829592
37019358
483348042
187499937
634865707
984431495
425840500
975418632
937612387
195983542
811722754
81007569
716485154
592677574
915620124
151854154
370448981
113919746
239354844
6869225
653752127
489802520
161634776
206135756
173375981
733611009
110568465
990677568
590642377
449357266
582504755
471786012
414985707
952712453
940132529
439225362
134489965
260252187
822997533
266169548
987730988
945673097
989291557
351118056
663720675
131097814
609494214
849445018
751281989
556111654
741500175
880536885
139832721
493078687
232717887
425837170
404239794
650586646
244235128
354335988
511475198
769774951
132127577
887438800
243481567
758190038
691440460
977348638
518963131
921057839
583679912
398032546
714582391
823985736
295691156
792315715
401884812
747934933
882493729
454176662
889999661
303254446
812987413
604199614
218688041
240721980
551772456
817695081
945114404
679786902
699595752
836752455
124782475
279139852
980978922
223239992
589797169
234199720
114915322
744393779
173443826
883235422
686685720
195714883
26241800
117707648
256178264
430209505
222607765
244331307
556967067
557837213
135543169
983948282
491629258
581730193
382786346
883258721
751187559
299246877
226110855
317682377
138171312
449600380
784436338
734653066
34011111
485237737
749735077
720571184
297351668
135984167
757032849
632967485
432048798
645189658
389478051
675095637
358324236
983349017
526844529
936155215
858263733
25536536
6460850
391715171
953591281
280879497
19136894
918162560
594237663
748817747
432011712
455591761
478918369
970154207
816290550
78785287
9380803
526737365
643490944
822938958
122022923
364634449
432218576
995591306
4781254
787014991
522119166
490980230
952112973
767839134
936643843
340034933
684599412
514399511
639239405
236629566
951355642
435419508
547070420
279797321
629783996
952950999
498173962
294404110
17181206
515457300
180211452
206294040
117250264
230609826
581383553
41663122
441955106
958823994
368142413
234928274
741399018
929330470
848013883
747929003
577274323
488982725
289943024
924660419
1617310
913383302
483302409
806518697
143579685
111337693
196483679
923495073
390346833
364397873
883154783
107019465
241314141
629515621
403082890
675109068
294093258
755499938
166792949
888634398
753195670
900471449
709789836
67835717
462444153
633130481
709193891
786328884
299701724
223427777
741502796
861014936
783943723
829717419
21222341
241755796
787630396
770178299
147598205
180107669
117434678
22769712
723318879
49919020
111862186
78921742
819297824
841197445
58516671
393641134
575305373
54453781
874457599
664313078
95769749
917773166
237226109
853673130
631982126
250254591
940150234
68914682
96143622
174464265
808426255
348721202
792937694
536335249
45285113
892363735
187555222
54771664
367345208
995206191
403002790
192782681
620612162
900616884
977253426
523567278
120807146
295391036
801567679
292538540
126470760
99411703
28113565
597410789
692339220
303169882
774919337
455235571
666946248
714379926
695892633
577300886
382839120
585576291
793523459
902435676
629051872
266433240
657651572
901272795
804843928
851031022
229396982
457634305
604114707
556732190
879948674
866780301
73358406
579920564
431116624
80484134
95351239
535592965
10138000
329267780
249648684
850416050
728129516
829377683
815747909
9758479
477486844
858677930
22393501
594707384
897900201
962210754
745435962
359042972
251382458
581801381
708925161
578762525
378641180
955839265
178146541
768088398
792630412
43556030
335597689
582371165
990887623
400400541
764992270
350736706
658218857
594664314
564183864
878486515
961075706
472705964
136443874
563655447
531029288
284329889
811550482
953639480
415856802
213070473
297784112
745165924
22675533
833089513
20017270
542048749
145874879
918280878
374789316
977400338
125707085
288931006
14337526
410267593
923298196
336974219
156631840
426488140
528651991
442541786
671610138
969166956
112026159
836562890
710621226
422781261
317533403
553765606
656681698
613619983
913864593
675060268
892235160
773417142
487833151
238628561
326492301
848265371
893977097
179972224
658303278
485457682
92073886
997842521
756265129
286150917
618583519
679816914
5188632
686981672
366506296
753407865
917457176
617210141
252247233
661621796
61293667
736556937
746155931
642509389
255027328
249815027
127576708
692627538
885788957
789273690
320306347
164451554
868586737
812929772
582365138
108212192
627685445
4193305
266859099
319361162
178662212
300631440
299986442
636637974
240092754
231577052
733285543
799312879
750001445
734962709
871687358
519857481
405773072
218328536
352708043
205633189
834028173
860956729
560010050
125158423
965107779
930512508
988600209
776777141
666022990
138347448
576616350
549962658
798827784
928025728
913881059
434841295
744218967
592505165
36811550
647767858
567667593
550627077
908178006
589008391
921840754
557540869
166988105
731349058
56255542
988753918
352184356
62686832
177218779
921587076
261611248
302639503
969331307
888483921
998624865
277554716
706025141
627273939
129682823
812210374
173950872
439331609
299675171
626043063
386603858
958020494
570264309
790275917
662513215
801634198
523737620
105446306
184681823
579437919
261865498
586411088
537910692
69520257
778818621
144001462
10223186
315788596
343599048
990763882
700840873
901475889
195968246
941297570
610399179
873398828
663505867
284275437
651460657
593245669
289043887
380335339
241226615
418344069
221018
810978604
522038162
937287509
667999706
631459483
258993788
931834568
238266749
839009981
642741227
303921452
650120504
191793879
638753594
181832626
792237174
435724902
647045429
275722912
82178691
502028918
168476419
864654299
216986103
30715441
544719912
948211851
15259991
98836136
822070369
341978107
485304071
418508095
535029241
319586490
387538240
960918636
301717413
305851633
169465433
515606045
706208562
273090007
197237991
543792660
289024655
104078407
742795101
799172352
675442882
737378892
903332537
690699979
807819536
722802484
491711875
23157198
965233890
184023111
87351665
928566490
526875267
566651949
243612896
543602159
274780944
770613496
152029761
646570961
712728459
441502375
636911387
576994833
930789986
609305175
229448695
557980905
718442824
394669425
577010305
610689830
792966832
94000050
250458198
719605221
808310463
617085448
102077397
2843014
805824449
176462043
115453810
567128339
265628672
572462376
254842899
21499537
992208910
410973525
923747073
512452537
237139997
153809745
895343638
838282142
636529130
486635247
397354137
29848319
198170813
823922158
329035653
397585665
59425406
777439263
477424874
503762480
215182103
376969265
570304421
436392446
556475742
493440120
884690189
535510096
133107532
947209136
812288704
423625511
157104609
717808012
93910200
252836607
878650837
782657469
607927479
96971993
620249108
575577082
884050481
225489234
864713187
361487887
889167250
181349095
751453411
456277565
675089039
363376471
922633255
330083206
972061717
356492890
445975193
181398070
41518795
143914267
296176940
47701611
663046170
629883516
358449850
686629880
530570734
567841430
816136678
677597603
915893709
870758127
990275337
771005774
469805149
649928061
657400785
281977935
975964324
885869034
104957385
809332991
310602847
808961428
336083540
209278119
836670585
76122555
414591074
830429901
747106163
296219615
479444475
352962078
739959484
939348161
973411666
640911490
771686452
665473054
135085129
604138952
115016283
109208684
720399613
621621497
556278812
737135872
623864310
702702892
934004437
394708296
475923662
551316885
465592152
668302113
854763507
170430003
25501045
884400951
557842854
218816946
324871464
474593891
433928867
20624029
203289505
472292781
612772426
688439717
325439179
253556535
729999710
365154396
933799687
356097988
331237131
663101392
105624441
780511714
377092618
717910266
608515775
859652222
840048291
459915638
850004184
765415226
318869734
871772181
33064454
264388305
666566167
797328811
548881176
587652190
35593053
390807748
563729467
714260866
805892184
278661412
981804061
292306104
966163316
322359659
471843707
351227730
906189762
909725240
729071579
991254262
833482471
23322737
623396108
149647264
741712051
568288199
84888283
286014554
526000526
595619554
605898342
802461478
989952344
74135279
500596242
714007427
545961163
963072815
60974927
507372539
486657219
880049838
267477046
811265085
143242895
126284042
838487430
722337714
491116819
967339927
676803184
47228257
79598371
902617962
279819836
382470414
121244705
19889977
566779563
970227072
537200387
389768681
287200729
98152255
423998804
952358961
720923826
523091228
22452158
914641112
135431554
972269863
589750270
21125355
168414155
810719938
825055444
123878188
150510808
760724182
43574229
736173213
220149690
379205741
785926418
213383552
877299190
353126690
677522159
464274689
401144541
540238983
637173040
190454982
992523369
24093952
498041260
97122645
895201467
656806801
146930762
117655596
962745237
37167858
324938931
707348833
169660443
733653474
30085118
532278064
189247917
881563642
752102374
380591544
554989095
297672952
192191937
967484854
980434190
435084083
533574419
595552031
772629944
909356910
694529042
261075573
493049086
831969877
863069380
689527082
218647991
401401818
48172630
403238590
797753158
617722745
530091446
778020118
272249285
442170574
92186450
370637530
774614937
123279124
6892507
681235481
330827896
161515720
675506500
884252072
395599535
120855692
561140107
259211803
334828098
649201671
947472289
102880480
20687520
175452000
851080839
723845740
320411306
515001470
379442589
584697456
497691717
600636431
182384210
530755864
946329581
805904993
981218390
4672638
856074116
201210660
45468697
305717595
320308983
931978173
37878947
153918621
171324493
581546659
860923772
610421028
658555339
642079732
170911894
30302077
678071283
181396171
501984310
457076726
708458485
601568995
965866702
939357083
16314007
444588197
51587056
179914288
50355829
767866708
701880523
881812374
677987764
949806047
855614220
237699885
677497979
423877777
355036703
864315446
420612702
571665225
855635211
876615282
388597960
41581510
500293977
580032948
712746619
4492923
976480172
830622609
894754097
789382262
395792122
902080977
517569123
154453497
740938618
252230762
262602800
310468617
775644842
829969326
797151126
673680476
691141368
294913893
111056202
317173069
842424242
247952807
781249596
34164624
493678170
699804161
498744881
151409436
183309752
891038983
220670200
868534539
969084668
61388969
383574656
817641562
155077167
700976106
845673685
78035804
672693298
958074496
858266945
161322264
606854640
96522938
114472300
1020361
944944921
113885504
507790518
940914783
284809100
719216326
248449036
966917148
445136113
926369356
646720579
861561329
796344562
307697331
53307770
148041204
139406720
854552175
245375573
912175392
550808310
702317900
676139234
358735373
263167690
924727806
851812993
546357607
315970596
982721126
639632564
765408407
384658166
836182922
536936801
128787876
913486162
646879912
75428098
103421854
584210823
647654097
851172248
835621868
849251074
39777512
408816817
831706968
904722718
647052689
685402363
19666191
51228960
102686956
950118446
12756920
123579577
23877206
197311263
465927462
313229094
324933228
563595992
675159672
201099641
32673839
728248828
507634747
582530515
762379426
564927214
494476887
301771559
97431335
665577695
970857782
392907513
481424033
139874463
417177886
279582556
777053547
964566379
738282851
443319
204954985
974498075
881512216
129325506
639352768
647271452
712229321
198370318
609932352
400560179
486648584
53202160
571526364
187164827
864038738
932382052
429433190
307545345
723671404
25829048
211586234
625644175
184619239
997579299
894607347
367768747
946540315
621059817
933849732
711366681
418212247
251496289
685038649
788643246
932940127
699121325
892454961
448554242
986736985
437248321
609480614
886905369
493133340
689779611
820997046
447585780
663704692
498668350
726543751
892563838
733812306
265380278
825993853
964207750
443270062
606951626
615475777
557729719
323153915
100628623
519110844
158667223
900935481
633002379
93176834
950624061
857452073
722274442
17279406
191634977
380786632
483387329
242656394
860105141
476768825
289150832
820430306
350917904
824810637
974357243
658433125
971644584
356693905
887113061
103972526
214623933
813960181
189842708
176480681
382381059
759226340
680707377
89051127
656216598
686128708
892755166
559491919
592560288
763024437
907889852
965441209
926292786
200925648
367633906
869627001
787713945
239399969
215835936
724600511
420441261
601467783
645996874
707829661
766435713
255410552
248246740
744021729
724592047
962197089
220987361
326516067
480137581
810298599
441484382
922964289
860896239
931704892
428820910
122358639
760174308
313469398
202519382
727597150
585807323
503340857
846264024
82410936
258825075
606075860
943100139
800580247
387384494
651127227
47652914
307895892
842077388
309464560
15284584
301478963
547849538
938975013
71552983
990833707
717841617
728724239
113543108
321960401
214100316
175622001
358495145
999193523
525907169
645474785
440887942
239320652
324072093
936132253
744635636
410037937
988257253
23657222
61262558
201446897
320778119
762538696
958323897
39783625
687803805
78473395
319841809
570573946
387359252
713435645
756805370
627213997
745758275
782663613
234008441
942285436
7454796
361811446
438621178
534055378
112742056
700570828
464081814
742649248
905717670
528968485
937809233
345980786
812165986
453786403
25451666
72597881
949876384
69157328
601100693
949442048
403586440
430081613
672485643
204732232
122591409
273702114
3179335
240281900
792606797
388063213
851189284
857516807
306819832
27810061
400787851
985477167
895747122
897846389
842555340
392664108
484989283
627248046
189755572
808432024
283235951
797580422
874275896
430191748
962276853
201269627
819316323
595404375
985285135
954790757
105455076
967348327
739990023
6791469
776616547
324948912
765278008
125730707
590040078
628849091
45815174
899777447
571629098
396233351
857596323
235816017
979012524
170254491
880381763
67552581
973628124
137951230
566384097
828377227
360563927
654266876
320177247
48484014
30176571
614060850
265645005
924968812
643658952
916189723
59240862
411118864
268468640
296478644
210128425
330821026
884670618
389738247
769441865
834084422
341572518
980354121
402164644
398814390
454810359
90092776
309180924
110615030
26653121
882726143
889765360
331145920
893094283
130954314
60815002
560764857
666416093
543903195
355538961
569509535
75662920
302855171
559049388
300269475
115416980
739386685
675219205
476244457
487639576
497673182
646027016
493842832
114849406
921701581
748182712
942777412
972657231
857731710
278819365
237188184
221689754
411675849
633215686
94432484
931368579
842349131
57916050
262509336
910929635
564737064
803175140
797933713
262887289
412762575
232204715
346314070
373240650
471907132
333476584
781205600
265728275
59121837
705321694
152204287
702695251
312401421
737026284
832148157
319651005
825942380
771464528
231832364
34299741
807510418
693809053
12932429
995703411
324194930
452360137
654086755
464029979
316593664
627157989
612061926
136216908
402677789
106443355
850801073
896783173
25661722
756499599
82004971
601093132
958600387
940657098
155166850
643582280
330322358
244749300
725666018
885604432
308824127
453553110
836818613
231961401
299961924
549086617
299670361
359072
481722757
810757842
803448060
760308877
625297852
515911858
212525743
871269503
50904103
853129641
317291222
922458364
548041206
766159286
529128116
433188056
166885849
92752788
99371840
651522190
607988602
690550674
243368554
412738640
612654366
161257689
798774602
993213959
236075093
508770015
364497688
259892458
649508246
445016341
362187271
367146047
469486282
47171982
979980073
150713118
845333174
684760936
603920840
612713419
490664758
409023350
112786373
437462750
273341943
644413085
562177990
392269487
228147775
443125566
708607768
476920950
617994252
97153404
320437252
660646137
4609767
543817533
666870197
590112927
767660565
888154508
163819401
862024478
966277379
622900628
335189004
493511431
764743195
364858724
231931853
165753242
708449254
914169129
257463855
261430306
549873654
855244004
866011351
961084528
576627393
467508198
168353137
414248605
107331937
496035366
737453797
33091061
302216440
537028715
3024412
590480388
810508822
509635275
167657825
721957608
916134874
558616473
178169646
354985003
478366929
867429937
366808388
442097170
275511674
158100033
144371874
518954230
971933658
52502167
411274290
8344243
623082491
425089533
144041631
699115264
851841744
767277052
276615112
276999287
189707621
317169402
991921235
135812389
519494976
412273692
761378691
779479025
558490620
468038200
498019369
259794060
294143071
919828899
97667248
457750027
606962216
914569654
591874134
840075288
683843986
224214808
549344875
890821173
879413787
644081601
744769453
332927218
853167292
51633117
618599637
553930480
845920581
78144659
380044109
48202014
502982249
264504749
135856654
129377809
946187533
163205486
749385946
799549936
64627044
340944316
723499556
345141136
162603136
474118333
301110575
990227270
242303959
631759983
684756226
805797448
272577658
536109481
53582763
691014064
270921340
364469173
556538071
641137060
198534072
634502291
434946113
377518725
712105732
686906174
22650323
314056346
337231355
215195982
556983236
341086655
88654192
422214299
544278212
9802076
166956848
940411775
131574980
818458361
110370089
854554096
595956644
614574690
378341336
944305527
945781476
835570977
868080340
595586024
806062099
545296135
469517769
249670105
698195968
67246957
642116238
955057847
50797292
427142103
29502392
461674594
471330898
94918577
682108320
115807136
142320351
345901668
13114729
55953622
299358437
23486043
428946348
131417503
5092945
47819197
419702121
864008246
258469392
806407231
708993473
576272161
178789363
153637806
329215256
423912501
485366256
576049978
528231638
514791580
896493089
397324841
494224973
748387291
207785409
546256295
445887146
968999613
613009514
748273914
856498963
431814914
573018852
734383159
437018049
626523518
127106234
221042800
141404509
95194641
583304375
306851175
889605926
468094569
488540449
138364612
607894434
255063887
782550661
599009577
591822046
958392271
988736263
266802615
393514879
62652785
784579149
296369709
840653582
660963138
319053823
294262185
583048204
232331194
764440071
28097798
306895385
920970703
946250594
72339923
322727729
963079563
150810195
872135496
459137811
754298899
33536122
453164836
139760027
735104177
587489482
504191343
991921078
298912155
379698570
545469822
81407378
357982191
452556288
539162393
833741059
82558529
456797634
54080300
936101704
612039110
766913398
22870856
89142116
377607228
131395114
387333372
713010637
18631367
182560673
848978111
272379825
169672341
426277001
127115910
362416375
221229836
18214282
216228529
662726425
200436391
835435205
96859210
988948715
537440155
942610074
189731495
594253705
63801071
257720370
727298096
250552135
708798479
17401891
73494359
934188360
241503233
173304117
993555113
636989950
348934801
930228709
744371382
810087005
705482519
773895510
606613609
906261118
486594408
565681666
189153239
493292761
281717638
399167452
932596175
369848310
596152656
404180680
808957383
815980581
640599901
116381694
200521443
729278125
781388776
812799543
716886519
208812253
622889214
531846827
191230706
482472535
572549208
798789901
326973620
223215511
315136509
16874690
624585599
410895727
466462893
279607126
954301049
510891249
443425162
150470630
285667629
554048947
2895585
499786476
836307127
642768858
600564068
291574980
122956359
409512046
331642171
929124463
20597078
548631230
41389412
266220346
846644051
76523887
117171538
722661786
928655176
822488649
266334725
983461086
727006805
800343368
576460968
849999905
686168636
349367933
958633902
643351062
631127029
570397475
144796742
238137351
335600671
659688374
182703592
539674697
476630034
355561039
964532397
920242799
786464614
21997193
567070132
963049366
154585164
708835692
301565696
475574423
328171784
507688094
153849933
775795143
75243867
150403265
426155834
55366505
316717728
436861939
120917512
784869816
850348291
916610662
597279330
174674145
635972747
79497178
274977436
377829987
534608132
391142068
801618139
132968840
6324071
200689027
412710771
714388714
354267953
370474090
231206496
564424177
694629414
574274794
688732942
653852658
277604944
322592883
596975756
625220161
523382642
794759483
552626897
526642132
463952251
786666559
747173410
362611822
888495889
378153983
570746637
189696110
575720083
281870700
819024239
28335857
695693269
13393299
164525249
111093492
770988597
985058519
756537070
683470361
553492059
400662293
678852016
570145230
91617423
230606968
768698817
874693898
272927617
593359878
676740305
795806960
46397292
78441602
398466053
125601889
691236470
78860062
550448575
727491315
659890938
81566263
4731489
430042454
933131033
903148573
159924280
440120110
602457581
357670255
753275064
283085365
871765615
807170320
712437615
491694466
374039210
863031543
771777236
472566700
277162289
865501618
301775618
793049582
341554377
167618116
8358769
889976384
277749188
71706452
667892116
740685454
906825586
764477228
877014737
640983086
307221603
500372357
749193972
956758356
857300086
90598547
102874286
414244809
199014315
997623763
288502193
778833813
786350789
967664185
592566235
327424462
565062549
69979032
623653171
618230601
294636618
589061134
660816088
930581855
210649536
719928608
399653742
380586685
730171159
830145805
234993841
714163018
364191218
931588670
277648715
819190548
870893706
588663217
166718404
34807643
431283386
784369497
287627823
182153635
807297170
779287409
704627957
875100074
688482663
967335098
819001208
547506686
728935834
243489898
448522507
277285704
583412763
207674045
731856354
16278523
868139386
448965527
95933543
661419543
72549289
85651958
893712590
638655696
700123434
391020256
646515944
905465954
34504694
763575335
210620563
760659809
119421234
629368994
89111219
852574225
30089920
207249133
947396567
614550848
562477502
250904555
813636852
37979244
390991446
406448247
797745543
426227232
934746782
143973520
368993378
101494997
508022844
770098608
539888475
594258895
558082748
279363143
968604921
269525840
739915744
824836254
732397290
590834289
445457756
985243479
938019948
940149423
608318404
762122082
666368644
450170953
12935903
40671430
53827341
937752370
107880375
959185110
927699308
483635959
272300339
757930044
662556432
11608397
270023541
931696207
450338648
428824022
305428564
638993903
384606299
517329515
979258783
826297909
975420570
434316346
539617308
588481556
8505725
126904804
795235366
867880292
744374586
711277475
413704277
616301779
3871747
122331057
636179265
696070482
113240385
265191228
187916997
814796894
91091678
204576606
548411651
717558147
693173151
802277554
335529769
777193771
639533171
311331340
582896982
987946920
1351881
476419135
36408250
384573432
310817496
7193079
351886515
137367714
916149563
563445803
623036986
649004796
277316626
311430842
76999724
16499514
925235908
297227355
661481190
81542552
964583983
639329194
420356457
877022900
573419675
621693217
749479176
236147668
783202913
821372404
890622993
316982713
280334026
493568890
550786742
868697276
286290544
342847726
516813580
394416184
247247748
869333264
73826209
884173120
412634494
138043978
54621981
188988726
472155032
391159267
988497472
745652155
248603172
326965818
274165648
410564084
19138270
48169623
337413698
806613513
724327486
388286916
915399391
52011735
307179847
553884751
707186853
421119136
671870057
400959125
199109295
931987438
266508158
187501143
646295853
512074854
993326942
42529557
351129788
379668607
576598295
236518284
211374689
470931800
348753036
243618836
192807764
494863595
142607438
459535316
508793872
848390526
875728251
9236129
698567837
64982127
467168358
492798499
764356960
231759035
125944121
488646166
155748446
412762924
458476626
824033665
39516451
909507537
953562678
251827832
233767095
524085057
214878445
14573114
734687158
898092072
697438665
208278783
529341390
786236732
167823136
648745289
614775160
43827326
522557460
119274297
820797239
713646000
803581051
199691637
132410310
615407005
694426836
648390989
630223037
281668849
735535002
662530920
847858983
201430273
801730609
401892263
626147906
219814075
999360217
408344090
747656843
952946877
449885598
91477149
747814790
364493394
273262516
822246742
219030277
193959152
896807026
793773666
461270895
719682531
405823694
460839922
86544289
521066031
154713021
997137546
374679764
208023018
510049935
69677413
762321005
274701835
678177602
732232530
844963465
274272680
652124630
877447029
785145766
944029165
721057301
939610752
6680016
815673269
286934523
396084313
656189775
126532124
976364580
854761310
709623535
945107169
418924892
939397988
347003397
357040228
896375270
299185708
436469399
795714188
269850550
996217106
437073125
767558879
183583414
352774097
614246625
252998944
764696757
248772780
921271046
843688
563091485
843633480
801437473
307602233
270813134
238385295
119132310
950168024
629762361
578007114
52586391
435938997
904805815
402045372
95291473
625205559
138203720
178328965
56528249
148306451
399492993
943619317
182069865
671967632
435290284
251586690
270182852
631996939
793830140
599287563
7083702
90968253
324187839
666229244
657381087
280771697
980431540
272877120
45573211
308725490
346943982
671717662
969090904
890806231
271804635
994340330
20249356
238598046
374052164
581967460
418044333
876491290
155733007
376110368
330552925
909353500
949116742
356322817
355374121
244809564
673002647
421996245
941290226
678612990
640266261
209395470
370827251
166981867
865062607
778536540
722464154
682032198
279480102
968392730
122303549
315356670
275034706
117236656
329765277
197752571
138723533
963456087
612763162
738021246
947474942
704433455
340836649
291941199
576904186
849413510
192853049
414838934
149887710
51794603
478032139
759378548
404860611
751775519
342585941
917458142
578166418
672802177
543732443
162851422
693515840
168286724
792806021
827304327
327672689
853389641
885141450
576577991
866633740
341537114
724308707
9231118
608823880
933179922
366998646
410438492
131809473
801854467
290100660
182926869
373389535
426433167
471940382
606549819
457759609
373373406
352267890
356025726
505656262
291679384
668095407
251636414
993747842
97935093
437212681
27226785
975645064
569253153
217872319
932236559
711111282
18255381
302571143
974803059
335518391
381761901
784907704
936263188
393091107
693633488
342042748
743416234
766082090
638134892
142543032
921802421
284906510
479998932
223736441
760595905
541129270
677767187
796889601
800011979
8251273
246711511
424434190
65494730
319037308
337677696
382959589
828456356
670968508
355433217
860764888
107752181
320892001
478018241
128890960
722757703
157324286
82060887
540941663
957075538
9459106
288835328
202744414
750100856
837526583
885521466
163076479
942358474
479309970
879565504
177068346
369805154
331116599
654551886
214893830
629313451
102838288
416273825
505177191
568804746
404702101
274671763
572610590
330907016
6126329
324331152
968247288
540510206
488209372
850234194
364129803
327405755
292151775
954191801
357533883
515565602
943848092
885185377
38872045
758006294
171545802
450884747
425707319
922920115
466186465
134581437
412400844
764490074
655190618
308882701
294408538
747711622
581289871
670146735
940339308
891038121
2595040
950951777
432842133
67215926
633469140
341447933
813728493
340065000
106026281
566354026
271996938
272245836
361415369
480379572
648789044
488241367
400487927
534593925
168852208
406371833
656474449
666789993
346084891
46574015
794678401
202668905
790896508
724046967
554346094
352461562
68414075
914290353
110571959
835148542
107898358
422221862
85285600
880148343
587764183
712107309
898519923
499360496
259863644
307554940
564871385
894927177
790807180
5112997
758868880
209806130
164430131
564297372
631115728
466366116
53658408
606389504
942937772
439626508
317617859
174280907
327685620
613347117
