893267775
181139436
88809969
996054456
813152158
191167792
728093928
1752098
789815107
503231288
297294542
501782262
396117588
908786941
825044086
288652646
586722431
448407848
691761432
459890752
415185852
865018003
273791236
452299020
208923146
303577899
976071316
143781334
928159712
147258687
552569980
541228340
483589207
69108892
577730710
983351146
546667998
684503638
636090507
223220789
271569770
273232822
26217469
108768113
186572435
101413086
295927111
524800933
415300610
472322729
806664402
967009268
777078669
951494801
204881155
160175419
503886611
444615554
95163771
10611938
364513196
942855009
241017211
293366182
804887915
984535806
247792902
397367701
778596364
244575195
4709151
522338913
869207780
790098447
983167393
211017311
91138166
535185659
273321892
833832834
860422421
313828407
944505194
696133444
960337598
65992733
300373644
304370443
379881490
873238224
335011466
738541525
251875402
648995592
925424132
679108864
238868105
504769580
876577960
500256076
738991923
672143583
618001570
169272492
645694693
204621999
100174833
615601908
874093966
925144396
348365530
970971828
809099234
150720637
232102036
347256367
706004323
337617550
470480001
225503058
868294660
364728837
234581775
409969935
471877582
384825581
201504079
956330193
707295822
150233113
418177086
619463780
672736763
658768484
34029377
535495496
645125530
328208021
159032432
153711134
144852960
762351888
116255739
197240719
262694509
111702342
757548749
324562381
588724217
316048288
679423713
635962642
254429793
324578209
218021490
524015126
53549297
302513345
880541952
88279645
248706981
252623383
84539424
496908084
559885380
752472668
969863890
750482999
356572238
47399884
624421143
782011279
833986077
323952514
367627812
15837733
782560409
432136769
690189246
799455078
217043102
649009911
82928114
123346570
965108683
675532433
467417952
93942293
934643838
693509281
840255550
832841947
107893842
177898857
826362745
171125947
61609904
868043641
114668907
749621326
210332053
464131654
780770136
442082856
161576349
127251060
988739992
149342153
228808789
317427657
933558508
303113964
56147496
624821576
574058496
581037084
658555507
133759538
687964404
338952133
909890551
996826792
785633912
301865986
929223912
886065835
386555378
160098709
566260772
968881666
478917348
621147264
946027824
407605655
817498806
274279987
340745766
917027806
601706386
209347953
77003966
517085068
398125043
435244435
988809310
27477803
20599375
326043771
67957599
878384645
42221696
958907783
992056124
976362905
687937018
758509262
376952245
460225034
873254219
277764574
80311961
796363262
498447054
563527170
1602375
33455942
276807290
857510709
167484269
469360683
814967960
907082061
36147404
691481151
415109297
112535980
810570288
784939092
278813299
87739161
571346023
415228106
559002469
801474135
727694046
16131923
842098309
387876195
408127582
290785954
98315162
499428630
357497378
613138495
167292759
636374369
722344060
529627640
606246569
472227049
803907585
947796749
707983254
784343667
119933794
998086459
142984202
89009648
421985220
672142693
602372307
622755683
312602996
869653965
82090573
205660571
456434358
821982410
21798903
377740889
915652130
245812034
3887300
84385950
308985332
389668132
37961764
204239331
823517460
727417418
28687130
419333163
962781614
404072991
619935458
573662473
491518027
93535734
232079710
251726012
212858942
598031550
701447798
575271320
250537696
544238882
986461821
618001634
694387377
695099449
100393548
71932698
745751019
564993663
14996745
990980797
92133153
200210783
748188399
32473961
722455506
847117314
84980069
965370216
936059239
917456141
528972407
19596578
369927059
27763860
354176831
785606839
553898275
638814265
317626082
862424229
730391802
329713861
88687087
880978597
812454116
81765259
44296744
442652920
701452857
722403364
596365487
295256447
240314318
818089043
979097491
534380960
604942584
838007225
300551007
969693933
987702360
393553419
922355901
863621805
16962150
619976978
901324415
83809923
932886602
86870741
341378628
115243830
284061482
224846729
402592322
237769532
326558044
771097378
837631714
454339462
273971547
514072174
246356118
553907641
101339856
272450098
697836341
367140114
478287731
816235981
448267996
248865724
817113148
598436797
693949492
770214143
582283935
77141169
921961450
979962018
497465823
495742287
599132470
47457430
682226327
503541089
343529759
513988608
88433216
702233799
50971251
477059601
897866348
157156154
231830091
899577277
602899395
949470120
685655750
832408443
732116163
672770471
362087409
552135819
341161710
200346819
19102765
303194299
231132935
833291353
456941766
712859467
265051227
692225418
942385865
900649728
502981316
643328949
491695081
643593037
610067002
581794863
745422495
809980395
348744905
451099334
957020730
64654513
838198969
589975422
544300881
792690392
953611778
261207727
274908532
681045960
140996179
143896290
524096858
21995238
840983318
882521298
811279530
504713424
540317170
788574337
514773367
497381884
194847059
640158243
995895500
603132887
567663949
979313306
767633713
948942854
149749990
553285927
634201747
160875618
31879570
878215576
254640220
434036017
401977990
171378486
891787442
782712036
419829438
956388856
963617424
186472306
258343318
879317448
814668886
922224292
790426810
791502023
623655774
22273662
328140652
973906588
523904919
46160239
600773020
659900326
526385447
199727634
27182992
953358415
712951157
78245736
980763457
561107237
156311264
235042026
478852633
946667102
209729620
371123779
744900314
581229302
4908788
370206761
79427424
752043709
23827483
534870829
301121057
116162919
85596020
385214716
246921709
897741965
959453582
520033850
69104481
427544945
255074365
217752086
722624139
376779054
678010743
102284157
795601414
929577704
57527188
517703655
821866302
249399713
598607583
443388114
271683354
841606940
345624924
570446732
642421114
28893934
413041103
747787247
671493495
502836905
812926730
335030394
505457668
83593148
745446935
942845102
987459857
123992985
443827765
280826476
153225271
51537889
47238873
851055080
316571817
494021683
685725532
731132521
438950268
503821495
141756695
45087187
1581654
358987123
794796429
642482700
230562491
133653532
504341800
32280611
468981708
208191909
754519020
328408811
570047658
491868848
858167821
853452123
654874957
720467695
264659917
556895631
538921823
52154957
521578895
179938891
995204731
885937966
956930961
5401881
530023809
983359772
360366551
666242188
768707500
922234206
795180039
478224261
144946608
542551546
670562333
48627337
211952549
320918362
383271830
6484403
357615098
329751074
320419391
73882357
740542836
903718704
512651022
724095358
764105217
780188884
290049060
691225401
234506374
49037722
340052001
37589979
163433888
518881200
683641539
571595539
27574743
893616777
701735897
404925482
478500497
659720078
752284673
424521652
969270305
740105904
325942246
241625881
935648808
42541300
904060631
776385516
536102784
359133508
410796981
277551976
997358439
886297206
454688803
422606011
487360727
797515075
742940791
204932674
529454636
84144348
662067302
143112004
49959061
473629246
740586781
47846202
978915960
349351471
526671578
587040679
140496302
488860006
953219378
501344592
607118076
494787733
296589003
241564345
383366723
171513744
361172983
100496176
71843720
151601195
937607355
639655327
417538433
393668644
218084465
703581065
659810583
475561209
358939060
873854607
958713064
197977765
598535213
849007791
484714678
422484548
54450163
871260480
984691136
458145969
924290789
386071623
78194486
281692805
954259317
387166439
185314389
348245588
46838985
479957333
588319671
186239577
169121164
405335722
360395537
593339712
591683925
244400636
719197102
671941443
148549227
322479861
190215281
609481048
455631634
65193998
558679153
845813632
943524057
469719018
740287760
106945097
270458785
924198403
594579793
183471448
504959138
65072909
953585596
439795930
266080390
435724598
508265312
894049162
584013651
950910706
147392606
480192239
767906958
38398536
581255213
666700375
301644513
628178330
994298023
219688684
142657116
507860399
245413703
617189618
446906705
520350827
151691692
309859947
59152690
970888469
505183891
143513921
128918792
155115371
388920022
964974263
944698230
300030057
395025061
718534758
305676609
10248273
752390249
990808913
632955382
595498807
528914163
94629725
998049061
539191165
644504307
982430798
477435832
316269014
766096017
262619045
193320293
825930569
985736225
905811978
261046501
824840910
65820796
753964037
522438097
10632629
201318194
172506707
467349582
627003189
876814280
205742909
821233094
891749631
839632404
244415360
80722385
579164659
560300981
87158656
67277913
207683629
952960292
115438560
202313423
24664313
686709311
473689944
124770905
225515582
717482964
834967771
794498497
108660358
818402798
901261068
269139960
241187909
266198588
724279683
800955380
161806966
356762348
86582081
377984710
956400152
744394743
786764320
965446427
695753086
515706905
253069778
895744303
829926236
994683252
395255522
216615022
722922169
890332838
81021333
269590985
456123001
214975599
765972650
266489700
385975186
41028127
633597445
274131589
56010065
415947593
232998180
789141624
535604450
817104413
434330864
873707859
477294595
900084493
866232324
11220820
618067061
392428627
653513497
152161360
214592891
189510363
505464841
132047815
509415635
824610236
650935330
541313183
466455515
425590876
91782403
727402022
904236245
248366464
97907361
315893480
570803244
395854808
841714219
780248209
769434290
839390767
665844549
828124899
355824418
363599547
707172387
674817239
227837878
390993615
452184914
677378403
898576998
823838838
717975455
141400769
529301774
951331622
10304502
872028842
766799885
882582751
685444386
583926950
874293275
882905932
610585917
218461682
390434637
149682581
150232317
989501175
978629782
534346790
794134192
442641413
6035712
973051080
337788753
423560938
834073365
757902574
87371154
126841325
114433311
133839023
76695997
458649664
933079289
809610047
487851052
110421892
190736094
151311851
363251042
864812032
929862309
827729059
962273617
592698625
896351740
942717989
140296419
975406483
539441690
599849
930128257
301458005
282426283
106897639
119856099
749891166
348503782
207288465
285029995
172840249
135073470
632743794
808501410
926025137
275826709
188149464
624846290
183164788
760405753
19001025
866381125
109069483
479363012
259955431
109353652
76645611
389352676
941067350
118520665
944151927
769253617
818685141
326250507
416646747
653978602
156739093
556318121
165320877
41733589
210992839
661220400
460397235
340735329
344391302
298558704
286317764
540631306
651966078
427581192
969381036
203859775
83540573
58496878
263051983
449764434
450504249
985836383
393779014
401483019
852012708
18087641
795332552
234630402
11244361
852011411
182460870
32591934
385013600
210938449
174584655
330096282
730948649
313188226
628809620
689871175
840922729
173733434
492233926
232280012
978535636
146135893
775682314
243437413
930220031
490270541
489723815
752659150
124558064
272553957
534746455
6260944
373824482
22426441
911589218
18883970
476731506
372456030
604913552
420307582
632011282
904865118
611581248
308751094
587424299
567235547
908488886
565053270
348618785
321215129
818916711
230930366
990747530
474256134
872472105
521618670
339612345
225556222
611770156
392987438
401898490
485933569
996202553
444767509
48296360
351873043
994408365
288631392
203570311
309649954
616997614
920668106
133325986
681258013
471726791
674258226
434518722
309317382
661250610
271015140
342175281
132465935
272006992
164864327
101628202
424649625
183234155
767563770
39447202
722718032
865891568
796305374
334497681
471604347
576357447
484150457
442976823
231047451
371909486
892349157
836727008
431510283
849290768
617077793
174695721
492151304
257669056
764101218
26023884
486781755
210515641
98126827
546746323
16698463
718345159
989979367
176067011
774134265
300778827
761338216
479364209
396343286
756021840
487814886
32395651
280475439
191131365
337212963
127937223
676439742
198734502
835324938
256999182
124875088
870005293
393008954
820790262
392043960
89206882
493884086
125734548
590030780
848459543
385008697
682302984
604671343
676103294
596645763
333856119
23291866
896101138
858621856
880470475
16723656
765093477
506439063
849947284
818804488
155098777
261538341
736230029
641925232
777681933
306480363
448656614
623802191
839511804
808158575
490127275
121162660
765987867
886344453
22166273
85872171
762086866
609376354
2223010
285989324
393393570
822213380
161036001
615201374
45193737
789036726
140493043
541812723
342539345
934769864
536883708
881675355
340940461
650070925
669886944
858836611
723775459
280210437
100321266
620310133
19706463
892351257
372430397
229980188
210582413
384584172
790465841
904322873
498278771
72376920
335039978
67565423
570670431
512563633
453772532
973175302
596522890
612637613
436720080
388488088
234529771
907435983
962427954
765695356
403167297
473835411
421618332
60953627
516635094
53767892
169315508
37434098
456418991
794252206
532546472
205334145
406846109
977353782
484203581
770172158
964301415
775959252
581860400
895079215
582922594
166845657
861323484
197484741
760190063
808099150
618091100
257823571
589432091
17561605
89525992
700671371
592850396
432473352
382356595
356833686
723934530
826163765
680787457
618994931
2322087
494418427
44936747
511954477
36738597
610409550
459455222
721105968
940403714
710920955
551966768
233653741
970908007
824766635
819727878
170698139
501918866
959789783
811432486
850872275
76718408
914059050
859365987
961633328
449927286
225272412
652296424
711612886
11057136
2224437
3400774
989174148
913346476
850883587
824827516
923641248
973467497
669928749
313321761
53232287
419274850
739422313
103130086
730611626
350273457
472026980
175495174
34112893
241770162
251442192
449691831
644591571
844112797
28843381
859314936
964572216
403670346
705610871
51879805
412068652
883237365
610156383
203367337
534599706
401628057
975462512
625736491
828420023
997299608
580639331
784910469
846320354
816453160
619231092
350346845
763420568
529436649
219144894
802643807
85867816
452387937
987398056
868380534
424847745
160467299
641756865
678610383
801700707
808734272
416505666
563245653
652862129
400167884
106754406
400629959
613064202
109772799
611652339
540953113
888372327
251932880
844342414
585802799
726531280
574424768
200499715
92152652
882026694
453235334
526067749
317384801
767056112
579201249
180999041
698311157
386657184
391054758
355283199
759718762
672891307
161448625
584136248
602565131
636482325
865819356
587211922
187637649
731988183
900073190
388397333
217614131
719830225
745930207
497417036
197168033
889522268
973016769
520294739
45255243
10464933
264863611
965973938
444170688
254663410
134739090
589859703
623273332
925813352
771784533
731937048
531369922
341361625
881615999
788418345
499934154
560463578
665729465
873665294
457054224
756806393
122715367
932721345
256924952
104683933
257513508
188060022
533717500
426598991
963790070
724410782
1245913
162232660
775733767
207612867
953804916
392984085
870900231
159357653
930781687
257386098
663395850
384114052
49636062
505534777
75699031
879769085
299793575
557771227
743063567
282487775
363707331
464198434
240814278
607791936
862183077
959058554
281341604
542492557
266733704
580631498
8716437
324701209
154556503
937485788
541992090
148697258
421740929
650610970
197104212
502913648
430216967
850122498
451878776
895081729
448748532
478662775
817321101
664394034
493605128
637260334
565845232
475791126
952960078
141315477
805907323
791064595
644666284
718577943
946695842
335330267
931160176
573594914
349151235
581526019
391609174
688064346
942028534
905472479
485321266
745408278
1772051
656793253
518873516
73922900
111883046
697602615
149180059
925570518
649159215
120453699
69615482
25908949
457952989
677144591
703469661
841731437
529021192
641367217
394870255
97765726
977014598
370336607
271609135
884758545
404836539
581419814
516094457
848601269
676415871
13337182
702038658
514553085
705528671
376784594
821826891
455468430
97940597
758238083
304358579
877412239
597327089
313537915
188591599
713506963
952984829
556447263
437587756
704537934
12322165
704029602
423467552
856572348
840655404
306340552
729302542
140685804
841780872
589870738
87095292
658840643
881845833
841521451
986892198
860866686
350502367
243628173
872813040
857525026
114124777
979531554
770066240
679431194
247029043
994109024
560443199
798868522
661802075
246176505
574072899
367860843
237282879
787326357
758463823
858839901
93078472
94071705
170313063
528406269
425651846
52053608
762963083
16454959
594176216
361080226
402647174
531100181
161461993
174500791
484382065
497480145
812170043
971172625
816940692
807703847
559514970
49009049
372290584
929952918
233948610
774722104
59362025
565974591
610551324
102916321
757023652
883962107
417923194
702291091
488700060
469070966
593629365
856801522
4294245
197520261
803339185
889843755
503974611
690395684
70700107
577590045
925560705
131883941
99584490
437542901
489006335
192938672
30605312
933093324
660339577
933983523
936866184
338821695
819732438
604836269
86899967
2880491
398492562
264515750
39461875
695086617
325595040
794605729
225677610
954848567
614337484
489629584
911706713
546075816
855199089
177148881
433630859
937989034
475729984
926567644
441740408
602946668
161968827
274535284
409266333
918648427
492670599
63116573
904384949
986679740
702825376
389221392
641313604
715789320
758076774
203537602
206508793
969139346
532104110
214517656
661592437
234600615
274403057
350885986
606479029
529150223
734404191
535289458
742939067
934973496
856948445
613518586
917153429
84738532
464018386
661950607
147816630
812111832
1780031
35604008
778946579
355307066
578778331
229606593
355982707
827982929
764719035
186676370
648614996
420755437
318235727
515826677
977857774
914123803
344197974
773752382
428811879
47566377
128919251
715207282
354001794
619426239
250048607
151622095
993739883
799630677
744971994
638425600
308605982
175405259
847263325
936650386
510664427
732154456
590171473
934185166
568326018
999324529
858711633
868255872
257289814
973403939
602613833
475207624
351199689
315452223
620446857
676825180
57371592
561072913
215497345
930593802
203701493
90029220
153518578
491581408
984755802
924259663
383654946
840675374
928882686
88972213
819394462
553605911
479963409
996839360
795024115
343110566
307492786
687820609
766752763
929950721
275274222
269030426
87287616
151841368
253381161
913545540
351695845
841560131
30700227
508096668
20426134
308413504
903342538
132282183
176308403
795569615
270281646
412470349
300877605
273287144
297258200
82866738
18587557
46386320
70239655
783130480
338806957
26798555
120340231
602186782
524818258
581630167
305745143
741799343
856695498
423800303
969985611
98578637
194845931
795693093
882570926
957780531
990531130
94444067
422032223
297473018
64391474
347897831
638127077
724294737
492880221
810739337
957894423
602909516
843158968
147736877
868591228
847307726
734474978
375118220
348319501
188572710
206868954
231743602
293052944
374789293
569450578
721064955
850856471
39319228
217034097
124618035
328354362
832462307
355699842
90888232
989105298
348094142
570383829
141441649
499421121
372087306
576269617
148972962
324298697
930197016
430403854
386291448
39553770
822896192
990029929
481579199
430348303
344185163
441634728
135721406
402115457
775083502
105960175
542127009
687032041
732383930
241129577
931515002
81054255
243063680
782271464
349686199
756044366
508759681
175652381
593103084
405168872
404104287
705603136
437318709
463870427
774926920
140344757
584041419
654680717
555149610
366465655
889789956
113440162
978868570
877553741
918401224
984639546
338351982
181544802
885465594
837447647
40667655
932100588
160457177
933931231
554253759
889997024
850605403
433338700
994955704
507487087
61032001
924342666
377217062
70889921
362140234
74334347
630827865
491367788
397438444
817919436
477174129
70547399
276138192
175581927
342734718
456949001
577991901
267416131
329475953
236643994
938580104
919532846
990848818
854292468
814997309
713214335
883727694
592000828
939207122
838294475
150992379
6604238
136330683
279961480
973842108
550665321
340754435
437827363
475850678
389948387
483493587
187628970
453516607
816351163
853673339
155512009
967468285
98614404
132793056
663083103
843292155
391463477
190449667
613468794
468926203
45336135
168292493
938360539
412246499
29213396
94682355
392535450
477104823
303232805
201530118
523956615
901992050
41905566
960418433
280006828
543351579
947297311
93704638
687212816
566490040
893679752
592588016
62221754
280809682
42092374
200210390
436886016
770558522
549727483
517728992
585730539
215559166
623549537
709548389
555741170
544382198
530091014
570745418
409402116
397131562
811569695
926371134
225680814
473264598
90077745
219341231
239397100
179428927
48057859
965954366
728477181
221495770
154331107
635409512
150135208
653231054
706381474
993864671
336357412
396992141
306670290
485979717
522863072
494759308
930999028
908597002
674616043
345232749
555838488
856912732
747508263
48065078
186501843
715169268
63514032
2477503
317341073
264151475
857087136
476880535
597464905
165308088
123353982
662316178
395172012
214195731
602152922
929266807
744674064
3798611
695025725
573175205
487426679
747674570
952474198
914956265
485637301
581715723
47912449
518900176
270575099
145570210
365177628
916435438
718095224
42102239
178606752
985922807
426594305
363079689
968706077
256566853
39666508
192907411
866053205
509686314
926900604
70872293
410524449
860911759
909823843
841073956
762175041
125376149
786718648
33792544
119764563
815157907
243395796
467082347
961947204
631484282
226444714
516012908
230241359
628662542
481545095
780176478
460359079
45881024
715287684
715737189
134001411
155026696
956892232
393568208
439359263
864201576
221230164
755771785
669789860
380507718
369173665
332069398
883966495
139874066
775111026
237535977
913553397
684746772
716027728
471134344
53732626
482237034
796497696
370161321
460359331
254007325
727551223
89751848
436652842
884756868
268208876
954727878
571988854
330850427
115309462
466345439
660912286
743386923
667880985
369984571
301843926
149350164
18102288
985244858
232055934
602281238
7848781
789234725
220609710
375697891
897128027
456225311
677429116
181266785
168478198
640830083
896694263
499580960
276531061
626169160
437460174
344114169
647021041
694069386
558708831
264768267
878451842
444894627
988392851
89671716
398951797
387278843
919817014
362763523
165848821
988134269
680788841
240280453
185776183
78757683
316883100
409705852
888100335
344697806
159828981
419357332
669297999
361176591
158320497
286308856
22833382
149401123
139743827
134773092
350397282
887251905
939600756
210721186
620414490
443705836
835169823
575184884
426452371
490628134
764976170
677354431
512624116
335285541
297469883
892658134
127475946
820383163
889261865
613318464
887710739
324311639
932475566
844835582
451945018
480827809
876596107
907419674
191573811
339433886
617213778
858637434
261164797
36866083
507942837
970357366
756396645
6853318
628811381
5008685
54068339
391535737
990370561
856551236
95673756
606483321
952260885
754467072
881754725
164318781
500148829
802505147
296857957
479412134
56965022
367693398
514125975
951541549
653724750
791047044
171058718
37816535
584881846
462447770
249992969
645912277
381514300
844023668
348624232
427738219
331823428
279662428
610035165
889064121
657814758
149138822
253571772
695901151
476984634
979644919
900453549
367539080
67015778
732265005
303478288
983430728
77716337
409026515
372367384
164526384
449407589
950032418
185625747
674642564
987238867
467168592
800612390
694906600
396138471
744556510
909047920
570004943
95240111
35178246
534063443
452893266
919569973
312853888
959642275
461274037
595773526
157047430
624205929
994652493
640865849
255730327
859755513
515711357
366794817
147237538
804135083
292832885
512373884
768530458
108374213
139532561
834407716
602832779
497803941
192483323
48518855
944004576
840056337
514272612
49473397
749929021
548644044
451885953
936085977
965089554
878783437
727709813
379267480
56136494
868809806
514564296
715691865
618044167
295033544
67685042
540800250
957746975
897143546
439915430
483102377
922957952
988564675
568118131
937208508
360031577
234549733
206421675
752607061
26979623
908099983
409000151
241979620
496132479
470572613
468005370
836326526
542688691
801730642
44487791
399753762
647928524
871597885
716409967
430524210
334357156
395575050
818353489
461920233
229813716
799622807
908508071
475685418
384767727
251326074
268600107
909361009
672486375
250144154
101752895
543775441
589323248
104862026
181452244
809905648
422515829
889350003
609729354
89753330
539354989
138570495
968544029
773695983
648402618
10209597
263206748
912636890
879121644
401429742
32111308
243621078
904610508
356753792
684119885
955045774
482329600
19596654
592196746
408068687
231035267
811768812
771670502
990297244
904490515
99888023
695494995
952078932
609273932
852212527
243724591
885553781
280916180
400760887
725580374
914588160
386135905
867985470
538950524
401836762
799704497
953802472
722253667
754297616
341528397
212126803
708144953
567660477
979941497
270992956
443011348
759746078
163229946
123046737
973042216
992743824
486841449
476001871
88324288
527091668
560234992
245483403
195559823
355586560
365526305
304971484
966117348
15870932
854203757
213318699
779058612
131797334
783450585
248277877
526565395
350276222
61496993
310688344
598167952
591385845
87227307
731949564
938505409
958089347
113796413
435153756
932342638
123818062
384611207
494126541
290232048
817654876
93897449
351780011
602266491
234793978
737357930
472872781
189705427
982023065
53282930
140918893
800084544
798684373
131769679
487560203
18085030
49559071
793772663
708866452
825714701
786784703
227823237
725216441
71000289
446474263
849917010
484662932
577133335
113350707
789680165
524355672
700305039
765526335
755825230
546324442
106278804
669548005
585162077
194600155
386294519
220954837
730581252
424698153
622595454
956239006
943740384
315630247
22359122
967600961
405208568
919455592
739969012
122168666
345223326
182743353
945004140
286536691
66367355
505417909
393425666
112763869
578909288
932222237
546447759
32937857
444559571
486694750
630922602
687552307
739242565
734917575
720711098
341570277
443729085
676483915
896591648
193726457
512708605
717618065
381025313
581772923
65777113
827109538
624755401
409524654
266176146
863065570
831351940
911645186
853424077
315514798
376145575
210472704
439070127
953027648
42512235
611506288
296309777
236611699
439131823
13194213
777553815
529625852
910837551
127381264
647487150
868398851
91947685
790907006
714588824
311302592
967398857
672236268
979233146
479078053
863466906
173470703
663719305
770340358
109260620
929670869
756718020
925103717
650135160
698779127
831491524
910868261
295943841
971804464
227313478
45089241
778380218
832049640
916271512
635382736
375914256
408890930
905363401
505064113
228290564
923710360
748801165
93302627
911070738
903288652
539607538
85762122
74299868
751596909
796610248
257564904
539333041
76158740
617430016
534528637
768747397
310242154
451349625
639917512
355802731
710490494
796397937
799504675
30926856
165331776
910688390
384460356
324614732
925592779
621886321
875273530
90007828
222969312
703405603
19694526
620759576
493989385
855529251
426895826
552736060
650106506
194238604
262538315
374122312
26696078
658401914
42798854
970432238
608739304
336054395
946839235
10098560
88681229
741081280
590319348
164323422
510509931
349814108
102630597
932853870
554734434
15978658
592371235
946257655
578402246
887776848
750967898
184962229
472695986
467114073
836725253
316889371
123858969
328105211
512086591
469217494
345338666
439708055
775774532
742731027
402959296
475597266
168307302
102757542
923700309
617119126
182747788
135091386
192122894
147047108
903872687
412375084
54611138
761049158
331731739
917125967
335531750
444420982
677810824
914290367
516644200
799215205
946300968
589388226
908126349
398961656
203415071
279685384
724024258
457946445
295856949
170640584
7237584
78371924
857981717
1109759
496244952
706694204
752566307
86747057
727898559
894557798
965915536
934967596
744213859
145084612
172099678
900120404
45291325
392429679
807182770
651262653
281460212
820301598
951385416
427218123
193757666
831579498
336512936
728834242
265414133
290002544
369539322
766487139
520461966
508843127
627187860
890640236
457902779
535745091
870398346
895760260
536600049
496605314
811120674
963538086
434412946
284873699
590125477
52835798
503684391
556534916
385603258
258857337
237260190
684262279
727386969
216908170
721929146
295471224
186945663
830460462
189702157
670667097
863952933
832636829
552963666
183724719
482663112
391312147
948095633
292057581
820387205
143747989
725739711
687558208
229119757
579416589
623543211
53151767
136576031
47618250
611041636
873245243
265480389
576268452
908942990
76023281
131059618
92140860
383311211
906945894
517382364
872374308
408155749
903843012
991817499
811793930
335827373
750685325
449946380
617865605
326200431
372646272
889751317
403176222
724565610
247478739
59465906
743916724
668559572
740121221
613266204
619959100
321843050
628539026
485749048
94177881
689141003
472077512
591552830
521759223
853903715
824814813
748930068
759651001
403614541
441205090
135982791
897291964
172163699
722469288
569537957
690993082
692856295
464118416
556631888
649195751
409268510
820300991
464920735
445496080
1011779
979171588
632262474
457797750
102724108
575833601
337378908
222119272
576222737
506467989
185031695
964491294
192409141
192531831
821557289
215860859
106178741
588847095
366045192
348944262
217008926
367439000
641030316
242380405
452752965
160641005
590464371
467915651
34022625
513143634
692774623
598204047
491597447
332175422
995181902
473847771
828765355
284222743
246963712
402649711
834760433
559108037
757721161
395876542
34383401
351640189
331240831
166429986
743653987
621556058
121241522
61907911
501577035
580157320
154944950
256501983
683801352
267665497
526584615
237894164
978831647
923653456
836548009
86512227
178954988
725628636
991252657
501549866
959612731
722798880
627184994
261119638
702677808
969260441
214822789
352486091
772305890
10780580
309160836
613404368
52705809
798020321
369598628
836604573
638319899
775487824
794765405
276446101
474164299
125423851
152253133
747642509
543942234
155936164
951895690
919288636
228485431
690282824
841447194
455465971
873142868
298012061
757308255
357220834
135505935
754775727
908380905
350199454
270035710
551141761
761310531
642899678
206728491
651336202
82420658
862936346
967997530
221108661
770417958
478434538
337247984
184098554
48038362
309215634
977694349
921701576
305170939
492190107
210528942
391556410
976742507
848528426
277899243
966387735
123192992
55512185
84411974
675843583
968085905
693929443
817852223
971590252
978765109
460137636
837510459
441218345
126825743
688056188
420678394
836359164
458887193
86540571
941470923
285073867
383425828
349037571
644803894
454406004
465903807
152116540
973589376
999290325
907774245
789227960
593674269
388503719
223094208
58550628
334684916
264544911
533448557
976429061
386237094
206979026
212567491
375404771
549319908
228582707
866493422
119742922
50753469
150372912
823227936
808591378
548970894
895709630
663570809
343216489
393316487
702987396
806636082
703148350
491524323
785777079
182760793
28310816
445216543
458823661
826136859
831271175
992480020
416950740
732306039
718602228
675459799
207240456
492075444
984482484
476894212
598964595
86496039
477177924
978185052
262280174
104548870
95995746
441923244
603890148
784957884
587265958
338344077
214763149
865172153
233421000
349270738
670317039
861243688
708478868
19259419
383140858
325600231
78772628
458737313
850091817
140448998
775710822
906171909
556427142
955320890
930837766
705407131
973557598
148875499
693167605
179593407
715704065
203275018
522054595
769206665
39591521
882717730
489295375
446051343
873869563
380819903
558065642
496812742
860988017
697195133
28612235
369287065
155936419
902324947
178078190
528856288
543477057
309794261
306163956
481083470
31596448
110296593
537962956
7177934
558088755
792010539
94524530
527198515
847713586
821434983
958860977
123317086
904983306
366639469
712045781
711115417
93637806
679362011
541955459
606443830
185685608
138853338
246486117
36304557
540321364
856008592
566755017
920510187
63049510
248786878
97673756
202597472
860095859
378958574
476952264
779531321
582766193
697812653
909772384
437955703
407446446
606423882
123920067
73340511
285403656
81347205
440548995
234030684
112247339
914883329
77813204
513069202
122002462
293004434
151675868
608834350
470821185
148541602
605344703
88494182
93158748
406838579
496980661
520428928
827615274
572268238
418431158
701715600
963686216
672359666
246002043
704070031
107992762
909580641
570447462
61394655
859661977
810492039
905399711
448580404
92396832
169527418
161660868
790326602
344850755
913931069
226568309
718672355
699500336
158738012
775846998
534509774
590778718
804176068
598542787
943399262
585860118
809667325
205838435
703871576
172347152
739987015
922299152
377057332
161217067
258172667
782127887
832163566
694659830
359101416
215371379
616814157
647266814
847933966
101113423
11043436
752314720
111031966
522180841
659555623
739843904
605122905
111099894
22058806
380190276
281485058
355849895
99279716
118416878
338038442
36293835
652880272
700856489
69553906
341940597
451620143
574279802
171037246
85321138
540789861
920625829
553955314
247658586
125533731
620517477
686010023
674195675
668027528
665286882
184207652
6505395
998569368
384674865
395715175
367112038
415746456
652911599
248146518
887140616
309756292
957429233
226629395
759558264
720088591
971495896
617108041
400589107
909323434
253246918
221633072
792118040
700406330
457480745
145681301
523132226
369118209
9478189
370856622
411169017
556194237
173461640
32518384
868940224
39143384
266635887
72246156
139437867
364391213
844533437
426103549
77831885
960082196
938845896
442935961
749890287
597804281
533209086
591408820
218074671
72030239
25959780
195539206
852768015
835885310
379198610
966161851
398399142
295093002
325870975
242799620
29095711
944691956
660245521
743249079
601239527
931835625
921403925
375441260
886840825
213329661
104936257
737234345
266245810
156871121
945552458
265887049
12412241
153597133
264100849
666830306
12003902
182788822
845637942
239677740
884139999
783736841
458480340
656105312
369068732
436477087
425120439
514448314
647435136
591848366
45033202
478779230
205384082
126316063
454415484
845436976
532042384
717215372
48785907
405030609
743917551
203585215
323399244
692422802
765608034
839627572
913474871
435865987
272327862
815138593
345960398
864521263
323502085
104029534
724600642
181356375
562642636
774113360
311748253
957169831
162933606
368165017
701823712
619971062
562720204
141395539
486880949
320785877
419476272
295667260
986791715
351285621
324033926
736605440
980423479
999800581
172192844
832726891
876673561
903385126
530305074
404533236
485241627
524832761
464735039
97562464
712569234
592800068
685935755
927497363
46459251
655524171
873306916
382565478
189738889
825440407
251619373
52598280
947874454
407354729
515074690
273589294
278233801
761085171
754805210
711409092
922450549
880707572
762789594
746550444
144539734
204557570
279680962
107435604
541634935
605211829
347432405
703834375
325497967
284770712
963395275
508817925
802000505
23914912
371958349
803016500
415689352
961031408
532087512
875744708
137509487
185556612
294308538
927268812
220866409
826673568
626624226
7272557
712874103
52063607
982450089
746232686
158173440
503323248
288507318
261746844
558008097
728316992
76886476
461764029
761562960
269435227
952960149
201239338
333352777
635478255
630459081
255263337
887172405
107108082
583458928
857347619
331547785
418480258
260666007
180306338
144828791
881710665
599862246
170626115
207419302
166858929
652374068
202078821
827561418
167439287
894881629
671411833
855627275
498616670
925981655
382009714
608626849
906319740
610270819
93018913
784415385
116594992
71166821
328386131
444277337
882676634
676134105
682580167
367558210
237310010
722109737
521752862
388094995
182161713
890132083
861281447
773482020
76225723
720966015
193855374
577894654
536505631
200016326
615731800
601876358
727713770
231681018
761539722
359647671
175510894
785679537
228149003
736906096
452603053
3213966
616346135
949444673
394448589
124379601
1045920
942926422
59110700
121103900
827031172
761582453
902143173
48294594
397629810
20578064
796246588
896316311
374086704
433522500
738325577
135934480
496203054
511793510
506192745
902533617
392043044
384690568
827507885
779340103
854296025
494176421
842781304
997405563
798662046
723854708
409864938
820934280
225640576
551281757
575776050
778586496
870542081
392924698
377246144
144640998
62313222
781603752
378502184
969041481
647487765
78063624
283813287
932192443
182982501
934745790
469356932
782354584
719082774
348006589
619196905
966174448
74204269
723730254
913938268
928276660
633562639
199800711
742364040
281535398
460439764
1569499
787990310
69698718
918846003
154149171
59206843
679401646
160311044
392637717
920516022
206236155
514703565
311772033
825920356
724932354
118954204
40207422
828564097
187699102
266691966
340495073
271870037
382846178
525914972
989571376
255537964
742962535
787300426
676927777
216527120
31100686
946302951
739765604
569355835
127540646
442527590
174709613
904830140
600471657
758785290
362199314
697806904
550348393
390431500
434765924
780576568
187517425
557781724
988747455
582957690
277386987
62647637
318372791
404003685
648717157
340103194
171414750
194255348
984939025
733767182
667237680
169829265
820579315
615268980
126564598
271316120
4692643
743562362
470457140
946634095
608054813
668550425
637207033
659453340
604329031
918376585
859265864
194254981
910315449
471761013
277969307
550829521
837276688
737195208
863195931
67538169
642897729
631814149
625041919
685447546
348182268
237014576
143756280
809433329
118893291
486889026
777676638
203795205
993115709
250031393
421775733
388131233
25399874
395733345
71564247
723777570
676226077
507743926
262699634
899406673
938576358
269905048
503430477
707128114
211831810
455378755
10081428
212380124
404916243
239413566
593988486
705113285
125951186
388309877
672400137
568213172
7154893
945785762
669883367
172977806
163926635
295947548
268791800
125958929
216844353
769352744
174009822
736217745
754443530
364847707
626549507
789826594
274233601
26691424
982332042
602393125
646699649
383192988
639269660
825243486
58725372
692034269
464462097
210638244
253751880
492685412
746069690
701787735
348600305
541349415
741592757
44577930
694630004
664686857
385327506
416697984
127157970
625293186
486769641
501391537
586332996
289127067
565858363
27536640
617422713
812322896
542757369
648926306
904846395
514520520
411891834
868127377
464422053
359284962
463013502
135204795
282457217
450527477
311161292
512840572
221472970
777552465
476841685
894519363
469523764
855297552
32052223
953611383
664503630
365388577
362709185
523746796
865425682
560821399
493403791
740799438
444008718
474787913
129555583
144216023
924223370
147084315
648408565
164619064
362110120
185978474
356436829
350495471
455405290
47585591
883157576
831506409
330349155
652363862
975054247
257798229
323474868
165963421
65825788
992727698
365752508
361601413
520943904
238415508
503406209
644620504
631680796
379045745
74381209
236289117
479485935
857223711
556258682
601555207
929045515
407877502
129331380
25750900
590697576
18137571
804348971
209116226
447053717
466975288
343751682
682655880
362207019
774914595
911970097
920311964
782346960
479164075
631464472
916696189
65595410
704318248
208528377
280776864
592709464
190908167
936744591
927966793
909865362
280702468
831520377
995183930
376515467
931196022
624761511
455035233
501067073
506639937
968867101
454945286
459581952
502436940
177770949
483941731
75807812
669717329
497912345
207697511
813268486
131886606
671653182
955688616
94676398
289186356
799014701
725682809
473784048
100986589
273372419
619117071
498805955
928093021
958384054
966413723
475497424
603165428
789587603
569125723
577452956
661326280
719284344
443600550
350425995
737098795
423077814
976026805
31473814
331413117
222856931
957515874
807495743
25206706
516772045
746678343
487762496
902441110
268131737
436802767
335648187
222290814
185567424
172901672
123778328
348287851
839231115
303973064
55379751
968853889
118828654
850717168
903086460
665781387
347596850
606169513
438302995
877912663
177262980
953707392
130079606
646223569
340349309
376676634
148148033
39625709
284798418
402640497
996042332
177069420
75693755
848381881
783052344
967091601
884073187
940617993
686568277
632586565
656990161
999846939
426279087
147162932
634671653
953659537
835019636
61151251
941875398
985428315
282935224
446649973
763089011
326580765
690624326
221050214
267146627
164043995
106304677
537072794
616463171
925085348
955418849
121983193
741219656
839273688
201102914
899917275
756476574
571371060
100780381
316352270
961830008
667699227
581050116
257427476
624357122
322929888
149691452
493740655
907129279
167623907
636978612
230202023
385820260
550354624
915441146
793953924
537483531
291365756
956547418
662022397
909129748
855424993
584097536
798668330
21438348
342421710
804413163
905490202
702166410
647270716
642673720
876663577
83224632
318208070
721598947
272866263
997008084
939569334
326111491
147709280
815002393
640904231
83888464
817406361
986781305
444925470
903303361
497970436
910478160
800372798
757274762
347233230
749002564
5110747
743006425
961421588
552929583
989990114
677810323
756107107
6678710
984961125
277850715
814668328
809217659
802902601
495021965
317439784
194047152
49438121
463721477
844520829
156225179
829108517
497387268
31247417
122499419
534715304
603057357
94532812
765666642
125011451
824463394
975138706
69115298
121770881
628828541
649525248
360797168
343384664
173606666
676790044
937152190
987718197
965213965
509672178
576611279
857856142
153618081
368252017
629949338
576550655
382412598
903144425
346434420
301594107
802808568
622399337
764967401
873386201
183450844
564547599
664967526
968557372
106886811
567684790
543922978
257597526
650607344
72425648
803355826
601085021
395550723
853206310
192029055
412381472
646333696
821132622
741998187
187813490
295733700
717278922
282936687
182525661
313880610
972570124
728629115
984433912
945519944
833420479
242183270
281570381
84512228
486404996
780823993
936775099
621489751
452366521
109499297
392073112
607652062
528289637
584163228
214403741
547382369
340755885
111959367
158509316
825127378
419201853
806595539
193627301
675498593
333861001
292819536
299628315
706269025
983938858
135922506
504662408
979059986
212195224
858904485
619608549
654730089
27622686
565503265
1029401
738665789
606985681
100006194
180532183
943821891
125311421
763203424
63725774
95079013
433931889
928403795
27742152
263769041
278773853
411560477
816117834
557196023
413675254
559843803
497232075
652811467
196867577
243615503
337908976
211648360
47578792
917540564
268626
801713176
654983118
482495784
641289724
955986700
11279360
567423338
267512578
203370436
53924271
584308742
356733881
584954768
861448447
653662093
348689517
677738160
762001973
505530931
346029534
64672376
907043966
522746832
458822284
647132587
204075431
603690971
286889808
824278919
360227061
275728147
487897969
147552267
143788006
377204703
292648924
257740908
354305535
697163927
42315506
180106929
976932314
96898603
131023675
583888428
536789530
23656873
22142229
532646414
984774547
766513634
713009226
330348149
421521267
928252020
556035963
221143660
34678159
872848302
141427280
596180979
154933771
733672730
54422169
894604401
760351790
878431100
833780294
150371108
877249001
928011432
149596698
426818002
667233438
201903289
299028537
884482742
286093331
243097184
965887712
786594200
677991756
353331731
143782961
49338997
423062445
225800476
497530115
974615118
593191173
151719122
264044155
177902382
99476128
325885522
899905564
122860358
906401805
180439039
6993749
5007336
140719630
559359917
614183565
394744231
917343409
178628991
408831413
880097550
815276306
775652267
487609084
506102947
710985937
649169368
533627741
371581010
940192596
625116336
151609332
901501631
760850484
765238610
392574316
136093493
259482576
600574064
779760499
498284985
784625234
304928102
453461875
748553910
685582462
680066650
361012608
335820379
433472330
140791936
226580089
287021689
906521882
642289201
521181755
70900359
198573335
945699514
210726320
526676059
527338800
255649353
768809212
60603421
602829690
327173867
607596815
503735310
357833656
636547316
100807695
187832896
897079893
45464687
663567775
252329124
412571571
17157089
153014853
633144992
552233183
37411729
811005276
103511080
857775890
653949933
134629548
100963220
119646514
103526643
657825823
100244221
275088620
412268774
753685342
462064371
936024362
326986063
61504771
456045171
459504787
115077273
558206879
687224968
796021739
943157466
88660208
286805783
179939218
848186039
685578649
465520613
451218459
818088392
51007453
844450579
164100519
63235005
412777633
92251737
728478412
71041879
3964377
302140820
125983824
552649009
771682982
295406033
828562695
707603181
554800455
136978091
769993718
47894941
485851531
877302500
868109322
743719523
962478506
226500520
286700610
452404713
343969894
554890220
934961090
818097864
398094388
291103724
99074302
609475476
45730651
543464168
861644079
691245673
374470183
834654001
858426803
966390651
105826689
975554870
692060432
805831528
234783084
416508813
85167407
510858445
59824886
582798954
683312665
189698561
368913921
760949675
628383480
827305775
847474750
225999515
604410321
195588549
265522771
923718841
780321512
25074687
654309146
33282868
905324688
819734538
727102844
325835826
71517313
929022166
274057092
760408938
322470494
528514043
754445837
231227621
761371224
173438997
36472780
173194876
413569565
573375553
167090055
978709869
203809253
197634117
557624016
53626166
831699911
726684003
915856422
319601374
397328253
834801963
538780763
26942170
156234747
37204780
879551321
348685333
358653943
572094502
856377374
395081628
425448788
728788571
233537321
491984055
25025767
353751570
526939213
163441494
638509920
425017389
55892924
20242332
838578978
178559326
590098394
289866993
770936987
940702677
18315037
555647606
711239156
777674978
224604173
740257050
755880149
386781555
673152611
481948380
771121757
202395462
589199630
186409376
445571040
56429846
9715520
629356020
668785604
205280662
739016975
510981171
842953862
569627942
312446963
281225519
197713170
819268772
305515299
774421149
606006719
954768716
580880408
8557963
443838016
628980056
770850530
296699564
327618714
930399475
405877114
194915539
581398190
983102533
790154411
557372314
611027774
91891611
814921112
501305294
909892839
750649
541012492
353654567
879355099
835375100
402188763
63551470
255916973
883756641
941990822
920289584
809435484
372654450
520967017
753025208
943774593
722050427
478726437
901307313
53697927
582629913
675632411
736157789
142688069
283906131
615840681
334773011
598777366
184990158
729730094
882731766
136694378
541065522
964474774
527096850
78200925
457704903
362327756
456108982
383844821
736040831
942119886
121348463
426862586
470181128
554638587
316766545
199365128
150186512
801509851
929361508
206528280
106034621
356615475
737835328
645310275
138992832
283285112
171675792
54976118
103236855
966194260
699913259
571826991
884144705
481479000
994412773
594444916
973918403
442823127
790653995
721497644
453869798
349508134
365236995
899377795
612894919
42440832
156097523
427086538
253643403
280244890
836277488
510758507
413449757
350920046
181823235
77155487
445503793
985463220
322740967
294746275
801685388
769712746
590195673
69850438
830313833
267028697
640672780
560037452
282003222
114849958
799946575
553908227
321693876
336831105
480518167
4173908
862463639
19537507
452223901
108496788
217701226
37170810
857005275
158737920
874536447
365681675
139905098
605317124
64460742
837601639
457540842
590063972
24836950
829629339
223712238
280764886
453442207
262562558
164860092
99715016
737478077
891986160
15843539
20444982
866971255
825549330
562633091
379780608
940713851
948924649
826751914
209955508
861667596
122549756
847703462
629885144
115298316
273590675
913410964
805572803
153790459
463466262
923668336
72131547
811693374
506586165
946702203
8249654
783807653
954692093
123930524
394430788
518850589
94161196
543640995
962529408
806808731
985131443
430012227
481617508
448323124
826389253
575570987
896850429
390639255
858334774
191559958
926792217
513991463
385989015
800107228
93676766
569996521
207928002
18575753
852375370
615388001
857884230
817433641
125393614
922570703
440180446
412067095
875458239
838473792
989232410
706755853
482964278
77034318
893294248
805673978
665022322
520419186
178281358
151110945
498868645
278397810
453515211
90747442
543756120
714949374
189558863
801154800
336154958
12007095
100032925
380305862
36316615
56110673
428180642
864258614
260256147
177491090
869956356
82020607
241919189
577199472
310688448
772358051
520442222
887878235
655629025
261425683
814181961
988657210
373449120
578849207
441611433
467239147
744971294
72431232
68489530
174496784
878204212
169215071
133975830
80224318
647068101
625888394
582668202
138352137
35553025
798834299
636280444
240581040
384129938
840550922
341462791
11024809
685523068
247765333
368592675
742722600
576522121
264101789
522508077
457341651
23033936
321471834
527567013
142389160
490035000
151288133
988277124
197391595
817030534
561335802
551264156
207127998
184264867
467653063
973528476
802977552
770157559
306414924
238399004
355130497
210868439
275932785
981746395
54942868
140674574
464418642
636121932
747045644
713187231
436037567
660961711
398664592
709497088
448641734
253713817
979769701
969601319
848809208
759736979
372354742
857994611
795512198
250015352
650282414
860242492
557646476
304852938
491181664
789058089
887145457
793033112
283332927
123398797
794493175
325633088
999153502
495590151
165354966
340014501
90332797
898132841
130081274
648294057
961144051
292941697
636344341
945402808
54740832
830835979
43002897
893818161
987545876
223723218
515048708
380261389
859213635
657918895
335424680
164662666
364893156
696523419
449676397
152380776
245786495
450581424
720459867
149773638
323880642
834306333
596777930
383653071
17751432
210994276
857412433
660921168
230378603
866633185
584883604
838149711
61240263
278080209
519224136
850994855
81155905
107925243
344656048
185708692
305126730
780529859
278371468
865614502
382908949
164744614
723154841
692768098
18997250
63293186
213987009
548072115
700199264
517868235
359908725
468451597
669951526
10667202
374370668
738648876
29330002
653210480
558628826
926825910
493782681
564885693
974992990
508538887
293786781
787173565
290106456
179023763
128136994
920395815
937494080
996368343
809649267
722284816
906333203
976036848
191739655
544832890
204416616
482813645
309606677
596505879
879162245
557309900
642709888
253393194
960038920
974423617
220591305
748310771
864308832
672188169
132605651
835773322
556165468
619280832
646460843
44236911
686242528
898399020
937411015
183331874
140286922
453904927
833515689
256770188
657849641
401506098
367475675
462238918
915055059
75377185
644205718
159193456
961639031
157196670
925254652
216214562
762426674
644012365
478206201
410406712
387305954
395201938
258554036
591137825
657453134
647812318
152009488
356396098
131676569
744570048
249085766
483586654
908769662
442448977
122317630
781313722
747670708
501321676
941240241
207182276
254778125
250374699
646805016
194736880
860076923
879622739
786727377
269750933
193939636
825738668
869866773
316575465
229626324
11433208
5423461
746681247
817855701
558744613
924428980
86181194
923881179
276987148
582276825
685521284
484789342
319738860
847880290
222471
825825605
70877898
858253205
406861530
959224202
424758227
131833010
966262465
557205042
612646801
596620623
394300880
668341632
880835812
275311087
808788891
333471877
280259479
132227080
123702962
580923669
748555181
50784621
875909221
725802905
492447194
160518221
325082022
678358203
150855223
733484786
232147855
830742235
860707702
217030705
498482545
799382580
878812965
321216191
374151533
431527947
424394525
373888843
345431714
68523473
13171196
771609684
120900479
471293949
851177363
838032087
680744978
901194400
509690887
968729893
940412958
886474443
516178266
72953541
685879018
593910090
818746133
335814321
811901533
266857355
377595791
264147462
111440825
118298636
391279802
898159355
285669507
113761642
827615815
996579106
225094768
417615052
23653429
283587679
654817015
947801960
387389158
104190144
446500391
368227688
388923408
577651343
471989918
397063278
921725109
195147994
831307345
684082147
422100261
12233760
744731276
437866142
46369283
873054716
876329234
297666329
182767455
586143470
323876995
508855255
922037472
571592356
995903605
724292980
270426291
451779540
487218164
657474948
229476853
138444758
999491782
349503524
830187496
39844359
881092169
116203801
659742925
473153157
31058405
600120540
354691605
672062320
621154206
916185599
819589154
493951483
736783962
192203736
242994135
34262816
386724567
10202305
734594722
246267500
696188967
966343945
537509608
327508861
548632380
385841632
451958037
98091922
175305730
144677220
725982713
585136817
444495697
329238372
630880904
521945322
72724580
427878075
498424506
94520008
733708342
196210806
458142001
670285083
32524779
846509309
571150964
512405451
716673669
279169596
816129973
611899392
932902455
126680327
335003245
574098612
216938840
883933934
51857871
139622024
808204931
10034959
486486316
117857713
406334551
565840916
513413837
623099371
224010645
392616341
117297689
19657728
331876467
751141957
342404050
360531040
171167373
510253736
438535561
605517538
283875349
177524223
426431363
837213610
186874052
345404856
939438674
731239981
744714507
192182871
581152900
84071634
341339798
816925721
908329780
821645516
564511508
228817689
100050299
273677060
112269719
479454072
828827093
471679197
525054865
337697597
664653555
381962673
779832957
802003213
911607807
571354263
972654247
903057299
190528189
396686514
637874999
681314126
671561986
432151647
209933439
387029765
470716272
552079654
876276676
158740250
401671644
814824349
81917265
98450359
374342812
342444066
931232545
20931256
318093600
230366343
95863136
854334740
874123934
573233555
439616961
909237347
845611286
283717468
716670509
8302789
929584479
98255821
205967175
175135678
751820471
450350705
347141623
382642682
513816632
151784713
343677967
657347290
928547280
970716298
600891728
443418461
593372661
104482297
834926936
793566861
413834084
133931328
405401581
440469077
523001120
117770271
403831758
911991967
687206001
605947285
167006260
766493700
637322136
831671227
556448842
925018624
186688170
656179736
424690181
580717463
121084009
486878266
876209772
875396033
291984934
176523548
493540972
191959001
233486452
113985792
745321925
589501152
346810218
187308419
651611486
961895697
81058479
947278931
11937041
174260930
818442379
863381752
486670106
958135443
757568616
630267955
505692673
308574734
745905054
73840983
257852716
486646442
218965612
701489502
469761274
786949259
764864829
873396230
464151598
247917045
447472021
43168984
730049262
810791546
332138120
131697699
764760840
705174959
38214587
85470805
707248871
262284900
984262389
865021686
274623174
142997856
541747027
962175175
526834424
140247063
576525658
860452767
49079845
733265023
711209497
728585551
104625943
38892508
718208666
547913651
331915264
661608819
49005445
316553002
910535252
456448209
353339644
848019111
200449000
360327753
329269738
477918398
809917439
104289156
46025595
806015783
439624208
103190546
473195001
250096237
237101442
868160457
396707649
673690377
562076461
427909802
117063368
186214459
101215514
428593693
723965111
57526479
105646119
2672318
485995876
968592704
244491475
699019978
130257787
863601530
357765202
95030145
754621928
23207918
259073957
98986376
815398627
411720666
571702787
734666926
15736397
793674760
766025769
527904542
707656219
125129748
652898853
703108737
196671386
494285454
259958510
161890981
921729466
439138162
115338231
294213391
812864543
484784367
677801866
966273106
375645102
230802902
810963362
716190388
244738755
572151594
719914931
586747763
231388020
409345068
528102613
575368710
800944331
613716709
590599853
653901267
526528627
651525109
875659198
473328495
23532194
743199115
722396355
800457118
257480261
179582800
218758251
485061972
750553828
88898852
151004918
259623058
980413004
23027153
260845166
579134737
113024263
62588408
552554396
663310233
819061043
476703194
619919480
61923746
850845838
951082078
242752698
676744461
24251848
432298026
117775295
634670120
598956415
179086899
601012064
336480090
38730049
668279994
283062061
19228316
642204218
711092536
58902753
363531975
323807200
195318872
158927893
343384666
661943143
394114112
127924498
140868243
425759604
82643685
745267584
602403213
692815287
700810445
41864021
914129279
397303576
519656692
982468650
300954006
255330506
723733698
565071662
126562058
629432629
906773015
357104939
629153280
29327714
171918317
405850620
181267193
852990998
258977118
624917827
446753474
640633421
399259245
129040964
527167304
370168253
721685469
820701023
691795984
790061918
258177202
456392165
695943913
932734154
498613143
122305381
496839330
52607262
973308826
67043530
932903452
486035065
383002042
258757785
493863653
255289351
546234553
92547817
378482531
375364890
660034067
258036298
543039087
895780812
763547574
865251322
384557055
658861800
147065590
291948922
499867345
995060711
271596680
110069636
362848862
173175267
822080295
47478524
559947561
72274180
870948962
363860025
861482349
294903663
750916292
87781393
364993502
638312945
941938233
256471402
525862326
861471642
526880115
982200755
871535581
33049982
840301656
533379245
10482063
927199160
897384607
404577737
740661463
893030134
247471131
833032466
61413351
621731346
910960831
590677507
900186536
630340699
478523003
141521302
872781779
957968577
42691515
173589188
76804755
135811176
184018249
969512327
394054375
808661494
338667601
494175665
889495212
238585682
155934271
610613776
252191370
625219265
334855892
178686580
591324736
602251139
566510730
40979152
67290905
352598475
521357700
861595119
838737588
718038417
133661127
944379466
648396576
143781964
139694826
516909046
144364930
60638377
300554667
778617837
976508018
75327353
795830772
976961845
712582668
19873789
166831117
20913351
73448010
509611185
969448015
710761090
858307547
12013205
948262606
390013065
598997546
492039444
383128352
766315047
220554019
859602350
846571436
938380462
856589798
162784128
442939142
577726813
517866969
418311285
263157349
300115987
202955643
366560893
272320205
101258102
209564237
854704575
357536884
188852409
379447935
267064144
271547845
468399046
831837348
40345069
812116205
820068215
574850248
278065989
529563704
63763553
869895826
892260351
796912943
614255160
370875686
768073316
507741450
500402800
216180821
847339009
143394015
87222821
841031324
462919112
833334437
730565951
262176916
201557911
124039086
364219174
795161208
6090251
973575356
437898545
104825518
476227141
390516657
559677077
311487973
406284076
34286779
420139961
12533674
581123400
685525124
523371718
23487129
551841934
567270760
252427111
640792102
720231178
467477093
676723467
152769685
781796446
610354318
374117482
15615616
223096245
77697776
3890746
423467801
47843217
407946613
728518343
321887584
47888653
357258411
335090527
528288085
863418523
465173671
246176314
606248987
103664005
678690854
199584340
710808076
460030287
660754314
887679606
478757759
226893774
334221266
26509296
845568630
128673100
110782200
316129521
472410892
639403276
444202347
939393679
298017132
70798062
918503718
857069400
38300265
402957401
955118477
665850302
494869321
715964197
509205122
94786748
414880502
607166557
623453587
126049800
776791180
368181150
620359450
369798340
238664223
945725545
210356611
954841221
404404218
551911723
80813654
331580453
682919343
799758359
694712177
264820911
928836473
786508411
875299139
625055322
716025181
24801408
806791558
71083380
287536066
240018765
883839191
952484093
576284884
175369452
58528021
875714818
35019105
464178009
710068491
271404129
694322211
630700424
585649226
511865392
101731872
72571755
331756135
785183524
588648304
505696979
769791375
673654536
849894672
844944625
784229568
524442076
431427661
523241246
521335988
266514482
312010706
148599551
835793121
383309560
914130601
9952353
299644805
853019672
853166371
769155759
503368676
107375737
632684675
52041858
333532053
533207452
796973705
80005590
211908365
375086365
209093666
486076847
407063993
607156895
330438277
544530403
370609837
99062325
339457647
450012806
868111311
972917710
236969234
43771292
503591216
469875115
390075951
491189590
526641460
1438860
170027851
119534882
83787106
129518568
201347880
835381267
274147785
536552275
535323641
263378728
993649863
922627705
309107397
812113355
547808182
753324484
749103321
281692787
319493459
733820082
215758576
833668603
771600583
952893028
420874094
825504606
99171239
985034007
484861689
415814787
581105885
849699762
380790076
371402536
34530669
344834706
161992405
833851208
540240852
686239065
190911596
680666063
639406190
597436983
852082395
734291882
779427622
580461008
872061098
924667434
47789907
676880404
883996313
271849174
726107710
394874441
261575187
740919759
806997964
998517192
90057074
143597721
528002961
452045301
890592809
814837985
781979318
895422939
169451166
806584899
47675305
662497240
634917901
652745579
164125701
655855301
874429509
21778593
352971728
609869959
460420603
406278589
767587014
849867469
686784779
249832124
297763005
787455570
424525567
478055684
446657359
588712780
207438969
841306326
911699385
332798160
679766357
183017812
603634405
152918111
519584532
459137332
371895355
588597433
386390022
328651166
482597565
162435152
174096796
66406337
434773169
140730194
229094201
23180260
637833671
597418660
760681140
875778101
280010757
932774727
403215038
195158511
419813346
326351640
257143718
115624790
615105538
257178811
891498700
20572599
918747795
154450063
670452679
525578840
898802671
978123264
960546908
563616542
386585173
118954822
864851184
962046950
878207983
319087815
526805461
729045380
453753386
732155781
804365541
118709386
328422779
543921617
435753215
660541693
853047874
466707284
650153690
574216493
389111444
904761668
503999836
216364999
575720026
365024552
375723007
129214580
762817673
474387106
81292048
695356087
156709248
436824458
919639385
326062748
22451137
128505230
937237456
769483309
574100438
675640222
5921225
419011827
843673819
166575762
269420665
243505444
817131512
222699561
847024363
984616821
440825683
562004683
595232633
28906277
33531042
633265407
826254460
62398697
571505821
4785130
871494149
309587211
543460690
234372303
750513990
428760823
917389856
651776472
3191858
769422542
634889721
986680785
59342598
730838854
315243533
397917838
424416399
973386926
524632446
128680212
43647627
795219030
179136504
974239704
143612664
895089182
869489147
980124558
888405446
906589486
775216230
795315764
523497900
535072303
898830297
508553428
882369028
227562504
882506815
505674346
854778118
753848622
833020816
112446007
495085747
331424033
936964858
350892854
703388845
862420525
521399787
609581278
642775090
286398449
677654918
400905324
865658132
446328833
342272513
592355047
262378136
771199032
939286016
106841482
481270614
633996367
577046452
979288025
53999174
247108246
371127586
760662773
644439400
114170425
342259064
786787588
724633180
178171114
797613692
844320971
359111677
33514302
123970336
648630199
837572046
312220092
384761121
38554599
385127995
536811987
385584233
18898755
758243010
103190127
772014542
112280695
998548835
400948042
940847716
106706713
546092796
677402626
946730124
325379838
815160582
409238029
256136304
134625907
758146034
285110604
483165791
686325313
836278875
390970714
969011414
562067582
261461447
268415689
138950341
618844494
487725021
863635308
73746703
342964252
538789924
827310485
335788739
167308867
705728049
961193328
404919894
449986909
107031346
383247609
574125509
150717806
743538927
990647122
978301719
569507519
978279351
908733595
6761102
726582212
659428975
969118572
287806247
121849311
150696573
940949881
224282583
482976176
4562035
503807648
671605895
238646605
461908256
510084827
716750153
609917117
221595001
550788598
234332611
244742551
272529228
429499307
168793095
433099941
922953472
294227772
508547176
283786154
798658605
366734884
241439885
618802465
92494508
468417058
783123991
981442001
604981882
579574084
525058415
271312945
583686706
250018948
447458811
889860758
23938170
753163575
945304801
299684131
316399914
79512033
77664315
497768942
262459639
648759780
799304243
705452152
803623411
138364694
597036153
18457197
303219017
112997160
897121970
259618819
317761991
837403785
53722276
745105286
820452549
381563540
319073913
434939441
947059797
914836800
283448481
430376924
928049738
10070188
77978514
523392509
441039584
700260975
36783796
738628097
709860361
667407429
334786668
991856677
183983766
423094183
356625218
320622560
662878543
575031222
16377494
199823834
811376899
472604600
138748928
846996102
165002463
935023500
727528244
950888865
167575235
510418695
608045121
33943055
742742179
296694294
960378075
630832610
432595474
628828935
221601806
367368704
39996395
874509037
312926641
785643423
994262547
752180535
460991405
541020657
840240361
465454770
176061108
317363544
306666402
432255412
697661869
847028632
37156923
854600596
748304556
177121085
322428675
426295211
49538468
389816541
107582458
39028801
587531915
813335302
962790368
131583500
986957346
398707276
219345667
955298393
625454890
989662293
691472020
713972789
62674623
257034529
23417977
337749154
122509977
351387073
380424970
980977301
973609592
268394673
205055988
388200181
649911861
133876382
221176645
31829526
260911806
5082459
550208287
994529813
111370814
357282051
516231898
934462188
637739905
132870889
443603554
995636752
469410825
580054134
166805430
942845077
948417695
107809580
908428914
419427695
428038689
846064253
506959912
76027417
628379380
588164537
570582339
973372062
607897519
447985977
297938030
302082032
479526103
118649460
272667451
785941864
571337814
260365071
823694048
469942738
980171107
508556753
292273771
49747711
735366477
750906690
492462435
215417948
870860985
200693230
536153221
754077641
659067177
839751482
263780600
867688387
225127314
693165676
353718490
808979333
75264812
231388468
436491828
86759016
637187160
353025291
896480332
184373269
788979756
353738579
475298219
368165759
111068498
539951528
577014950
830793471
205449635
888083495
881626417
147741477
771615771
212297037
593564303
609230773
73755015
41621003
961779689
420956714
727214442
887710356
994134344
896627461
191142753
685055579
35020476
345040791
89869852
298205686
590518542
644523257
935391657
248228319
746758412
799639582
525255876
88529117
47739584
653839912
442109863
477347710
705168481
577901117
843070684
853463859
19305040
215964109
571956822
601590282
911319211
156530499
255563481
664399854
783420092
484707400
491307197
965612073
127522029
958583692
684266466
131041128
493467107
339009364
682561904
718642866
822797679
514981446
336971513
597742620
546208895
400649142
405453342
597835013
768775400
768802977
722207845
183417937
757128132
25976465
579442526
872498446
711184672
57993617
177302313
288293201
293662331
277061900
970207072
849318835
541902069
401775510
873223578
412372625
100400010
811906028
556642293
573144334
907954696
733454334
550284387
981402497
516003039
122685123
227799255
845516843
755662478
894899457
461331898
880965335
689416559
149502029
872237881
279242761
754841075
573631396
433384670
255431296
327331623
478425695
665499228
230708486
434105189
404564847
10863530
811430203
25256847
182916203
309777440
533767211
902659534
922165926
425595360
539842844
338503090
281596524
1857824
352411781
888973483
294204085
197613252
39446654
888067707
316988974
792590752
969914396
139569698
42922803
594958889
882992129
774890863
275354941
169489267
657153560
32863181
68098702
372272367
151200829
49220717
242815923
651562723
86552350
118927014
588588159
670511295
199160202
671036295
278019963
282013783
433951373
979346249
183636463
334244727
981111275
585539244
576151738
446684573
42999994
698606509
320817849
902833242
138590168
386110020
497817587
824007570
603736638
568949509
902663321
981082708
634927588
690403004
521002643
635737473
239548048
455546020
815549567
702411732
971171801
393554986
267640696
124671952
859853866
547947668
589339033
97940952
906041767
110520277
594442441
313611695
316186377
726768875
133476766
27164180
828091202
253801167
610891403
815744318
437338710
482268087
858194934
418014
275247777
942203857
557941415
125661056
702992279
632967108
279952426
666966287
23894794
278506467
550612129
846431387
824886818
153240689
730928881
347978157
660333869
616716839
140428596
365046763
574221852
330006412
231668729
377119559
407680963
664705404
70445149
513567835
305528356
197768978
751092094
342430122
577371749
799412620
156081020
81698892
77549900
903980535
674182648
590701429
210357959
663378811
916972668
102683
239365105
930039969
870404846
423575695
874251672
842754630
544296610
53637645
462324979
39395526
971076275
673428978
902421891
357657868
194352467
256344886
980994229
359162180
486441647
347668480
57007541
652005300
71026516
889433962
801841287
944736274
113117314
450122130
763937460
777359972
144807170
934635428
344694712
35868027
147572684
256235320
369449335
520360916
234750928
378954120
818544268
924775739
552739302
957736519
833211368
638637779
610645620
866074746
257120186
486873185
261453543
903110629
352451370
226918971
340141350
140917456
64928375
7123492
105443391
906901561
711427354
27291721
888080407
485567954
182910737
820602633
28976262
753639569
327174468
733379363
843951506
861821389
49842644
67976745
537181347
798392302
146993935
720534986
523667078
189450683
180737642
142583185
263902278
652532320
284718034
600238829
8891927
482017250
813062938
794493086
510783512
877307177
948753710
560517975
743536813
467435737
273080567
833886450
259745099
372460358
787665791
434133991
498969630
743959126
584911813
717955364
893548495
431781910
867667119
391698489
575217841
581423361
845059426
706799832
515409191
572762537
285738081
241215670
864064716
372199231
735802430
746075584
607267139
638355999
13267684
181976503
419333354
104142453
197260164
984655816
460652702
102207311
535341492
557505947
312693723
144517060
291574759
990887873
898258007
14610560
762446273
255113586
540777714
273284206
957047110
319279357
930403153
587178650
69562030
118355965
931760531
312435551
785748467
606803806
137137927
239057390
518722276
25988177
253929704
51068950
746515294
238416351
577063511
807924280
846460571
964967208
982876126
964554230
753110663
111963607
361047959
553206759
927291326
509774861
834815304
969268371
1377388
691945534
92057712
459016868
254388902
974037732
58872604
9164673
756835588
589728768
689718841
761874148
144466110
560438877
474411486
309998365
941290114
727886255
961517324
865300012
484555128
404511937
210913415
858423220
830070622
755101993
549270281
291578168
132973623
233952681
748509266
516107940
850169711
417632521
867555225
274297765
919732224
478642226
751319599
381501972
289135983
945896348
981001224
12900566
568812379
694729053
340431822
280935204
42943770
149914247
14517015
586939492
334281954
509115359
959465560
39905730
306713694
520307193
448940036
195072560
480363568
369982635
67226358
401940010
519754186
582204035
652811888
115553627
836362838
285870490
89249684
84670960
678108401
536470877
780074754
983465033
667021006
99812813
819752035
304178932
576962879
752722625
827137735
179174350
235540684
803382926
278776148
435113173
941918903
662082017
23393886
221149298
447443905
287001405
505162181
809588119
503158922
575790724
159151001
342705497
275243088
957697531
477667706
261952323
633479567
150598671
514120226
658084037
32854188
835337972
613780042
82739919
606276750
655089117
720558593
55941492
477710673
416090867
285068045
684202258
459916857
909302034
832828336
658334360
977517738
527137321
276651075
368109855
849943512
556574495
745388933
617107104
145809996
66845720
789623608
599089677
825534985
665294002
496879931
416521971
935564674
718964749
36570791
957051239
271885067
647369219
93670560
73214229
584436736
273079131
500243949
262002430
961279331
217487898
149922202
784871717
21184840
341652694
140335068
895225496
546035117
597916789
415263793
806897012
90039695
738767217
286903017
371010643
276700142
206606123
756360799
278573121
794599853
604342106
331043254
422710105
82561705
934683924
617346765
881355945
148194903
856485841
343420100
715149033
194186302
936067919
265061082
69817639
366013975
962260067
840670001
58796000
407413456
355453756
234043763
324999250
426728362
502152923
833609529
739007404
386634296
867908512
212081269
181494081
857364400
178471247
338943503
302604951
711987417
38920760
477615656
646913957
433550197
456764451
946487736
857728879
848688371
80947920
537127646
14773547
411004486
438956250
356972018
821815501
235816508
823396609
804935306
250997872
134734997
823545048
841481044
810334259
751117164
337510991
764162114
692603179
807822920
649113579
490138007
872156555
404694265
185364827
997161296
3805748
764407365
537862249
927796340
354212636
902745791
757713530
76812304
93864903
187001310
59949687
707410482
281640985
876188231
543192452
749579418
319676752
843257909
710774176
9270071
298205015
415739509
950541688
55186708
941081538
221943223
295867384
566845770
656562696
411353600
918596949
626233554
491119253
720363648
264407108
73034187
780892631
647906022
687103964
715851716
215687916
700289841
58980964
687800417
734795084
892759900
201138070
236509756
645930924
305610666
613797664
601806834
578180275
207077319
163367540
394047990
173530620
464894203
943861363
273756775
181013341
581483249
297576262
933743982
44961657
590334710
740261156
917687383
143228113
319021102
195230671
214724243
745339776
627598159
685724487
752774123
953742298
876590844
931069438
936512441
254883365
688401563
843571439
719341734
883675049
16228167
811404125
682230881
794784168
69743417
175000812
672024649
509231932
950069957
779843309
251523942
944566625
529418884
564338668
576443571
155854678
166981053
644812641
543196680
519063074
638433819
7107993
570543756
577853458
344263112
825546140
633950315
427580192
818231312
821517618
200680145
966732072
179938246
662231687
368617222
654382783
916761455
88665042
788299031
822046627
995571424
289435225
759281685
554924952
398316475
988819990
274798506
573178994
28926883
821355362
976742220
927541452
575379745
291596282
580307357
739639269
725535626
562127519
74902547
110031844
265691674
901153661
104572861
209617060
153292068
696985563
788676931
738890941
86973846
611099877
987986186
941174344
709232887
926697265
236207663
327655911
816114329
439393644
287592776
347125438
924006398
854436129
286403060
178292162
149798008
243250645
204800598
64654657
425223772
137864976
615446513
187841589
42892060
399707825
884630254
283311378
535996178
902053025
936580895
238155324
266877009
786764195
776793945
910243527
366143396
42088960
215059533
231271714
880504362
401839424
165754419
889051676
453198523
740566613
434062310
700214763
954862488
422751552
234088116
558526920
807735718
29010333
248400921
475439978
578017884
101627362
295406136
416267707
964323934
197574208
676613550
617114616
982634030
759128123
951229108
121422575
607178798
895604312
457903870
931904672
240516295
749024524
502975860
102352858
285273778
188556642
694383581
365131939
506686335
767176372
432865431
122088013
253634346
778814497
932483396
670486996
680315674
773835410
430286204
314710948
462745667
629429830
313316855
632292172
728682171
760993268
772441445
114183933
474755095
213863332
280495505
465435561
122930990
561736505
40181854
919795435
178669782
889277793
878235033
415733152
164859062
370727258
405589769
818381848
872334521
167141419
746032546
767402765
947450353
841697919
958191286
774063093
71329440
997895727
394302201
989322937
45818068
41803403
569795202
847207868
584659515
214016816
778170708
822748183
348360494
470897005
769521451
567451943
576689011
169191270
842790900
100204888
687705933
414763622
506245884
599978045
970681910
725789716
264268551
756598096
210773194
187266007
143301461
392378969
591249887
527923262
628884754
216956551
657683154
332565995
121598456
360093254
229592209
755083703
412319274
30817966
49689773
908176783
705912578
311479213
236381939
870706398
910715067
281613714
287225630
644970388
436378552
858217210
127187048
951429240
11122766
878960349
319606637
10807973
578873648
332260747
502139956
242759587
26208585
508513710
737468875
827873953
714278919
324446812
217052889
212394993
430177419
221335621
240373526
104628495
63878487
510081000
110589424
955430407
322801659
806289028
167765004
905658476
82207909
71924543
746194678
200690404
853804341
717403557
944536852
167663130
769418899
988840110
408935925
634774780
961996099
436736909
870756754
9215638
153139173
485560390
118501325
86871495
925743707
326495686
275537977
196151392
593096857
984355714
174388199
617496722
30104929
857296584
625258630
816492153
48689754
964046607
585991653
970672979
416503673
854351284
768885497
678527457
401589138
803579892
114814950
769872735
832697018
618231607
370925068
109148637
854007730
684855934
372271554
678163059
978247863
774670225
164764381
964388957
308809035
994262208
733794597
50739100
604033211
231932177
496246450
522936896
331050647
50302211
466106407
309661914
86290912
294349831
585071516
329752414
949827151
7938095
761427855
439921373
123197102
538961087
761308411
8229502
345684145
509155047
190300613
781917091
408359413
513646776
718060183
449477259
719783043
907678057
326602726
899022526
804879615
584642158
115350855
913641731
820969401
212326592
838906187
861059080
787510145
99073500
551257928
547447236
319507894
813264202
8902751
398936566
686630344
627354239
566773914
865956177
188566785
228969506
448627639
16814550
997124270
828909878
332567846
739502317
280101226
18564428
216326389
635415380
508386373
211426816
296934223
703855479
203895820
116894542
732975078
799692699
12401217
702152887
216838689
647508095
850888477
20342206
886639890
465480875
974587337
319679682
812391124
449404101
231390258
741023006
396863273
382842407
657879722
487207132
844536227
98105065
99244826
810130779
962986169
315465375
496639802
952354679
610767205
474440386
926497265
183693639
711662297
321844605
254551784
868173884
89342459
338316471
810050048
227065253
963658369
506970383
686757770
838917032
593355671
697673323
612741648
39585337
562377387
853317019
490755864
176513593
444594149
825422783
965367982
104102304
737939179
378898721
652714928
246930326
169598686
496835503
165928753
670660480
36220854
764375924
108566723
143193580
933570999
771969993
332918222
738340419
688505434
105491501
673369346
832619020
166689218
932072592
45200915
215805145
585257641
766232587
411249913
634671715
872745533
305345409
632117381
940905110
756273863
222721062
369545704
324718408
232712696
964939662
177932814
983910415
307757268
2871847
832226905
354291318
264017134
520370856
270885130
564359272
449909232
21202828
924631256
458952086
446561334
811075251
161827598
196132087
851390830
824952258
705210848
810152983
624151069
237929342
155793385
179395571
980247941
34284400
91652900
324840893
711207991
696282372
107652796
402588966
285618780
409187791
976701329
188702660
252106646
631533064
559195991
506271962
925097178
188518022
680447304
109583579
349080132
990297157
334836015
502871277
299232711
164744219
500834392
741232117
251900834
978650872
149418895
738882845
345534982
675111063
308483644
186555581
399980497
278847530
771353765
856566603
350610218
454872293
761365952
253792559
720995049
907778376
610362991
416084673
959494672
841401364
543689829
840021282
31616210
388823103
631805408
249960628
817421767
632697928
813829633
272009938
476091721
182146700
790486579
155423448
660507109
348321038
777638508
95417410
972398186
58107885
615533780
805727603
930314030
525933728
58811416
88344300
740469869
468489226
160040263
936696895
320382756
616259913
377816717
140299584
365409885
500048569
170593992
797973956
710178758
290879180
868670414
846123473
216267975
744869950
935820014
430962696
155365384
651374342
815149825
228511179
751037293
294070011
851562364
877077613
680126541
411416114
335923532
159174324
805406435
984538256
882217326
994327827
212089001
803587493
134180728
940518703
591105857
960718580
83719969
787840417
430158245
722889952
306907282
427351292
416822119
383833248
478079789
318307580
467699601
194252959
929229871
111477006
273058484
92110093
901695050
525728163
242050483
185182769
126323826
878159237
852514709
855406926
845569100
165338139
103758919
926163799
748650254
280588757
180056339
801072722
279294584
214126391
162455063
226648969
521156963
4723496
407215811
756107831
386001633
189345976
711570797
842787969
743509084
541288326
51823415
227094452
705048136
123914432
481147315
103486110
990232359
549027193
312736117
570178102
177529240
966934243
885831232
531630090
981027429
20510409
228635043
443763445
997227199
854044561
462276450
418767902
730294326
48801382
557929338
862622734
928518270
558110022
934034169
914916261
800566621
160011041
562738285
668315520
686763173
403487651
390440176
933643429
156477117
7985825
265414664
447258137
492910036
610655898
621551537
927496820
544553644
421048706
434189924
254140708
325243030
634470943
94589268
181731801
473106676
286946702
801265536
904351821
46449194
864252667
937163851
67079841
919983850
119170466
223211399
812265317
311537631
905848097
615926359
107504004
295980222
488192901
360082594
342150553
112288979
889843424
509745400
716061949
20469835
689877930
444641099
693029445
973606251
676856886
863366445
882009549
690801656
726551190
751084882
648743770
42841120
826650351
482153972
207855200
822913474
866956888
408272763
91147773
41011654
310515618
722494029
950111047
860425751
968009208
857098891
851193936
878868816
533791867
641185393
362026545
869212961
476595875
208932316
607779613
916702840
349735599
481724963
463011105
892253861
146875165
439463315
193284654
478526648
519290218
599062817
101754824
735825812
56860962
42958159
878920903
684414144
744051731
938505688
189688193
897498857
906032582
821478279
222885314
12118552
724252058
903723949
804844305
313435494
936159607
257408079
30470114
905730278
301419294
847131567
680089387
320436832
526888801
463998488
705879779
193946019
832902982
349072557
414791315
742303333
673088546
681381236
882038871
568125526
293260497
829944398
46673698
572779775
466410178
823981287
356782721
69401952
571648766
393600691
101566141
676111301
103562380
995496744
51161873
680801700
802541588
168566087
105235205
742299123
40836160
442834432
485274518
232511768
944769804
682830940
202203682
219060047
88891211
145424725
3305638
759844934
426637518
475898982
873768560
786329848
961700150
741950887
599375547
629615449
691734926
492081305
551186948
884634326
607090847
616760011
379205215
575744538
294041462
325190715
282032214
712493917
863986000
214908258
202779016
39793644
438361952
842313382
848321375
247743583
231563351
192754292
273523209
911995452
528195634
657766037
594923995
473927830
78252657
396363027
638721516
652081015
321127972
453345767
110034693
892290430
405584778
961014116
715195787
529139544
111893884
881885563
918828322
1259459
385050315
84888961
958306330
569202333
405007796
860284526
271759920
612954917
726429768
437385156
570428059
525224998
95226303
298371809
2492622
796495123
451225675
986772988
306544569
460453331
134186490
861422756
427563600
836908216
852505924
542048854
143087175
955631212
270560959
151571655
272363609
305721806
399898775
1199147
697345362
902137253
56111139
826575056
528359439
273347467
59624604
881076585
872245313
145038537
673771254
367207651
419613774
20747053
655949866
494470739
746709751
892839246
379572143
78096692
105163466
926975850
317869781
341081900
435808187
222768810
784350206
614886513
594789666
345317415
825233009
52104589
655623718
607835329
28279678
88363596
318686057
527415500
568208287
908489557
518647605
415566175
348759227
117686545
89808443
40221368
421198650
940530721
521263266
677131143
78807684
551839198
413254113
104668919
22531413
622079159
19571979
879691960
327264996
301375672
566785351
727052815
389051479
783613
66467490
91894610
98641748
819287002
395238725
779119639
748687550
965471045
425297237
735006990
601809850
900412178
413129665
467764108
555786060
366898321
579413019
831383106
413816433
820655617
7836397
149199088
317903402
52176261
247341072
53924490
563315990
526116258
565658331
882139245
76965024
778747760
544570464
207247595
407839932
273245500
228078015
903852205
352249250
434872698
747861004
359726986
63920069
370414560
702322979
812676020
363110809
290733440
814553397
634699545
273366032
635503949
505407844
178216501
921704160
492028316
735095737
404394268
899695912
92388977
158240274
596442457
894227329
251664426
746977700
182836287
498764237
117911033
246073850
773383392
120923093
595108609
274443556
957772485
834822130
585697260
993310467
85684722
514075661
838738399
791529467
341955652
298771771
34885425
419110916
130364023
815167253
163869076
685603794
499407341
591502193
147909868
521863161
493796060
9946931
617580346
974126102
387026159
350996330
212040845
392995187
268654983
758362966
69242273
649560618
637361778
399870611
204501298
973953660
818391216
845512679
333702300
217455310
236799957
352142071
777716386
279010201
717582151
933061111
594424094
47846579
275947291
226695705
909007598
356948556
652754034
374284082
296806312
555362634
983579642
212680030
480274361
219999889
595963135
786001857
323514716
719120531
411165416
340174875
705787502
709710689
646456730
373671678
606795033
506460290
916130261
734306162
648980200
120560292
923973710
505179933
637533152
986395057
951997070
854665319
125236776
362415328
861967548
705655993
276745521
501314614
494360459
664773534
122082835
594947333
427654739
798325483
599100330
207211724
898600827
645516058
922059664
727572873
49815489
98583264
296812207
927932622
698949807
489836743
167027594
593759059
411544201
418977451
655338957
324811910
84629545
369808279
973653241
78526769
13791460
116861327
659584849
255680595
698324571
821157869
84774356
797751060
27874342
545547458
799004241
406183410
836271285
138470278
584404144
626189701
599735348
918490032
610837941
5898901
283940175
815091645
388320196
154353474
432511950
746943964
484853933
246058157
112616387
363672500
587608868
696912034
76298432
82909684
742498008
37979121
980706650
48693424
724558776
931277514
306052533
385683767
45136365
685864279
909691750
912803855
755189938
843295895
130064859
569086991
91016759
472613919
258019469
690242491
617691920
773245470
694953934
535316208
359014574
48807914
265765634
217413038
736994475
44487666
35672944
705471593
499997363
643781231
616117371
813776769
605316544
229924662
882038292
563174799
874891946
598191829
514940431
641675154
360434754
743175700
645342179
652307848
603731668
347039422
273420449
50723945
32367684
345524766
158833018
670932025
802909400
287992368
675502435
982177943
720642526
689072503
958051931
851464413
914414453
201214654
157907025
15303206
613318401
552073609
569981380
110673458
378560825
388688407
136056049
499895077
584107477
97399379
687325317
638778450
381671289
398355977
452890651
779299702
611840852
879336344
802432597
625433968
605338112
844002276
396416575
234113067
628602188
514216686
294251537
971119072
551966578
957019224
715422841
517373057
164644938
599219481
291374031
469102179
230134459
193850163
143626865
575223894
67224449
859066452
487550196
892474909
989066790
878916527
481081362
146618006
632008781
482672369
8732662
641946141
552796003
237493746
217520957
484020290
877716152
629436076
487111510
267608156
960842321
374740164
591433927
307026480
228180574
692049
325532548
11435860
77151013
232603129
65568878
210427390
869510115
874810788
935764151
746235221
217105441
847776108
999079798
448061684
624580339
372149755
757188692
787081609
422710618
739516721
630433823
225884873
674970416
593809799
274705399
957920865
657685318
201577271
956328238
975250290
508363753
333279769
228386242
459155392
38794061
379007192
420240077
948783752
430141448
22357656
322433052
697020439
488391103
531302818
899896884
705280169
913052528
449488585
49771118
726682587
271731321
470860569
769177608
645483039
349546584
797927700
424500957
535237252
280152016
390653317
964185392
939751394
923152308
440101125
355701112
652661625
646475418
107906325
840077629
820665490
216601128
796634263
292385726
33913230
981649900
291074684
857750383
286057002
513469826
547381366
310976376
564051009
871552041
952187427
43140173
788184693
578227396
185675635
367951085
456683428
4153243
945629543
989687168
408488535
133853485
555050094
726081939
140474216
801335414
329738254
645500557
91491866
892846389
329135101
999495904
602544486
208300078
593559428
254002014
854595214
116927797
513744640
142128463
372052098
285693615
930376088
855724248
25397660
570520414
46289977
383233220
627839140
843288606
365649797
351576506
299960638
87545259
917834549
387665158
996800544
586635285
956835758
963457449
855840724
656249543
101239474
22674324
314520352
94553106
664880722
864253534
79292117
194419219
777504001
885433987
96136827
788168314
564568827
116687656
593593603
880371397
714569489
194312431
909557929
435705250
827034307
554221405
708810142
894200365
492498669
577213721
662237428
94300174
615242785
670081407
677546891
290727255
344854164
38949653
829649459
429503
981424558
410647261
246799069
357149918
230395909
664089194
440532765
378564686
276005095
965110838
320031798
232628367
790508938
226965652
157380730
470668810
753084809
234394795
34637504
574754687
888802856
211657084
625897601
518667431
271996806
737754886
800781199
518673504
931448691
11697809
221570194
729400300
615610747
967752676
570282135
921069897
393775720
852070566
155926908
954531960
91914133
175116495
933382004
182875170
115530340
292818285
429982216
782794393
532101164
426224677
526786480
943948764
872686564
627717496
811951504
380343221
859802573
232453081
600851728
839184762
76323397
614535240
495916895
225500647
531992775
45583948
458384679
45968347
557077636
743920401
918550299
868581724
820270157
497413456
577862235
435746190
232378223
26609838
29461816
496634389
402658284
994422075
699917738
678195146
957738143
550204667
102160148
756096332
693959812
567927793
591371889
640256003
158526185
249022792
845768223
612398768
563687835
99980341
811894948
521186677
553524044
871930470
910322150
490319060
963270085
664068236
664683980
224868202
533994615
943087511
507519978
751697893
267012459
751233159
930790650
647487348
164323699
591972604
764182357
171279779
663498701
8359257
269963141
264321240
834945027
40526645
192489333
38059860
62942530
581136077
151488932
914434548
568271671
95153655
609436305
579401831
147954190
920004998
832890522
601864435
796699354
738525426
632768268
977254562
561174073
429541863
445455013
30386706
651421339
151728278
230221801
681876959
281974076
986476174
79624317
321722858
494073793
879167496
855202139
764839501
495070031
303486820
937005521
946774150
207047960
29642482
104917921
853955985
344991234
277690854
514401104
864277944
84504271
777004107
514071731
161122322
987735842
105716496
961565395
761371619
991972174
31039736
697179943
195501720
165835763
626132466
420057850
761596253
768383223
888670519
123452180
903165785
587385455
597752203
888415492
621859048
825429646
977592111
710276853
346286916
407544605
196554023
232647965
788820340
792239109
561891828
37476332
431975550
719358849
625775454
769106910
768447217
716849113
20047494
968660183
637079035
260488305
465067228
12689029
625929904
409782859
829509796
688864088
967575547
264820649
50535976
393201743
426681638
263492937
57312576
149677043
570558716
488544056
320117423
701170005
748526034
757337629
430990949
786392585
782382404
85353130
802344745
725595471
665634065
133613132
325772748
632840580
330982722
507686834
969996442
916229714
888094996
392454675
409617721
882103521
986173520
436909746
840391219
879194606
19327391
877893413
270438341
178701893
771565889
316250159
480594586
125769030
673466204
230373866
961772942
27334976
640412510
227864698
760132783
541190633
213698171
593249570
526726887
995701201
291401984
772418147
680849386
35571592
314769625
124957372
281373063
540099465
627668196
923316763
717189841
673142292
908119566
260248897
863794211
712250236
735791100
253044044
995050147
258549201
356937816
797452496
523175878
698258248
714306368
199927552
119694627
125446109
92049147
598344056
504372245
291801944
577936420
916450184
323874543
184151914
224451628
388837735
709370235
60456160
847473826
863412981
714720988
800475272
260361829
665096450
466082758
434659222
899492582
3766387
277215563
398664867
478924306
464811804
695204519
104950905
16349823
727330362
570455498
750413298
56539039
388194832
999180226
855360777
633477463
884206604
532289808
699013939
881000261
690451232
472930660
972815756
185091833
492287084
615378600
598357696
855970108
594495025
679601338
968898022
963567379
201259208
473359642
89112539
998144385
177284587
487430860
680378883
999399661
75411487
764054925
828510268
919324821
863812912
383311382
839704126
134387539
927618405
838606869
228216875
392065401
425459434
248194913
864895489
441609520
245798854
856631549
724158751
856465101
634020114
349335886
990409102
813693180
849022138
962573935
403514349
235205871
823222896
822853298
987914597
152532213
387499428
61766478
368263855
284652594
138532565
354578368
397117315
748190862
681597370
236313359
108200173
255803442
927890997
828793277
175232786
680621892
28990056
175925744
83620970
826151217
58827109
40304759
409599893
662869295
16984598
400429978
40846699
289909645
14512503
646044009
544919395
450359091
842878656
217854408
6067780
195793554
874356966
1661317
567398678
594479671
918287696
616754866
872048630
311054033
936966030
177382009
19976940
971888305
792412432
774110030
661502556
666605445
92164444
728128257
144190421
752917076
974964670
460619855
187760209
357150393
631699110
758789165
92980616
275222902
745360276
198222251
628868485
409308562
840100127
445053229
484022104
828791551
950219443
278093894
702437844
543335762
931848583
346507587
608922821
727861376
816934413
287396313
972392539
813914414
136733362
747611753
419383524
988740613
895760201
754278138
242656236
628664878
958682691
397468109
764248365
731438757
919875908
87710738
249282284
735620508
155495280
181009317
836819382
162169449
768064905
571274909
906132710
667734433
726918474
858518480
630716858
470563670
282864572
745018455
659111961
990800576
216806629
32760938
936252239
186431955
715875344
996166201
785393368
912963636
971936261
436250837
510798390
258046086
633007727
531121157
256617122
721500521
830440127
986956249
73513586
590802447
401052289
762264512
635054024
110595387
193811562
389741479
681756034
409811313
736903922
747506888
657815508
323596651
258119975
565164986
197313657
349089689
955981815
144459968
301589652
438693673
128706412
934308252
823926668
82302090
346095002
982791845
343946428
499899985
435276773
105858764
940375676
984168019
838343736
957249832
762447991
83191515
715248409
339971063
872735914
416761566
210713051
839589441
312135687
597017940
964217090
194957565
8049601
750127838
441595395
163748324
526454883
684780583
803160389
53325050
496627453
625517788
255342272
784835720
329424692
171232132
580692457
259337451
71474363
644704352
501639191
420585260
15230000
88002222
582722434
162335692
774620839
504446671
801616425
576778782
43676157
44281922
676104426
606877392
71745535
414730985
654012315
836223072
628703229
617279240
537927538
458252717
937947641
211439136
754990320
178895560
511814581
847135998
583509843
352686196
54151630
411557217
546116045
773938462
263237733
523221392
82630053
376200724
289368586
603170772
627371012
309548232
901793838
904310199
556772609
885285625
162621421
400872268
199750868
4353975
777642008
124118577
47186052
562327923
229168649
871292111
870535376
100844940
20044932
676451396
31615377
47892978
276869251
950665681
99262447
516590355
510934704
597517289
868509790
24680834
659484817
277764932
85234058
65639590
23943745
749935215
615238625
321302883
530741323
748887465
607969090
59339478
518117016
644717776
60464796
174330987
116010786
589711849
856414643
576132192
100671988
968260663
875885198
403588477
262394984
837731235
99985597
372543565
672395934
537299813
777727233
3025029
870603601
804934065
737071080
394806016
181490250
664529041
430309893
929760251
434942069
901997387
490212899
385744078
465079889
222710867
313263495
148088583
307966841
51220307
54124345
106736188
952770223
396648781
882070661
291033603
342818006
746717085
365013398
93428677
847966696
40753079
201140227
948170515
159680283
924935886
955244519
44598181
465588731
929467926
722633677
75143310
312997210
490316409
627474272
477418973
377000506
717978057
330615228
675656519
253638227
619491179
719042874
930516449
654882133
481826600
229443641
946020343
197871806
781143706
847240632
561573231
700978675
828706196
894895676
209262849
386602550
156925945
207441601
380375123
636175493
329851481
762636968
323455767
578551451
175592149
816844578
481411083
915210816
764687984
722749045
563844353
206386195
843893223
758350760
334801889
158746459
386159574
595745475
595588541
625594735
18075276
740333544
249343609
444759882
680173045
571920659
688911578
572704663
144882816
713331999
125730056
202899501
726578822
30648917
907735832
597317224
701485867
652316834
365434493
316356687
149871562
822989789
546660892
950863501
321581580
32800061
662320877
746545623
804441497
424459458
552963691
384337201
545148297
578583560
146912395
287935024
936460520
88395066
870117255
892860402
357431980
770812022
357088619
58261710
903734977
330205635
438353871
702507653
120807646
545914857
2100695
15158410
659058553
808898148
485460564
376139606
760322717
33743595
57303777
310205812
643134809
453444446
260413540
257141236
195753576
941140381
776348464
453274983
306530213
641718524
981027113
725851977
179068514
755911250
96939345
113895032
114706346
241844194
667645856
542250180
28006017
956446570
372266839
555510864
438254684
515140246
136376111
7936149
418512782
203979499
179753841
753863886
936682163
460241682
556584303
253659626
843705080
413878077
990093723
531476520
944879475
632864565
448974062
922502603
513741933
805079381
290355978
74380785
936535354
583224375
508044710
434313650
274368741
415274553
243881394
99373404
226189324
590758352
329303005
145409861
41073598
684610418
