 5998
 1624
 5201
 2163
 8648
 3074
 9927
 2151
 1029
 1330
 5335
  370
 3326
 8434
 7067
 3465
 7963
 5590
  147
 3702
 1370
 4393
 1329
 2769
 5164
 2507
 5594
 7716
 7779
 8022
 4109
 5225
 8846
 8650
 8146
 4233
 3503
  750
 4587
  908
 5697
 2265
 5749
 9462
 9050
 9343
 7932
 6085
 2600
 6423
 3333
 3738
 1262
 8320
 6783
 6359
 1372
 8107
 2112
 5145
  898
 6930
 3306
 6357
 2053
 2161
 7307
 4703
 1849
  166
 3932
 4593
 5914
 7406
 1247
 1162
 5706
 1383
 1548
 5534
  215
 6404
 1064
 2473
 2215
 1524
 5797
 9427
 8949
 3903
 2889
 6015
 5418
  658
 8669
 9619
 2299
  339
 5022
 1035
 5956
 7096
 9991
 7705
 8255
 6537
 4976
 8446
 2513
 3331
 7785
 7774
 2551
 8443
 5575
 6385
 6157
 1790
 2276
 6260
 4441
 8057
 1472
 5929
 3807
 6355
 8306
 2656
 3366
 9785
 3200
 8013
 5026
 2237
 5254
 3097
 1957
 2946
 9850
 5848
 1480
  361
 3648
 1013
 2606
 8692
 9768
 8109
 8461
 4888
 8634
 4165
 5427
 8140
 3504
 4622
 2328
 5592
 8778
 5874
 8716
 4012
 7389
  600
 7922
 6201
 5810
 7222
 9160
 8068
 9364
 8540
 5374
 3053
  831
 8294
 5972
 5849
 5911
 3158
 9094
 6203
 1447
 1043
 9889
 9192
 8181
 8115
 8632
 9199
 6362
 8187
  982
  532
 2139
 8813
  657
 2421
 7196
 8164
 6005
 8499
 8823
 3602
 8262
  650
 3137
 6770
 1017
 4485
 1338
 4793
 7751
 3888
 1102
 8067
 3447
 9911
 5950
  116
 1281
 3784
 6154
 9694
 1887
 4738
 1587
 4649
 5800
 4998
 9391
 3049
 7530
 4426
 9502
 8131
 1434
 2413
 3811
 7167
 8300
 7314
 1552
 2134
 4570
 6769
 7230
 1096
 8738
 1311
 2069
 4160
 3467
 1744
 5941
 2978
 7506
 1122
 8040
 3371
 5119
 6669
 2254
 9264
 4467
 4242
 4539
 7213
 7493
 7048
 5464
 1184
 4679
 7557
 5664
 3162
 5947
 7637
 8580
 5221
 8063
 1352
  206
 9420
 9431
 4760
 9763
 3681
  911
 1067
 6826
 8017
 4736
 2029
 6227
 3325
 9664
 1475
 9142
 8397
 3491
 4268
 8978
 9729
 3618
 7310
 9061
 8844
 1900
 2348
 2326
 5063
 3646
 3461
 2201
 2722
 1741
 9405
 4107
 6528
 8977
 3320
 5034
 1021
 2706
 7514
 5380
 4372
 7936
 5098
 5152
 5596
 3659
  931
 2018
 7976
 2325
 4390
 7992
 8830
  720
 3857
 4734
  304
 8645
 4847
 3918
 4769
 1477
 4972
 7619
    5
 1902
 4555
 9771
 6673
 6739
 5702
 7370
 2535
  405
 3876
 4668
 8598
 2381
  969
 7285
 6660
 3231
  954
 4624
 5890
 7735
 7491
 6774
   62
 7782
  466
 1275
   14
 5850
 7127
 5727
 9430
 1825
 2814
 9339
 8938
 4322
 8518
 3313
 6591
 3939
 4530
 7355
 4418
 2559
 3172
 6516
 3756
 6337
 6317
 4032
 5113
 9179
 2702
  586
 5635
 3870
 8135
 9127
 4825
 1737
 8764
 9066
 6119
 6108
 9154
 8416
 5345
 8136
 7810
 4694
 3270
 3033
 3761
 6922
 7422
 7482
 9696
 3771
 9131
 9697
 7616
 7125
 7131
 9249
 2582
 1974
 1610
 4229
 3496
 6977
 7628
 4127
 7878
 9594
 8021
 5168
 8351
 8569
 4655
  155
 9972
  671
 4208
 7542
 7624
 8129
 2867
 9734
 3627
 4836
 1326
 4864
 3652
 8965
 9613
 1775
 2476
 4040
 2095
 3358
 2279
 4194
 5002
 6403
 9167
 3692
 6641
 8577
 9101
 9701
 5268
  119
 1119
 5783
  758
 1772
 4775
 1635
 6760
 7840
  223
 6832
 5686
 7021
 1185
 2736
  879
 9006
  491
 4435
 1443
 7343
 5515
 4788
 6347
 7189
 2645
 7336
 9872
 1711
 1563
 5796
 5401
 6973
 9356
 8299
 9158
 5324
 8250
 7883
 7005
 6919
 8920
 4461
  902
 7575
 1522
 9327
 9903
 2433
 5968
 1267
 8408
  633
 9615
 1988
 3909
 2399
 4402
 7997
 2347
 8718
 7856
 3134
 6329
 7758
 1770
 8059
 2887
 5222
 4536
 9832
 6566
 4338
 4535
 6912
 5206
 7414
 7772
 2087
 6016
  416
 2042
 4590
 3109
 8541
  373
 9780
 7388
  648
 6499
 3274
 7232
 1271
 7829
 6830
 4275
 3015
  721
 1891
 9240
 5841
 9034
 1023
 6979
 5013
 3005
 9471
 4199
 6712
 1886
 2342
 2290
  763
   63
 8668
 8724
 6775
 9030
 1967
 6671
  467
 3747
 7681
 3286
 2233
 7538
 2132
 1750
 6723
 7410
 8038
 4345
 9992
 1041
 7419
 4890
 9532
 5580
 8291
 2122
 5031
 6617
 6410
 6451
 8572
 3042
 6475
  523
 1787
 3059
 4039
  277
 2848
 5192
 2697
  765
  207
 3321
 3626
 8796
  809
 5912
 6089
 8267
 8971
 2979
 5473
  148
 6019
 2565
 4496
 3377
  226
 7739
 7425
 9251
 3599
 6171
 1249
  701
 3751
 2904
 9076
 7042
  817
 5513
  283
 9866
 2603
  454
 3656
 6821
 8148
 6467
 6862
 8172
 8909
  667
  694
 9342
  253
 9270
 8078
  173
 8029
 7516
 5576
 6246
 6449
 8126
 2458
 7372
 9374
 9463
 7781
 3055
 4267
 6797
 2549
 6408
 7121
 3380
 9412
 2049
 8429
 8430
 1089
 8992
 3596
 3261
 1684
 7549
 9478
   35
 6991
 6532
 8293
 9253
  559
 4230
 4352
 9652
 5200
 6890
   55
 2827
 1088
 8929
 5368
 8829
  526
 7899
 1834
 2050
 2275
 6941
 3000
 4937
 2194
 8390
 7579
 2662
 7291
 5506
 8797
 8287
 3861
 5159
 2768
  498
 8914
 6257
 4132
 2556
 8839
  665
  771
 5472
 9737
 3016
 9460
 8364
 9660
 5299
 4385
 5215
 9626
 6620
 3103
 4406
 6604
 6289
 8886
 6240
 1033
 2511
  999
 1205
 4198
 6893
 1272
 3506
 7833
 6535
 3363
 1733
 6945
 3410
 1127
 5530
  115
 7848
 9813
 3953
 7369
   40
 5825
 9042
 6335
 2713
  378
 8611
 9740
 8348
  890
  457
 3357
 4135
 6431
 5416
   82
 9439
 9929
 4712
 1542
 2319
 3732
 8720
 4250
 8120
 6377
 9833
 1429
 8229
 3531
 6747
 1024
  462
 5985
 9289
 7645
 4766
  541
 9149
 3829
 3066
 5851
 6879
 1107
 1867
 2125
  264
 7801
 8286
 5509
 8020
 4823
 3446
 1683
 6314
 6168
 7587
 2510
 9755
 6752
 2741
 8099
 3068
 8745
 1027
 7363
 7795
 9749
 8394
 6896
 3525
 8478
 8269
 4501
 6245
  366
  212
 1436
  534
 3834
 3052
 5675
 8889
 1987
 9291
 7981
 3558
 8852
 7631
 3020
 3500
 8926
 5779
 7980
 1405
 9617
  781
 4118
 6881
 9461
 7452
 3565
  233
 1963
 2781
 5954
 8236
 8818
  483
 1783
  877
 2238
 2262
 3788
 8121
 2106
 9714
 1301
 7852
 2357
 1044
  681
  591
 2977
 8840
 7098
 7332
 6336
 4182
 6442
 7768
 3521
 2407
 5696
 3855
 4450
 2143
 2621
 2982
 8607
 7931
 8532
 8571
 4157
 9337
 3165
 4954
 3396
 7455
 8346
 2651
 3798
 3498
 7154
 5784
 9028
  184
 6480
  952
 1457
 9467
 7011
 8389
 9477
 4746
 4490
 5844
 9466
 3259
  995
 5027
 8253
 2406
 6666
 9269
 2183
 5329
 3621
 1337
 1835
  235
 2344
 8327
 5037
 5883
 9707
  751
 4707
 3490
 6846
 6738
 1909
 9858
 1710
 8489
 3848
 5360
 1989
 3401
 2496
 2512
 4466
 4371
 4944
 9934
 6716
 8867
 6520
 5774
 1022
 6793
 1034
 3724
 9931
 6269
 3721
 4870
 3638
 9000
 7866
 2232
 1462
 3956
   58
 5133
 4172
 5025
 3576
  888
 4295
  709
 7179
 8961
 6729
 5858
 5032
 8999
 1933
 4576
 6856
 9499
 4970
 5535
 5728
 7668
  518
 2976
 1686
 3597
 4826
 1318
 2371
 4685
 5864
 9235
 3714
 5923
  381
   66
 4074
 2869
 3566
 1765
 1282
 8596
 1208
 5566
 8467
 3578
 9341
 5916
 6957
 8119
  403
 2092
 1310
  429
 9852
 4566
 8436
 2552
 1643
 3105
 1364
 6279
 8925
 6261
 3347
 6623
  231
 8832
 8983
 2083
  990
 8268
 9761
 8676
 9017
 3219
 4811
   65
  471
 6871
 5451
 9084
 2936
 1662
 6483
  408
 9043
 1786
 9518
 9038
 6857
 5792
  227
 1390
 1395
 5020
 4572
 8208
 6916
 8979
  128
  546
 5081
 7186
  380
 1392
 5751
 3245
 9488
 7524
  552
 2451
 2355
 8896
 6742
 4604
 8990
 4163
  844
   97
 6340
 4925
 3453
 9472
 2844
 6935
 9803
 6416
  220
 4280
 8918
 5396
 5453
 7560
 4408
 7319
 6725
 4654
  764
 1681
 9314
 8872
 4126
 9223
 9956
 3794
 3178
 7731
 5277
 6745
 4382
 3667
 1883
 7507
 8787
  695
 9657
 8857
 5842
 4431
 1237
 1688
 8602
 4343
 8613
 2835
 7998
 4090
  755
 2447
 1959
 8701
 1459
 1469
 6696
 8048
 8757
 5555
 9593
  767
 9575
 1976
 8808
 2753
 9898
 8800
 7913
  761
 3116
 2041
  893
 2681
 1425
 7499
 2962
 2182
 9403
 2264
 3983
 8995
 5271
 1631
 8282
 4652
 3549
 2747
  234
 7176
 2960
 5802
 4091
 6833
  666
 5662
 7023
 3539
 2035
 5616
  427
 4904
 4995
 7650
 7837
 4867
 4176
 4960
 5684
 8156
 9037
 5435
 1297
 9370
 8667
 9815
  965
 7937
 1924
 1519
 7862
 2401
 5763
 4095
 1028
 6455
 1239
 8396
 3553
 9500
 3629
 6927
 4213
 5124
 1246
 9228
 8957
 8552
 2871
 1878
 4581
 4138
 7218
  571
  312
 9001
 9186
 2495
 3395
 4739
 8118
 7597
 1198
 6081
 9126
 3878
 5249
 3697
 2101
 1110
 9193
 5787
 4967
 8985
  130
 8077
 9217
 6150
 7800
 6564
 2784
 5641
 9700
 4251
 8708
 4340
 8972
  840
 5944
 5888
 8807
 7320
 3473
 7537
 2054
 8809
  558
  175
 1306
 7466
 9429
 3368
 3546
 2468
 6734
  748
 3936
 1696
 8194
 5139
 9469
 2726
  981
 1742
 8685
 7140
 9097
 7063
   92
 5014
 1644
 6743
 9918
 1100
 1486
 2257
 2574
 8739
 5744
 6394
 1550
  159
 8089
 2333
 1901
 4359
 5265
  913
 3832
 2474
 7565
 7652
 3179
 7162
 4429
 7380
 5220
 3001
 2242
 7770
 7947
  450
  315
 1081
 8585
 7073
 8190
  628
 5386
 8248
 8862
 3356
 9091
 9836
 3696
  308
 9415
 2807
 1914
 8696
 7132
 7843
 3892
 7690
 8507
 4778
 7629
 2634
 1982
 8876
 3971
 9321
 2984
  804
 7070
 1634
 9329
 2482
  377
 2175
 3058
  852
 1388
 3493
 5008
 1189
 9798
 5296
 4868
 6206
 2952
 6600
 7144
 3563
 8940
 7192
   11
 1978
 6428
 8162
 8224
 5584
 1489
  993
 7900
 6971
 6835
 3712
 6838
 8753
 3604
 4211
 2678
 7830
 2453
 6114
 4506
 8526
 1800
 9052
 5446
 6488
 8110
 5438
 3929
 9358
 9742
 4361
 1155
 7415
 7397
 5301
 5738
 7815
 6704
  978
 2771
 7217
 9900
 7908
 8927
  259
 5536
  691
 4830
 7358
 6787
 5553
 2806
 7950
 4433
 2529
 4497
 9751
 6643
 3741
 3487
 4363
  169
 2097
 9557
  921
 6870
 8018
 3156
 3864
 6346
 2430
 5852
 4666
 4071
 9938
 8894
 3237
 4432
 6995
  632
 3477
 8331
 8993
 3860
 5790
 9908
 8333
  309
 2689
 8675
 4271
  282
  398
 7977
 6811
 3312
 2812
  418
  621
 5755
 7298
 4110
 4300
  104
 1813
 9272
 7911
 7442
 8966
 3207
  421
 3183
 3106
 6860
  619
 9807
 4756
 6571
 3389
 6430
   25
 2505
 4264
 5547
 5943
 7208
 2105
 9973
 9208
 3080
  647
 9573
 2617
 6421
   19
 8717
 7675
 6147
 5567
 6611
 8782
 2032
 5668
 6962
 8125
 9159
  869
 2057
 5936
 1442
 1589
 7859
 5764
  743
 9188
 5136
 4985
 9105
 7836
 1464
 2066
 4765
 4113
 6806
 8423
 6772
 1870
  769
 9322
 7578
 5601
 6144
  122
  292
 9524
 2701
 7467
 6495
 4377
 2536
 3891
 8672
 4755
 2135
 2079
 3122
 4297
 2943
  221
 4223
  186
 4939
 2809
 4915
 6923
 8703
 7056
 9353
 2296
 8163
 9201
 5057
 5646
 1728
 5679
 8633
 3264
 2644
 6291
 4584
 3201
 4068
 9103
 7744
 1922
 8260
 3955
 6985
 8604
 7040
 3283
 5448
 8704
 8608
 6122
 3194
 6868
 7826
 1956
 4080
 6514
  861
 6968
 3763
 6113
 9305
 8855
 8464
 3184
 6553
 5463
 4799
  414
 4817
 4595
 8145
 9225
 2225
 9773
 1093
 9046
 9219
  683
 8869
 9831
   41
 4942
 1588
 6330
 1114
 9884
 2373
 7100
 7009
 6371
 3938
 5434
 3666
 9221
  287
 4203
 4221
 3225
 9704
 7051
 6471
  610
 4669
 2051
 4880
 2014
 2167
 3960
 6184
 4407
 5786
 5403
 9527
 5700
 1607
  522
 1661
 1506
 4928
 2104
 3169
 2216
 7978
 2267
 6379
 2849
 6668
 8139
 9907
 9509
 2350
 5415
 3867
 5236
 3174
 6800
 6109
 2346
 3301
 1368
 5644
 6501
 4055
 3388
 7439
 2169
 1972
 9989
 9019
 8195
 4028
 3018
 5799
 8470
 9957
 8092
 2612
 8373
  808
 5877
 7706
 7399
 2386
 9702
  530
  847
 7359
  510
 4252
 5251
 3064
 9016
 8302
  375
 9404
 4940
 9004
 7122
 9169
 7929
 4202
 9261
 1454
 6384
 3012
 9206
 2211
 6222
 5628
 6634
 6998
 9446
 2857
 2940
 2780
 4688
 2334
 3379
 7457
 7283
 8854
  989
  189
  219
   90
 7331
 1283
 8976
 4927
 7676
 9089
 8403
 1682
 4195
 9035
 9368
 7453
 8629
 4350
 5834
 8411
 8407
 4313
 5645
 1709
  624
 9641
 3874
 6315
 7394
 8930
 5134
 1827
 4027
 4042
 6401
 5104
 4551
 9283
 1049
  422
 4155
 5028
 7254
 1354
 6194
 4616
 2776
 1000
 1220
 3329
 3647
 2916
 6944
 5544
 2120
 3765
 8225
 7653
  714
 3252
 4259
 8094
 5357
 2064
 2894
 9254
 5316
 8313
 5197
 2805
 9629
 3792
 4943
 3690
 4186
 2639
 9604
 4611
 1056
 7226
 9119
 7577
 5342
 7755
 7495
 8584
 2434
  487
  238
 4962
  284
 5176
 9667
  848
 2882
  461
 5672
 2497
 8555
 6581
 3438
 1955
 6761
  324
 3039
 6778
 9069
 9280
 8276
 6850
 1551
 3110
 6302
  779
 1994
 8034
 4759
 5392
 9138
 8513
 1995
 7463
 9802
 8831
 4820
 1387
 4521
 7068
 5623
 2380
 5256
 8653
 5673
 9100
 6689
 3278
 2246
 9897
 9968
 5137
 8566
 8357
   79
 7834
 6631
 9622
  801
 7498
   93
 7584
 3404
 7460
 2878
 8838
 8393
 5570
 9988
 5479
 3650
 7618
 8975
 5524
 1911
 5131
 7478
 6952
 9454
 8182
 3084
 9558
 4224
 5789
 5053
 8469
 9801
  857
 4509
 3222
  379
 6714
 9514
 8936
 7847
 2626
 1824
 2309
 2196
 3327
 5634
 5364
 6252
 3258
 7684
 4356
 1494
  718
 4574
  824
 7592
 4274
 6961
 9373
 9146
 4081
 6137
 2025
 4442
 3910
 6214
 4428
 9350
 4699
 5669
 1414
 7602
 5510
 8996
 3800
 6179
 3196
   70
 6152
 7000
 3803
 3711
 4051
 4058
 6744
 4311
 3118
 6132
 8521
 5981
 2704
  434
 6790
  839
 5603
 7020
 5461
 2306
 8943
 9021
 9666
 1397
   91
 3852
 8763
 6127
 2502
 9204
 5970
 6151
 1265
  468
 3661
  557
 9072
 4540
 1232
 9910
 7398
 9307
 2230
 7556
 3398
 1135
 3300
 8623
 3129
 2803
 2452
 1633
  368
 6730
 2063
 2418
 7917
 1594
 4346
 4234
 7279
   81
 6938
 7177
  431
 5528
 6284
 3213
 4305
 7322
 1233
 7535
 8548
 1816
 6310
 2517
 4184
 1206
 5816
 8740
 1431
 8615
  170
 2774
 4789
 3887
 9398
 6473
  802
 1969
 7926
 8117
 7115
 5001
 8747
 2369
 4637
 1046
 6072
 8173
 2445
 6022
 4916
 5321
 5847
  118
 6153
 3781
   53
 7933
 3476
 5773
  540
 5148
 9883
 8775
 5033
 7590
 9306
 4727
 2837
 2760
 1678
 8814
 1051
 7348
 4578
 2764
  249
  290
 8232
  651
 6271
 3686
 5507
 4035
 4625
 9582
 5187
 8534
 1674
 5748
 6174
 3384
  332
 2493
 5969
 4298
 2061
 1320
 3823
 2188
 5210
 7903
 2498
 5491
 5777
  239
 3886
 5908
 8997
  925
 6375
 2370
 7544
  415
 2989
 1693
 9357
 8998
 3947
  932
 4910
 4627
 6751
 1584
 8028
 9864
 2873
 6616
 3547
  585
  789
 2996
 4558
 9668
 8910
 6490
 4374
 9769
 4997
 9317
 8491
 3706
 3139
  584
 9282
 6510
 7771
 4905
 4162
 7071
 7989
 3315
 4348
 3251
 7424
 8680
 7942
 1030
 2395
 9614
 7362
 1258
 6195
 1545
 4326
 7032
 7895
  820
 5091
 1446
 5740
 2672
 3338
 5983
 7877
  698
 8899
 3745
 8559
 7128
 5827
 5203
 6352
 1882
 5921
 2459
 4626
 5429
    2
 9099
 8031
 1066
 1167
   87
 5543
 7181
 3963
 3256
 9601
 9111
 1616
 1778
 9891
 6615
 7490
 3528
 8670
 1236
 5595
 1092
 5746
 9173
 6816
 6824
 7346
 5047
 8665
 8706
 1850
 8440
 3175
  165
 1199
  882
 4877
 3790
 3944
 8719
 7919
 8438
 4455
 1156
 8543
 6798
 9921
 1585
 9220
 8546
 2146
 5971
 7634
 6238
 8178
 4752
 2480
  455
 9148
 7007
 9902
 5402
 1361
 1210
 6956
 4291
 2156
 1734
 9442
 9434
 1231
  255
 6829
 7954
 6232
 4210
 7351
 5831
 9608
 5924
 6900
 8810
 1120
 2961
 9607
  601
 4961
 7161
 2417
  492
 3159
 9544
  478
 5046
 3977
 4459
 3973
 4612
 4139
 7817
 3974
 2523
 2218
 1501
 2868
 9993
  342
 6915
 4124
 3164
 5558
 7814
 1266
 5492
 6334
  637
 4931
 4507
 1032
 5612
 2184
 2475
  517
 2440
 5407
 3801
 8222
 1004
 3115
 9086
 5233
 3098
 4592
 6012
 1619
 1065
 2335
 4689
 4670
 8659
  910
  961
 2187
 3818
 5713
 2737
 4375
 9308
 7180
 8969
 4460
 9144
 3422
 4395
 9361
  193
 6777
 8447
 4858
 1012
  346
 7106
 1094
 8859
 8756
 8402
 4553
 9519
 6690
 7430
 9194
 5487
 5682
  384
  236
 8919
 7086
   32
 5997
 4711
 6158
 2026
 7134
 8850
 1562
 2150
 7867
 2728
  151
 9053
 8296
 3592
 3945
 8234
 6609
 8728
 7325
  211
 9257
 9857
 1650
 4714
 1872
 5088
  605
 8501
 1541
 8806
 3524
 8681
 3908
  252
 1718
 7851
 6263
 3993
 8908
 8301
 9692
 6718
  181
 8413
 1657
 6686
 3900
 1538
 8425
 3783
 3062
 3128
 2193
 4351
 1295
 4562
 4493
 7330
 7172
 5468
 2578
 8134
 2504
 2630
 6183
 6542
 3935
 4384
 9867
 4588
 3227
  432
 7400
 7404
 8678
 4900
 7017
 3554
 2579
 9825
 3679
 1054
 8360
 6484
 9783
 3673
 2711
 9394
 1862
 2649
 1264
 3411
 3654
 1192
 7145
 7288
 6156
 5526
 6841
 7437
 7151
 3693
 7284
 8784
 5226
 3255
 7477
 9847
 8901
 6322
 7187
 7147
 5896
 7246
 3149
 1273
 2695
 1534
 6587
 6400
 6878
 3877
 4957
 5400
 8610
 6990
 5250
 7868
 2628
 3780
 2879
 9332
 4865
 3972
 9724
 3755
 7564
 7473
 6848
 5638
 7371
 9893
 4750
 8712
 6345
 1819
 8988
  862
 1186
  388
 1074
 3999
 8176
 8735
 3203
  456
 8877
 5320
 8442
 4605
  966
 4330
 5030
 4473
 6370
 5411
 6445
 8400
 4293
 3833
 4328
 3957
 6118
 9432
 1201
 1855
 4316
 6084
 9943
 8512
 4782
 8970
 6644
 7748
 3244
 1954
 9718
 7443
 9606
 1423
 6225
 8417
 8450
 1090
 3729
 3907
 6438
 7717
 6399
 7644
 9948
 7025
 2828
 7315
  314
 1875
 5991
  439
 6391
 1831
 9301
  537
 7469
 3305
 2030
 6149
 3239
 8384
 8805
  132
 9265
 8079
 7982
 8628
 2690
  182
 6842
 7245
  828
 1126
 5120
  940
 2925
 9124
 2263
 4673
 5593
 4335
 9474
 1830
 9610
 5930
 2096
 7166
 4828
 6264
  256
 4684
 6481
 5523
 3240
 8441
 3937
  599
 1505
 4166
 1491
 2039
 6914
 8786
 1999
 6164
 3082
 3651
 5761
 8382
 2353
 3569
 2668
 4062
 4048
 6888
 7660
 3927
 3894
 8217
 2654
 3249
 2251
 5430
 6078
 1567
 4832
 6397
 4299
 9819
 4038
 2411
 2285
 2840
 8456
 6437
 7327
 3687
  697
 1608
 6703
  428
 5428
 1499
 1238
 3459
 8087
 8216
 1996
 7951
 9490
 1448
 2731
 7253
 9637
 6039
 2841
 5469
 9741
 2500
 4728
 9093
 6818
 5289
 8422
 4187
 4045
 3295
 2880
  247
  288
 5409
 8755
 5539
 9901
 1085
 1599
 2423
 9323
  488
 9293
 1993
 5895
 6051
 6074
 2994
  426
 7046
 3517
  191
 9292
 9576
   27
 6855
 4729
 4357
 5692
 1416
 1278
 4946
 1869
 4041
 4837
 7420
 1367
 8578
 1907
 4844
 6513
 9917
 9336
 1761
 3308
 7985
 7418
 5253
 1284
 1079
 6628
  437
 8655
 4878
  594
  452
 1620
 2385
 6452
 8019
 6502
 5878
  511
 6333
 7066
 6889
 6308
 6646
 2003
 8798
 4936
 4993
 9421
 8130
 1598
  385
 1920
 8366
 3085
 5235
 6167
 3830
 1851
 8817
 5484
 1747
 2162
 1240
 9887
 7153
 4380
 4379
 1274
 4256
 9966
 9250
 8520
 9960
 8682
 7778
 4661
 1877
 2111
 5551
 5630
 2117
 5393
 5660
 8249
 8344
 5123
 8989
 5935
 8409
 9628
 5186
  785
 8372
 5043
 3112
 7209
 7488
 8362
   39
  587
 4704
 9781
 2965
 7158
 3108
 3668
 8882
 5039
 4498
 2078
 3777
 7828
 1642
 6026
 4037
 5549
 9178
 2963
 5715
 6529
 9598
 1604
 2118
 3449
 7293
 1952
 9437
 2712
 9401
   23
 1218
  805
 1983
 4193
 2470
 8193
 8252
 9932
 6554
 6925
 8964
 3776
  317
 2304
 4850
 2446
  157
 3550
 8231
 6115
 5346
 2266
 5657
 2351
  944
 9284
  653
 5109
 1169
 4800
 2735
 2384
 3991
 3779
 9676
 7509
 1433
  854
 4031
 1580
  135
  275
 9399
 9767
 4747
 3382
 6088
 9721
 4112
 7022
    9
 9063
 4468
 5617
 8941
 1476
 1080
  565
 6965
 9591
 5077
 6104
 9757
 9121
 5127
 7612
 9294
 8392
 5663
  811
 5456
 3733
 7639
 8974
 6582
 2913
 3501
 4069
 3241
 8341
 8179
 1190
 9855
 3316
  927
 6607
 4771
 7893
 3014
 8980
 8605
 7263
 1810
 4646
 1331
 2959
 2571
 6309
 3881
 8272
 6595
 9821
 5821
 9214
 8679
  433
 1360
 6417
 7338
 4002
 5304
 2655
 2168
 7215
 1411
 4835
 7085
 9117
 7157
 7708
 6188
 2358
 8437
 6443
 7805
 9487
  646
 5868
 3130
 5195
 8729
 8890
 8186
 7896
 1380
 6815
 3505
 2941
 8600
 7450
 2208
 5141
 1307
 1614
 1668
 6215
 2483
 9025
 7839
 7195
 6659
 2409
 9363
  865
 5934
  807
 4240
 3617
 1903
 6861
  830
  953
 4503
 2501
 7857
 3988
 8023
 7352
 2324
 3739
 5062
 3418
 1893
 3050
 6934
 3591
 9994
 3433
 7626
 4862
 5369
 3114
 9566
 9853
  494
 1746
  404
 7608
 5090
 1145
 8213
 7328
 6928
 1576
 3868
 7475
 7924
  202
 4123
 8733
 2691
 5208
 4499
 2846
 4083
 7696
 8654
 7794
 3806
 5334
 3633
 8586
 5945
 1848
 5397
 3730
 2429
 7743
 2872
 1547
 5979
 5325
 1260
  611
  142
 4827
 6196
 4873
 6053
 9837
 1470
 6803
 3552
 5405
 9114
 4547
 7257
 7791
 6851
 7876
 3672
 9905
 5518
 7568
 1386
 5782
 7221
 2223
 1532
 1474
 2721
 7480
 7907
 6209
 9636
 1515
 2858
 4930
 3828
 7235
 5086
 4447
  618
 9760
 7925
 2031
 6325
 6517
 1980
  190
 9275
  188
 3141
 8418
 7483
 5918
 7719
 1804
 6523
 9843
 9174
 1859
  473
 7846
 5828
 7212
 9620
 9027
 2308
 4307
 5903
 1227
 8147
 6050
 2469
 3770
 1676
 3494
  435
 1751
 6459
 9758
 8066
 3151
 8471
 3341
 3926
 7505
 1161
 6073
 7655
 2046
 9258
 7916
 7715
 9423
 5537
 5294
 1797
 2052
 5350
 4573
  567
 2521
 3799
 7566
 7271
 7964
 7701
 5234
 1209
  489
 6877
 6496
 7745
 2562
   56
 5952
 8554
 6450
 3314
 2891
 6038
 1450
 5266
 8259
 2915
 3273
 3364
   10
 4610
 1317
 2297
 9597
 9650
  872
 6820
 7994
  527
 3138
 5161
  947
 4780
 5739
 7426
 5666
 1243
 9008
 2250
 6135
 2830
 4643
 6555
 6048
 8946
 1961
 6764
 4515
 2716
 3167
  501
 2280
 3267
 5690
 4427
 5419
 4881
 3515
 6565
  531
  607
  337
 9032
 1304
 7819
 5422
 6733
  928
 6283
 5377
 9612
 8137
 5302
 6316
 7260
 7188
 6224
 1646
 4104
 3013
  853
 1739
 8646
 8449
 6193
 4986
 9986
 9766
 1841
 7329
 4136
 9987
 4991
 2204
 3670
 8363
 6698
 9998
 7601
 1649
 3772
 8774
 3043
 5807
 9447
 8963
 5470
 2876
 3385
 3774
  821
 5562
 4779
 6425
 6364
 5107
 3094
 8218
 4934
 1557
 7110
  592
 6588
 2968
 7237
 8083
 1180
 6602
 3970
 5412
 9848
 5475
 4701
 8621
 2843
 4149
  907
 7835
 9562
 6412
 7028
 3849
 5284
 9541
 9182
 8284
 5056
 4973
  797
 7341
 2519
 1970
 2947
 7390
 2170
 2933
 6645
 6067
 9944
 2993
  690
 6487
 1407
 1857
 1403
 4171
 6120
 3025
 2283
 6282
  525
 9605
 9152
 4860
 1856
 5389
 9190
 6939
 6823
 5279
 6478
 2605
 9290
 1488
  843
 2587
 8043
 1735
 9804
  539
 7864
 1917
 5545
 7259
 9682
 4568
 8843
 6590
 2424
 9775
 3964
 1601
 2269
 2227
  444
 1288
 8238
  351
 1823
 8102
 7474
  707
 2766
  986
 9092
 1287
 1723
 2745
 8737
 6321
 3752
 9456
  859
 3850
 8509
 3905
 1885
 7255
 1336
 8923
 9484
 2918
 7190
 5261
 2331
 4884
 6782
 7713
 9088
 7365
 1002
 4116
 1773
 7502
 3508
  369
 6002
 9165
 4897
 8524
 1068
 5457
 6869
 3148
   67
 4443
 5228
 3393
  590
 9295
 5173
  536
 8235
 1160
 6584
 8338
 1836
 5836
 6454
 3228
 4846
 7156
 4273
 9627
  505
  904
 3230
  589
 3168
 7064
  549
 2323
 4537
 1896
 4889
 2356
 1516
  248
 4662
 9730
 9691
 3819
 9827
  849
 8903
 6663
 3021
  602
  371
 4222
  973
 2632
 2286
 1805
 6872
 7207
 6101
 2321
 1087
 7225
 2465
 1937
 8760
 3915
 7476
 3913
  905
 5788
 2748
  638
 2577
 2467
 4148
 2056
 9571
 1854
  334
 2798
 8932
 4968
 4528
  983
 5588
 1171
 4288
 9371
  140
 1097
 9842
 1256
 1864
 3412
 9414
 5734
 4717
 3979
 3076
 4014
 4156
 1196
 1527
 8732
 5074
 7084
 6306
  934
 8278
 6622
 4785
 6383
 7863
 5017
  810
  343
  554
 8210
  909
 6054
 2581
 2717
 9083
  436
 3006
 2318
 7887
 9459
 8612
 5687
 9493
 2113
 6380
 6307
 2190
 8549
 8973
 4358
  640
  319
 8096
 3378
 7957
 5854
 5574
  766
 9147
 1226
 4452
 9300
 9974
 2569
 6665
 3536
 2593
 5183
  652
 9581
 5259
 9584
 5286
 7373
 4979
 2121
 8480
 8420
 6288
 2408
 9059
 6293
 7809
 9211
 3271
  306
 8792
 4565
 2100
 7591
 3450
 9723
 6436
 6290
  524
 6023
 9553
 6064
 9508
 8849
 9140
 4740
 4777
 1673
 1623
 6165
 1109
 9354
  739
 8482
 3337
 4003
 4170
 5609
 1998
 3180
  929
 6312
 7550
 4921
 2422
 1211
 3995
 8921
 5722
 9919
 8528
 1675
 8795
 2619
 3736
 5505
 8694
 6784
 9122
 5293
 4283
 9797
 9642
 7673
 8953
 3040
   76
 7277
 7270
 8545
 4906
 6921
 2991
 7638
  508
 7003
 3436
 5267
 3836
 2345
 3048
 5776
 1084
 6773
 2464
 5619
 4097
 9074
 7244
 6984
 8981
 4855
 1173
 7545
 4806
  516
  270
 9078
 4913
 4894
 3428
 3047
 7945
  521
 1677
 6715
  608
 7494
 7820
 1629
 1612
 2788
 4087
 8626
 3336
 3859
 7884
 4950
 1948
 6875
 7604
  267
 5083
 2926
  254
 3862
 8561
 4209
 9213
 3093
 2610
 6492
 8523
 3610
 5521
 9464
  883
 7117
 6776
 5348
 9849
 6338
 5319
 6652
 4115
 5730
 4841
 8861
 1349
 8128
  950
 8878
 6498
 8522
 8906
 9658
 1332
 1685
 5677
 4015
 1289
 8002
 1793
 3969
 1204
 4016
 3257
 5116
 9241
 3340
 5193
 6327
  756
  178
 4623
 8743
 4603
 2750
 5069
 4981
 8762
 9048
 5395
 9770
 5494
  746
 7972
 1568
 7596
 1478
 2126
 6100
 6429
 4953
 9756
 6918
 2942
 9347
 4718
 6463
 2924
 7569
 5269
 9595
 5276
 9939
 9128
 9393
 6982
 9486
 4794
 8958
 2189
 2836
 1638
   50
 2548
 1269
 8064
 7468
 3675
 3238
 8761
 9686
 8228
 1971
 9287
 7521
 8934
 3362
 8486
 6046
  776
 4948
 1202
  915
 4336
 7267
 8279
  850
 1776
 9949
 4554
 4020
 1131
 3019
 1412
 7853
 5649
 2613
 2195
 2339
 5306
 9281
 5465
 9369
 5421
 5881
 9139
 4639
  553
 2089
   96
 1702
 6785
 2870
 8880
  340
  441
  550
 6983
 9530
  787
 8157
 8241
 8825
 8432
 7822
 1104
 4145
 6605
 2815
 9861
 9384
 8913
 5819
 6885
 1595
 9489
 2172
 6465
 3376
 6406
 7522
 6903
 1207
   75
 5552
 8841
 7440
 3469
 6028
 2707
 6691
 4510
 7648
 8151
 4518
 9113
 2509
 2015
 4141
 7559
  881
 6237
 2615
 3582
 3220
 4541
 1335
 8758
 8614
 4476
 3299
 4544
  616
 5406
 7807
 6886
 9110
 6717
 7832
 8658
 6695
  933
 4803
 9633
 5381
 4681
 8468
 8353
 1224
 2787
 8410
 4153
 2441
 8581
 3758
 3805
  328
 8516
 2829
  161
 7880
 8713
 8801
 5519
 7508
 8799
 8085
 1124
 6874
 7747
 3391
 7492
 9786
 4154
 2720
 3100
 5949
 4440
 1667
 2011
 2921
 7295
 1152
 2819
 8673
 2259
 1005
 6094
 2863
 1277
 8046
 9715
  329
 3470
 2685
 3682
 5585
 5548
 3035
 9408
 6176
 7243
 3534
 9428
 5967
 4151
 1763
 6551
 7968
 6891
 4362
 5287
 2073
 3890
 6169
 8583
 7102
 8227
 7484
 5328
 5894
 8544
 9954
 8258
 8477
 6755
 8714
 3507
 1815
 3594
 5563
 4287
 2723
 2403
 2958
 2714
 2647
 4511
   60
  111
 5126
  503
 8702
 4571
 9822
 7080
 8106
 7065
 5015
  719
 6731
 2908
  922
 8011
 3248
 1807
  975
 4130
  476
 6859
 9577
 2389
 2972
 7588
 6198
 6440
 3934
 7991
 8535
 1188
 7027
 4462
 8928
   59
 5870
 5898
 6642
 6656
 5237
 5190
 9565
  458
 6407
 5095
  269
 9739
 4430
 2683
   69
  668
 1788
 9209
 3981
 4519
 8587
 4743
 9935
 3509
 5336
 1453
 8071
 8233
 4331
 1636
 3727
 8158
 7986
 1333
 4543
 2174
 1328
 9041
  682
 8939
  495
 2435
 2338
 4922
 7272
 7204
 1073
 6674
 5647
 8816
 8550
 2155
 5071
 1241
 7630
 2751
 7383
 6728
 8007
 7219
 1632
  150
 2456
  945
 2944
 2810
 3318
 9663
  680
 6133
 4309
 1069
 8414
 3869
 4949
 5154
 7816
 9625
 5016
 4474
 3502
 2360
 1385
 9878
  669
 9951
 8221
 7149
 1341
 9528
 9631
 2317
 1327
 4549
 1174
 6458
  423
 9611
 8873
 7252
 4879
 5495
 5542
 7454
  800
 5604
 4969
 6311
 5855
 4596
  659
 6831
 8588
 6374
 6093
 9649
 6580
 4120
 7241
 4642
  727
 8868
 7733
 9351
 1077
 3173
 2506
 9589
 3242
 7750
 8557
 3837
  901
 9546
 7077
 9720
 1141
 4376
 9015
 3600
 1003
 2765
  660
 8492
 2859
 7526
 3090
 8705
 9233
 8345
 6099
 6047
  533
 6887
 2278
 2002
 5012
 5275
  535
 4816
  814
 9162
 2864
 3152
 1833
 3793
 7910
 4552
 7256
 1116
 8426
 1151
 4819
 6828
 3311
  762
 8487
  129
   86
 6040
 3720
 2377
  752
 1895
  745
 8036
 8771
 6640
 2875
 4422
 1117
 4680
  463
 4180
 2909
 4131
 7892
 9136
 3586
 5989
  445
 9296
 5156
 1040
 5902
 7324
 1752
 5887
 6008
 5591
 4632
 5568
 8582
 8500
 1503
 5379
  777
 4971
 2524
 7527
 4757
 7344
 3495
 4076
 5209
 8483
 2114
 4557
 3875
 7487
 3773
 7886
 5869
 4191
 4451
 5188
  577
 2432
 5803
 2439
 4791
 9267
 3092
  401
 6241
 4007
 2532
 3786
 6974
 3233
 3769
 6681
 4179
 7289
 5223
  474
 9753
 2910
  528
  515
  261
 5707
 9349
 8693
 7872
 1011
 2729
 3104
 4369
 9874
 7663
 8280
   48
 1647
 9390
 3003
 7486
 9377
 9885
 4204
 7593
 4197
 7333
 8620
 2244
 4419
 1147
 1808
 9535
 1554
 4903
  997
 5143
 2273
 2372
 2987
 3962
 8649
 4101
 3117
 2207
 8154
 4810
 1791
 1095
  998
 6612
 7914
 2427
  271
 1748
 4630
 9681
 4564
 2761
 8104
  741
 2724
 3916
 3919
 4767
 7249
 3434
 6361
 6350
 9326
 5785
 6130
 1881
 5076
 6552
 3170
 7558
 2034
 8142
 1626
 5830
  736
 2490
 3812
 1539
 9504
 1904
  143
 1732
 5978
   72
 9450
 6741
  732
 6574
 5217
 4263
 5571
 3113
 3400
 5829
 1915
 4735
 1449
 2756
 3925
 1729
 2088
 2974
 6243
  383
 4284
 2515
 4354
 3322
  636
 7683
 3532
 6589
 2363
 8721
 8754
 2789
 5953
 6967
  572
 2253
 5904
 3742
 9040
 1314
 6638
 2659
 1493
 6456
 3451
 6091
 4245
 1148
 3072
 5248
 6319
 3699
 4656
 6521
 9455
 9109
  615
 6341
 6219
 7740
 6217
  242
 6278
 3775
 7724
 3817
 5529
 4413
 1861
  244
 6700
 2611
 2618
 8035
 6802
 2528
 8870
 4732
 4173
 2560
 6697
 7405
  641
 9764
  703
 1374
  734
 3879
 8343
  886
 6274
 1316
 3359
 8237
 4751
 5383
 3557
 5541
 7142
 2020
 1481
 6031
 1652
 1697
 2197
 6386
 7114
 6576
 7737
 2152
 7562
 6001
 5041
 4559
 7306
 3464
 4303
 7838
 3709
 8551
 2773
 5204
 9026
 8012
 4248
 7548
 3529
 4017
 8114
 6624
 7391
 5344
 6318
 1814
 2883
 3950
 1225
 7621
 1305
 6556
 7617
 6035
 4421
 6270
 8630
 3302
 7904
 8033
 1806
 6253
 9150
 7661
 8444
  563
  627
 3628
 4660
 6947
 4708
 8155
  358
  754
  199
 7178
 6950
 9812
 9674
 7643
 8917
 2108
  529
 4265
 1573
 6904
  194
 1422
 7092
  845
 7953
 2749
 3297
 7201
 6749
 6895
 7534
 6083
 1540
 5480
 1784
 3440
 2586
  425
 9906
 4722
 3841
 8149
 1637
 3460
 1253
 8371
 3124
 1832
 6472
 4849
 9873
 6924
 6839
 7571
 8689
 1427
 8933
 6592
 3954
 8766
 2001
 2192
 1905
 3008
 6216
 8111
 9693
 5845
 2428
 3625
 9112
 4700
 4215
 4237
 2903
 1892
 6722
 2754
  813
 1919
 9510
 1393
 6419
  347
 3079
 5762
 4060
 5909
 3978
  262
 9712
 4792
  780
 1484
  710
 6286
  792
 5919
 7182
 4482
 5579
  988
 7763
 8594
 7659
 3921
 7642
 1038
 7605
 1222
  964
 3718
 6632
 3088
 4935
 7825
  942
 5718
 4815
 8003
 3206
 7062
 2853
 3678
 3332
 9262
 1660
 2284
 7622
 4414
 2824
 3317
 2005
 7812
 2594
  391
 6197
    4
 1048
 1099
 6637
 9950
 7105
  183
 8191
 6102
 3816
 7211
 5653
 9013
 6332
 2955
 6139
 5151
 5354
 3632
 4731
 3883
 1398
 9512
 2518
  717
 1758
 7694
 8399
 7224
 6796
 4246
  673
 7882
  684
 8565
 6413
 6187
 6688
 8991
 9425
 4709
 7501
  692
 7008
 9065
 4838
 1779
  519
 1142
 9320
  866
 9923
 3826
 7928
 7646
 5297
 2013
 9081
 9362
 4693
 9344
 6159
 1679
 5520
 7349
 7901
 2865
 5572
  196
 3898
 2412
 5300
 6249
 8794
 1569
 1943
 6898
 3731
  447
  179
 6381
 5905
 5232
 8138
 5382
 4425
 6086
 4745
 3426
 3723
 1343
 6599
 9800
 1132
  943
  561
 3188
 4167
  141
 3510
 3425
 8084
 2302
 6262
 8730
 8062
 1600
 8124
 7275
 7718
 7258
 1345
 6635
 4883
 4329
 5516
 9268
 9273
  320
 3075
 2307
 1931
 1270
  974
 4758
 9689
 5879
 2818
   71
 3479
 4029
  127
 2181
 4185
 1468
 7665
 3734
 1968
 8474
 3345
 5227
 8451
 8865
 3289
 8209
 3022
 1944
 1690
 2071
 6128
 2322
 1605
  333
 2938
 2625
 3715
 1630
 6909
 8759
 9492
 2268
  782
 2416
 5951
 1193
 6273
 3263
 8122
 7366
 8076
  795
  564
 7335
 1083
 6577
 8204
 6143
 7662
 8617
 3185
 9985
 1216
 4337
 8883
 7006
 7268
 5214
 6511
 5632
 1356
 9603
 5101
 2241
 6058
 3480
 3716
 2854
 2667
 5408
 8277
 3637
 6457
 5910
 3193
 9645
 1512
  424
 5533
  326
 6658
 1691
 3614
 7282
 2219
 8310
 6557
 7305
 6767
 6549
 6880
 4556
 1821
 3574
 5365
 8108
 3211
 8898
 6705
 6750
 4663
 2400
 1144
 5260
 8827
 3865
 3153
 6208
 1829
 7525
 7595
 4598
 3204
 1621
 4527
 6692
 2165
  121
 8640
 8845
 8167
 1106
 5021
 1508
 2642
 6275
 8315
  649
 8950
   85
 5683
 2954
 6540
 8220
 5939
  205
 9529
 3394
  971
 2477
 9995
 8323
 5867
 8445
 1292
 7340
 8642
 2563
 7111
 1703
 3966
 5169
 6702
 5557
 4306
 7553
 8589
 3373
 3272
 2838
 5771
 5618
  757
 8779
 9834
 7754
 5709
 4319
  938
 7137
 3622
 4672
 2658
 7734
 3218
 4796
 2710
 9677
 4050
 2801
 1716
 5670
 4609
 2129
 2394
 9325
  693
 7412
 4719
 6061
 9443
   22
 1975
 8652
  620
 1482
 5926
 8725
 8904
 8263
 4893
 7641
 3143
  674
 5658
 1842
  786
 5922
 1406
 3307
  330
 3764
 3452
   94
 4525
 6721
 1517
 5813
 4411
 5814
 5625
 9246
 2900
 1276
 3441
 4695
 5973
 4394
 9868
 8006
 4594
 8001
 1315
 6079
 6029
 1175
 1785
 8141
 9871
 4111
 7152
 8715
 7403
 8271
 7170
 9846
 9389
   44
 3294
 3009
 7698
 1101
 7296
 7057
 1228
 4659
 2166
 8603
 5129
 2922
 6491
 6071
 9690
 5079
 4094
 3424
 1759
 7083
 7697
 6233
  124
 3024
  775
 6070
 2981
 5626
 4400
 4387
 8334
  576
 4285
 8308
 3342
 3466
 8037
 1342
  481
 1483
 9653
 6390
 8954
 5723
 9635
 9967
   80
 5194
 5614
 5202
 5622
 5522
 9226
 4579
 4675
 7679
 2777
  477
  335
 7672
 4764
 9227
 2366
 8592
 4783
 3728
 2881
 7274
 3701
 3126
  885
 1559
 1071
 3147
 1415
 2158
 1016
 9047
 5556
 5198
 9335
 4955
  662
 8768
 6942
 5311
 4569
 1259
 7902
 3444
 2624
 7948
 4342
 8553
 9860
 2234
 2437
  399
 9709
 7231
 3432
 5550
 7940
 7357
 6654
 2261
 3796
 9481
 6239
 5794
 4617
 7300
  241
  794
  409
 3489
 9513
  167
 4349
 5965
 3815
 8459
 6858
  700
 2420
 6049
 2499
 6536
 4896
 4742
 9507
 6485
 4033
 6044
 9212
 4178
 9794
 2759
  214
 7858
 3369
 7934
 4067
 8391
 2636
 5517
 3212
 7727
 3990
 3760
 2969
 4137
 7354
 6795
 3912
 3281
 6972
 8082
 1358
 9018
 9451
 6191
 3759
 9685
 2448
 5072
 6670
 2466
 5044
 5752
 7146
 8504
 9237
 9023
  430
 4917
 4044
  892
 3810
 7015
 4487
 9698
 7585
 6547
 1803
 6997
 9978
 3057
 6411
 7753
 1706
 1705
 2698
 1082
 3522
 1555
 5798
 5661
 6706
 1801
 4006
  935
 7532
 7757
 6899
 5876
 6538
 9279
 4797
 5439
 9259
 3952
 2199
  573
 6045
 7620
 9744
  826
 9735
 9743
  598
 8780
  818
 2914
 7035
 2314
 1525
 3127
 5004
 1866
 2648
 6978
 1726
 5128
 4257
 5640
 4214
 6444
  753
  827
 1544
 5117
 3492
 8090
 3125
 1654
 3209
 9407
 7129
 9814
 3660
 9659
 8684
 4966
 6145
 4282
 3319
 5759
 5806
 9654
 8955
 2298
 7728
 5455
 6819
  815
 1873
    7
  991
 5693
 6626
 1926
 9862
 9695
 3895
 1215
 4258
 2494
 8196
 6124
 5805
 2107
 2405
 8074
 5615
 9079
 8697
 2177
 8435
  941
 9851
 9824
 2023
 5497
 5823
 4990
 7367
 7702
 4119
 7436
 2966
 1938
 5132
 7038
 1070
 9330
 6212
 4434
  164
 2171
 9012
 7935
  359
 4992
 9835
  625
 8463
 4494
  678
 8937
 5330
 5038
 3161
 8656
 5569
 9256
 7248
  174
 8097
 5974
 5565
 9315
 6041
 2209
 5712
  285
 2920
 2719
 2995
 6105
 3795
 5674
 9976
 3717
 6897
 1359
 4517
 9020
 4599
 9468
 9719
  822
 3809
 8361
 2797
 5023
 1564
 4477
  768
 4872
 5624
 6363
 5901
   24
 7214
  643
 2010
  294
 6682
 5656
 9480
 8812
 8597
 9941
 9297
 8836
 3303
 1529
 6068
 4078
 4589
 3976
 8401
 1768
  382
 2009
  187
 6106
 8891
 3949
 8339
 5049
 3842
 8723
 1689
 2540
 4001
  614
 9687
  672
  299
 5242
 5309
 9276
 4105
 5561
 6929
 9975
  642
  977
 2443
 9616
 9981
 5714
 2665
 2038
 9639
 9554
 2016
 6765
 4269
 9928
 4444
 3589
 6988
 6677
 9536
 9787
 4333
    8
 4644
 4026
 2596
 2396
 1658
 8691
 7915
 5637
 8517
 5388
 7519
 4696
 2534
 8905
 3889
 5167
 8476
 2743
 9578
   12
 4635
 5627
  562
 8767
 9409
  279
 1520
 8203
 9187
 8188
  972
 2072
 7614
 4619
  125
 3189
 7045
 3275
 8405
 2885
 2997
 8332
 4691
 1714
 2059
 8616
 2580
 2147
 8014
 4534
 3564
 2558
 5808
 8884
 8956
 2939
 5231
 9651
 8881
 9359
 6476
 9049
 2068
 4125
 9266
 4621
 4077
 1880
 6024
 6650
 1613
 8202
 3036
 7175
 3154
 8922
 5726
 2484
 1181
 4500
  963
 9588
 7472
 7647
 9655
 6575
  407
 9789
 8568
 2527
 7703
 3884
 3279
 1365
 2376
 8625
 1441
 4875
 6545
 2620
 1299
 2953
  406
  103
 9205
 4980
 3346
 2646
 9057
 2808
 4098
 7434
 1572
 5758
 5323
 3584
 1578
 9964
 5976
 5211
 9195
 4676
 8349
 5809
 1444
 4235
 6647
 6393
  705
 2094
 8982
 5606
 9210
 1248
 8510
 9044
 2622
 9056
 7113
 2537
 3820
 5011
 4261
 5373
 7091
 7712
 5913
 8143
 3293
 5157
 3253
 6766
 7988
 4415
 6037
 7294
 1492
 6758
 7448
 6630
 6593
 4852
 8026
 9338
 4386
 5376
 8295
 4483
 6661
 3448
 2185
 3782
 2024
 4266
 1802
 4856
 4920
 6683
 3607
 4022
 4761
 1410
 5703
 6470
  996
 2718
  146
  486
 5633
 4710
  629
 1498
 6170
 6579
 4410
 5343
 8180
 5599
 1078
 5375
 9496
 5092
 5695
 9135
 9009
  216
 8820
 6017
 8851
  860
 1060
 2312
 1118
 7036
 1072
 2149
 2391
 9033
 9733
 1713
 9947
 7890
 5737
 8661
 9075
 6461
 4201
 4423
 3658
 1874
 9829
 9107
 7385
 2758
 1510
 6432
 2727
 8212
 9198
 2080
 7292
 4892
 5698
 9791
 9153
 8856
 9170
 6427
   77
 1798
 2932
 3287
 9115
 4956
   38
 2375
 7135
 3437
 7311
 1528
 1602
 2173
 6561
 9011
 4748
 7760
 5897
 9570
 8619
 7649
 4882
 1606
 5710
 3942
 9024
 9014
 8622
 4561
 4947
 2109
 5281
 9971
 6230
 2410
 4647
 6266
 5313
 2573
 6107
 5975
 9990
 2951
 3698
 2277
 3880
 3032
 5252
 9618
 1309
 1001
 7927
 9979
 1837
 3655
 8826
 3904
 8935
 3157
 1777
 5708
 4560
 7687
 9912
 8243
 7879
 1055
 4520
 7572
 2742
 5899
 1138
 7429
 7318
 8538
 6190
 6003
 2271
 4533
 8174
 7741
 4416
 5511
 7946
 6771
 7999
 5066
 1244
 5351
 3840
 2008
 6837
 6349
 1146
 4583
 2292
 2402
 8858
 3866
 6951
 1037
 4887
 5291
 4692
 2291
 4453
 4989
 6901
 8160
 2631
 9177
  158
 7656
 1928
 7720
 5394
 9555
 5538
  724
 6949
 5332
 7234
 8942
 1396
 5327
 6175
 8472
 6794
 7033
 8793
 8307
  899
   33
 7266
 5042
 3513
 6864
  545
 9640
 8055
 9703
 1863
 4524
 1868
 3540
 8197
 3131
 5688
 4697
 8576
 1280
 3292
 2226
 8907
 9876
 2746
 5466
 6515
 4686
  806
 2077
 1039
 9312
 1818
 5988
 2202
 3630
  307
 6479
 6805
 3455
 6042
  356
  348
 4061
 6207
  131
 6625
 8101
 4327
 8027
 7607
 2602
 1026
 4567
 3132
 2084
 7962
 7041
 3081
 5450
 3896
 2927
  946
 7888
  924
 5639
 5426
 4683
 6519
 9440
 8169
  783
 2831
 9983
 4908
 2481
 1451
 9537
 3587
 5837
 7281
 6162
 5097
 9022
 5733
 9875
 4334
 1261
 8288
  222
 9234
 6639
 3463
 8781
 3674
 8132
 8960
 2426
 5070
 8804
 7323
  760
 7309
 4513
 2508
 1701
 4219
 6178
 3814
 6497
 1319
 5560
 9304
 9141
 4053
 2492
 4720
 2694
 2911
 9569
 1962
 8199
 6433
 4059
 2236
 3920
 4484
  217
 3367
 3348
  712
 3846
  251
 6780
 6994
 6788
 8987
 6482
 6007
 8318
 1812
 8177
 5310
 1930
  579
 5257
  900
 8206
 5801
  796
  930
  493
 6326
 6724
 6447
 4025
 6268
 5856
 3556
 8912
 5631
 7304
  842
  937
 8595
 5318
 4861
 3671
   99
 8105
  670
 3992
 6763
  185
 1817
 8590
 1424
 2919
 2037
 2693
 2635
  397
 4753
 1157
 7462
 5352
 7654
 4228
 9073
 5006
 6202
 1639
 4687
  177
 3676
 9745
 3580
 8887
 1187
 7058
 3324
 7885
 5476
   74
 1369
 5118
 9202
 2103
 9444
 4919
 2786
 6251
 6112
 1112
 3361
 5699
 1018
 6817
 8184
 9087
 4056
 9962
 8056
 4664
 4504
 9157
 8377
 3096
 6056
 8533
 5938
 2575
 5045
 7749
   51
 5278
  509
 9348
  352
 9501
 8657
 1194
  266
  331
 2145
 6378
 5893
 3481
 7251
 6236
 5582
 2133
 3691
 5720
 7119
 7515
  713
 5010
 9688
  916
 7898
  291
 5500
 5459
  442
 3070
 2124
 3804
 5482
 7031
  372
 9551
 8709
 5338
  393
 1890
 2520
 9747
 5177
 9388
 6382
 3419
 9543
 3567
 7736
 9007
 4615
 4161
 7678
 1363
 6018
 3608
 7183
 9892
 2248
 4475
 1250
 1123
 4226
 1426
 7677
 7024
 5121
 9955
 2033
 2007
  868
 8205
 9402
 7233
 4874
 1115
 9684
 5112
 7581
  482
 4392
  390
  604
 8311
 6010
 4472
  957
 1916
 3843
 2674
 4207
 1213
 8381
 9498
 4805
 3523
 7193
 1965
 4011
 3664
 5937
 5230
 9129
 8322
 3136
 4911
 2274
 7097
 2547
 6057
 4620
 2811
 6448
  595
 2670
 7269
 4364
 2861
 4909
 3065
 7061
  926
   46
 9005
 5163
 3291
 2281
 4790
 7786
 2775
 6849
 2733
 5349
 8370
 3330
 2012
 4225
 5586
 8376
 5413
 8644
 9216
 6999
 2487
    3
 6685
 5454
 6867
 1479
  891
 7089
 4089
 6234
 5765
 8375
 9869
  959
 2934
  841
 9925
 5577
 1507
 2231
 6469
 3485
  506
 5659
 8893
 4381
 1844
 4845
 4781
 9630
 5747
 8189
 1137
 9036
  475
 1845
   28
 4958
 8000
  459
 2062
 6043
 5019
   29
 1553
 3415
 9624
 2890
 1549
 6762
  229
 7228
 8700
 3435
 7082
 4833
 6200
 5102
 9379
 9151
 2255
 2526
 5757
 3250
 3041
 1888
 5958
 9417
  136
 6908
 2730
 4891
 7503
 5150
 6883
 7173
 6199
 2589
 8874
 1111
   57
 7971
 7640
 1321
 7356
 1302
 2790
 4471
 8473
 9448
 5498
 9517
 4577
 1053
 7586
 6358
  733
  200
 5238
 7470
 9134
 1627
 9345
 3403
 5283
 3778
 1456
 9045
  723
 6211
 2336
 8273
 7458
 1913
 3575
 3767
  749
 8091
 7869
 5445
 5766
 6004
 2294
 7845
 7730
 2637
  903
 4489
 5907
 6254
 5583
 1058
 5326
 3657
  500
 5179
 3266
 9977
 2153
 7148
 1570
 3735
 9574
 5608
 2842
 5372
 1618
 7570
 8328
 6080
 2541
  402
 6033
 8223
 1811
 8664
 7264
 4096
 7191
 2404
 6882
 6801
 1579
 8170
 8336
 1291
 6678
 5003
 6970
 6583
 6365
 9531
 5833
 7423
 2522
   42
  798
 3982
 4304
 1140
 3831
 6756
  747
 3235
  208
 6439
 9334
 5391
 3754
 4772
 8695
 3069
 3616
 6134
 7871
  588
 7594
 9895
 2896
 4923
 9623
 2970
 3343
 9580
 8573
 1366
 6543
   17
 8503
  144
 7855
 2036
 9367
 6036
 6351
  543
 4278
  799
 8240
 4405
 4216
 5835
 6573
 2682
 5768
 3520
 7159
 8289
 6539
 4064
  570
  392
 5721
 5940
 2792
  622
 5735
 3399
 7376
 2027
 2045
 2221
 9383
  195
 6567
 4457
 9274
 9600
 6226
 5770
 7797
 4227
  374
 1571
  967
 4021
 1019
 1063
 3725
 8529
 9197
 1086
 5512
 9638
 4353
 3559
 9776
 8098
 4821
 4840
 8770
  286
 7796
 1113
 1665
 6255
 9838
 9828
  725
 1755
 3996
 2686
 2692
 4292
 1597
 6884
 8593
 9585
 3454
 5742
 5527
 2442
 2364
 9969
 4339
 7600
 4657
 8312
 9722
 5817
 6822
 4648
 3516
 5875
 7943
 7729
 1669
 1346
 6657
  663
 1149
 4244
 1717
 9922
 6518
 6847
 4601
 9143
 7438
 1229
 9411
  387
  302
 4613
 9319
 7095
 1487
 3120
 8257
 5812
 6339
 8452
 3989
 6814
 2990
 7769
 4586
 5122
 1796
 7075
 5717
 3930
 9596
 2599
 5671
 7428
 6812
 6441
 5886
 3468
 8690
 4804
 8772
  880
  738
 6474
 9945
   45
 5029
 9473
 2457
 6323
 9003
 6277
  364
 9494
 2629
 2956
 3631
 4951
 9104
 1671
 6907
  835
 9302
 3102
 3858
 3488
 2570
 7059
  726
 6229
 1389
 4102
 3328
 3612
 2159
 7518
 5471
 7449
 1103
 5681
 9839
 1339
 5840
 9491
 9525
 5425
  706
  341
 2664
 7808
 6301
 6558
 5009
 9564
 9568
 8326
 7599
 5711
 1615
 6069
 4721
 6676
 3824
 5303
 6453
 3662
 1592
 3354
 5987
 1303
 8744
 1455
 3571
 7164
  542
 8460
 8387
 7312
 8374
 3791
 7804
 1371
 4607
 3123
  101
 4212
 9583
 8159
 8150
 1846
 9915
 7130
 4902
 5298
 6235
 7881
 7589
 4631
 5371
 6568
 2340
 4812
 6387
 8542
 4391
 5962
  889
 9547
 3051
 5795
 6295
 6367
   36
 4279
 3087
 8309
 1708
 8947
  864
 6726
 2832
 9550
  951
 6505
 8888
 7377
 6092
 1565
 4262
 1471
 4795
 8892
 1350
 1158
 8457
 8688
 8069
 2585
 7905
 1822
 1908
 7194
 5960
 9772
 5125
 2895
 8466
  737
 9310
  555
 5099
 6825
 7844
 8226
 8303
 2985
  583
 1583
 7261
 3073
 7171
 4802
 1927
 1200
 3442
 8968
 3808
 9039
 3483
 1722
 7873
 5995
 3408
 2359
 3372
 3538
 5437
 4140
 1136
 6405
  687
 5424
 7037
 2138
 5587
  273
 8788
 5767
 7155
 4636
 6975
 8879
 7060
 4206
  386
 4698
 7823
  851
 4373
 9106
 2821
 3334
 2085
 3941
  210
 6707
 2598
 3285
 9675
  790
 3214
 6034
 9916
 5196
 9930
 2700
 4653
 7636
  582
 8952
 1847
 9328
 9880
 8639
 2862
 3669
 4174
  980
 8261
  874
 8168
 1645
 4602
 3416
  867
  172
 8454
 8378
 5035
 2967
 9090
 7103
 4189
   34
 2021
 8324
  581
 3980
 8511
 4454
 2090
 2964
 2229
 2892
  544
 3740
 6527
 1466
 7993
 5832
 1437
 9567
 2935
 2851
 7912
 9255
 6737
 6000
  654
 9826
 2198
 8570
 7691
  497
 1843
 6244
 8086
 8488
 3439
 5213
 1379
 1176
  836
 3601
 2782
 2988
 6720
 1254
 9665
  914
 3095
  729
 1581
 4926
 9680
 7811
 7651
 7930
 1769
 9728
 2086
 4713
 1357
 5246
 8290
 7689
 6754
 7143
 3593
 9777
 9381
 5620
 4388
 7239
 8214
  958
 2191
  876
 4641
 3750
 1130
 5503
  939
  479
 5610
 7732
 1695
 8677
 1687
 8200
 9587
 9424
 5680
   95
 5443
 9242
 6627
 2826
 6353
 5486
 7054
 5957
 4144
 3344
 4448
 8479
 1511
 5485
 5791
 3431
 2609
 3943
 5199
 9248
 1217
 6181
  803
 3232
 6256
 9521
 5147
 4932
 5581
 5162
 9533
 7094
 7393
  198
 7456
  897
 2845
 1990
 2332
  139
 4724
 6892
 3585
 3429
 2017
 5449
 6525
 6759
 6435
 8050
 1941
 7777
 6840
 7136
 4092
 6781
 9538
 3029
 6032
 4099
 6931
 7401
 1762
 6809
 6486
 9333
 3901
 2986
 1640
 9549
 1698
 7141
 2115
 6507
 3512
 7529
 9183
 4959
 9961
 3928
 3713
 8072
 6987
 5087
 8885
 7123
   30
 7969
 8161
 5705
 9470
 9516
 2660
 1509
 3407
 9572
 6789
 1195
 6161
 6210
  548
 7150
 8641
 9621
 3689
 4323
 7133
 3959
 9980
 8010
 7909
 1720
 5410
 4310
 2419
 8527
 8547
 3825
 3863
  295
 6976
 7789
  770
 5871
 5244
 5292
 6177
 2983
  547
 8835
 2734
 7479
 2653
 6943
 9671
 4315
 7541
 9239
 8337
 1179
 7894
 1936
 5339
   64
 1377
 7247
 8254
 6136
 6098
 2971
 9137
  322
 3844
 5996
 8103
 2040
 3854
 2779
 4463
 4901
 2044
 3663
 9840
 2800
 6596
 5100
 7050
 7203
 1230
 7431
 7386
 4813
 2203
  728
 8329
 4052
 1840
 7974
  420
 1129
  731
  502
 9958
 5051
 9811
 6409
 4344
 8726
 2393
 3304
 1719
 6140
 9844
 5775
 4938
 6740
 5650
 7827
 8637
 1828
 6247
 4982
  176
 3004
 1098
 1590
 8207
 6853
  311
 8663
 5158
  126
 1656
 8749
 8352
 4253
  438
 1738
 2657
 5170
 7806
 2397
 8340
 9449
  201
 2082
  838
 6066
 6958
 3603
 3195
 5629
 4281
 4168
  243
 3160
 3611
 6166
 4481
 8748
 5724
 2378
  837
 2110
 2791
 5384
 8292
 9175
 2444
 8853
 7870
 9673
   15
 8419
 8671
 8065
 2489
 7543
 8283
 1789
 4491
 7465
 4260
 6025
 6303
 7030
  246
 4270
 9095
 2315
 9940
 1313
 7906
 5073
 6280
 6633
 7539
 7891
 7069
 9495
 7280
 8916
 8519
  994
 7160
  949
  301
 2287
 6396
 7174
 2568
 8834
 9397
 3061
 4249
 2715
 4871
 5573
 7297
 3296
 3499
 9002
 2450
 1820
 6027
 6424
  400
 3007
 2912
 2673
 4996
 7657
  791
 5218
 5185
 3350
  846
 8765
  163
  100
 7959
 7317
 4200
 2543
  923
 8734
 7738
 9395
 9634
 8239
 4532
  316
 4801
  730
 6192
  412
 5689
 2860
 5094
 5189
 8915
  788
 1420
 6155
 7081
 9155
 7563
 8325
 9592
 5080
 8335
 3609
 7613
 9340
 7101
 1593
 6550
 2874
 9779
 2043
 2917
 3413
   61
 9098
 1164
 6420
 3370
 1042
 2249
 6530
 3208
 3339
  688
 2778
  197
 1334
 2796
 4445
 4999
 9970
  716
  240
 8776
 2070
 3392
 6989
 7504
 1767
 5166
 4807
 9683
 5704
 5280
 1432
 6320
 9068
  171
 9999
 5861
 3827
 2516
 9366
 5928
 8783
  480
 3215
 2131
 9378
 3897
 1766
 6708
 6808
 6906
 9881
 7528
  465
 4912
 1566
  704
 2301
 5282
 3719
 7459
 5264
 3577
 2224
 8304
 7850
 9942
 3835
 4231
 7625
 8556
 7090
 7726
 6570
 9236
 7573
 7973
 2923
 4798
 2310
 8166
 4396
 5501
 2608
 2462
 5219
 3067
 8609
 7350
 8230
 7387
  699
 4301
 4159
  228
 9133
 6063
 8247
 2663
 6014
 8100
  260
 2614
 7783
 8562
 9809
 2677
 2431
 3511
 7523
 8579
 6526
 3351
 9890
 3636
 2235
 9882
 5340
 2564
 7262
 3899
 1308
 8330
 2006
 1408
 2157
 8707
 6186
 2839
 8484
 5743
 1715
  276
 1852
 1609
 1556
 7072
  566
 8481
 2374
 4049
 3967
 3948
 4866
 2661
 4914
  507
 1219
 6138
 7561
 2901
 3744
 7824
 2136
 7510
 5959
  819
 1865
  268
 3579
 7432
 9713
 7722
 9285
 3277
 1008
 5483
10000
 7093
 9180
 4848
 5312
 1170
 6493
 8627
 2930
 4019
 7818
 4255
 7112
 1467
 4629
 6926
  448
 5900
 3705
 9511
 5884
 5602
  355
 6732
 9406
  281
 3683
 2907
 4618
 6343
 6649
 6713
 2576
 4093
 9959
 8530
 6313
 7273
 4786
 6748
 7670
 9520
 9716
 7773
 2438
 6300
 1942
 8395
 3708
 9070
 2212
 9644
 9559
 8005
  895
 4143
 1212
 2804
 7704
 8601
 7485
 4824
 6827
 2816
 4314
 2485
  617
  773
 7965
 4128
 3375
 1401
 8563
 3229
 1591
 4218
 2387
 6807
 4009
 8494
 3038
 6709
 4241
 4563
 4458
 2028
 3462
 1906
 6369
 9738
 5140
 3893
 3269
 9726
 5966
 6541
  137
 7632
 2019
 3353
 3871
 7979
  735
  114
 7759
  280
 9497
 2245
 8848
 1139
 5442
 8039
 7623
 8539
  677
 7316
 2316
 2666
 3456
 5390
 4784
 7799
 5175
 8525
 6446
 5826
 8453
 4100
 7658
 5110
 7413
 1183
 9247
 8365
 5404
 6110
 3217
 6021
 6544
 5691
 1421
 7250
 7944
  896
 9656
 1898
 9933
 4286
 1150
 7699
 5440
 7674
 7725
 6710
 5933
 3605
 5559
 7695
 7921
 9311
 5458
 8256
 7707
 4146
 5490
 4843
 3845
 9750
 1009
 7923
 9540
 8828
 7511
 6963
 1958
 9465
 9505
 4321
 1031
 9661
 2688
  512
 4070
 4456
 6954
 1582
 6160
 2601
 5862
 1381
 2141
 4984
 4355
 2067
 5460
 7313
 7347
 3472
 1700
 9643
 2763
 2544
 2362
 7580
 8789
 5093
 2975
  612
 4854
 3641
 6955
 9360
 2825
 6342
 9203
 7168
 1061
 4650
 2460
  278
 2884
 5433
 7996
 8803
 6768
 4965
 7126
 1045
 8871
 6141
 8201
 2671
 1378
 8674
 3853
 4480
 6082
 3620
 1526
 2785
  213
 8837
 2055
 8314
  152
 5207
 7520
 2802
  443
 3624
 2591
  112
  920
 8428
 2060
 5859
 4869
 3644
 6966
 3191
 6836
 3030
 1324
 2757
 5362
 4133
 7321
 1518
 4863
  250
 9953
 3146
 2850
 6531
 8750
 6218
  639
 3514
 9318
 3822
 3497
 9299
 3140
 3581
 6185
 2390
 8686
 9523
 9245
 3873
  825
 9717
 1899
  145
 7787
 6395
 1884
 5982
 4383
 7767
 6163
 9263
 4522
 2799
  906
 7583
  357
 9778
 5144
  110
 4768
 7308
   68
 1560
 5667
 1458
 4079
 5824
 7798
 6292
 3598
 5180
 2243
 4859
 9118
 8219
 2293
 9924
 7206
 8242
 9669
 7055
 2213
 5731
 6287
 6844
 4924
 1699
 5075
 4857
 1838
 8727
 3402
  504
 7552
 7967
 8285
 6680
 4741
  203
 5993
 3677
 7721
 6116
 5607
 2752
 4550
 8699
 7265
  520
 3405
   88
 5906
 9116
 8866
 6020
 8113
   16
 2899
 7861
 6845
 4715
 7918
 1154
 1496
 3940
 5488
 2354
 5838
 5493
  310
  451
 9706
 1973
 6052
 5857
 6694
 5532
 2303
 3685
 6986
 4341
  626
 7118
 1052
 3519
 3247
 1921
 4220
 1997
 2542
 8032
 7531
 4030
 1680
 5889
 5241
 6095
 3484
 1168
 3284
 9796
 2320
 7496
 7339
 6076
 4658
 9548
 6522
 5417
 9648
 4318
 5036
 3555
 5048
 3645
 5892
 9218
 8502
 9795
 6913
  979
 7567
 3243
  349
 6418
 3606
 7016
 5055
 7784
 1561
 8431
 7692
 8081
 7756
  376
 4302
  440
 9380
 1010
 4397
 9120
 3060
 1347
 4438
 2144
 2217
 5931
 1252
 1664
 2140
  976
 6834
 4822
 5467
 2222
  894
 9080
 5288
 6969
 8537
 1596
 8508
 3757
 3181
 5178
  613
 4545
 1268
 9102
 4436
 2478
 5212
 3994
 2566
 3961
 6735
 7446
 4018
 7471
 7603
 3634
 3383
 8266
 9231
 1795
 3387
 2545
  365
 4600
 6672
 6992
 8911
 3144
 1400
 8421
 2893
  117
 1435
 2270
 1514
 3276
 9071
 8900
 7700
 7004
 6960
 2550
 9413
  303
 2584
 1340
 1577
 6608
 8742
 7421
 3542
 2696
 4546
 5089
 9453
 5925
 9185
 2093
 7001
 2525
 1166
 1622
  870
  630
 8433
 6366
 3588
 2583
 9816
  623
 1984
 8662
 5245
 5165
 1977
 3246
 9386
 9937
 7513
 6534
 7975
 1707
 3310
 7955
 4839
 6614
 9784
 4674
 4063
 8052
 2623
 2980
 8317
 6779
 6077
 3182
 9238
 9984
 8359
 7379
 4158
 5353
 5040
  265
 5114
 3649
 7169
 5999
 6402
 2973
 7938
 9458
 8123
 3737
 3653
 5205
 6959
 5182
 5815
 7043
 5317
 5108
 2210
 3694
 5333
 1376
 9678
 6524
 4439
 4469
 6062
 7303
 1351
 8741
 2200
 9805
 1858
 4829
 5420
 1143
 3199
 1257
 1495
 5436
 4754
 1050
 6324
 3474
 5554
 6389
 7576
 5050
 9545
 2595
 7236
 1255
 4952
 1348
 2454
  108
 8058
 7290
 9799
 1871
 2597
 1533
 1075
 7378
 1853
 8171
 6426
 5447
 7411
 9996
  538
 3150
 3202
 2091
 9762
 6675
  702
 2755
 6388
 4895
 4367
 3856
 8791
 8439
 5441
 4177
 1047
 2282
 6953
 4638
 6662
 1809
 5531
 8773
 2739
 6103
  679
  464
 7598
 3623
 5111
 2343
 8575
  395
  204
 5932
 9062
 3726
 6506
 8153
 3119
 3187
 6059
 9609
  225
 5355
 9418
 6854
 2679
 6466
 9808
 2572
 8030
 1753
  948
 8319
 9436
 3423
 5378
 4628
 8819
 3703
 9936
 2767
 8367
 8274
 1839
 7099
 8116
 6331
 8398
 9271
 5387
 4122
 3374
 7444
  513
 3063
 5613
 6873
 3813
 7345
 3171
 9029
 5052
 8863
 3548
 3381
 4317
 7039
 8379
 5191
 3290
 8536
 3946
 9904
 4024
  574
  778
 5184
 7019
 7018
 8015
 9286
 7889
 5243
 2455
 7395
 5860
 4640
 7609
  313
 2561
 7104
 5611
 2436
 8448
 9732
 3537
 5780
 4277
 4671
 2820
 6586
 1781
 6981
  224
 5005
 3562
 4424
 6618
 8355
 4043
 2906
 1879
 5174
 1413
 7952
 8790
 6221
 9482
 3386
 3560
 3089
 5341
 7761
 6220
 9542
 4933
 8275
 5263
 2368
 1165
 9060
 7276
 6285
 4437
 7547
 2300
 7481
 6276
 2352
 6508
 6902
 3034
 8192
 8342
  472
 7052
 7688
 6434
 2687
 2137
  722
 7074
 4464
 5452
 1521
 5719
 7301
  609
  884
 1294
 6328
 3355
 4034
 7278
 1172
  987
 9699
 7013
 4412
 8112
 4726
 1191
 7353
 1490
 3176
 9232
   31
  449
 8073
 3054
 7742
 6189
 9727
 2247
 3933
 7441
 7029
 6578
 3642
 9854
 4508
 6920
 8198
 5676
 7633
 3680
 4580
 5745
 1641
 1985
 5917
 7764
 6296
 9176
 9503
 4575
 8984
 4516
  812
  344
 2945
 1950
 6213
 5882
 9483
 6368
  192
  321
 7821
 4542
 2669
 6356
 3743
 2638
 8070
 7765
 5955
 2833
 6422
 1452
 4682
  887
 5307
 1876
 3268
 6667
 5258
 1991
 5994
 9224
 2949
 7792
 2822
 6398
 1325
 3802
 5130
 3071
 8246
 2732
 6172
 1774
 9375
 9108
 5398
 2076
  490
 2675
 5366
 2305
 1419
 2937
 6746
 9164
 4047
 9435
 4702
 9810
 4152
 8824
 7831
 3541
 7958
 4243
 3951
 1242
 9125
 4086
 3298
 7107
 1418
 1134
 4117
 8994
 6148
 6655
 2640
 5546
 8264
 1057
 2770
 1323
  160
 8558
 4614
 1918
 1463
 6937
 5525
 1286
 7554
 7762
 3198
 9230
 9416
 2075
 6231
 2897
 9982
 4898
 9793
 4470
 7939
 1384
  484
 6372
 9438
   98
 2341
 7775
 3885
 5359
 6030
 1951
 5678
 8821
 4072
 5067
  153
 4449
 6653
 5314
 9708
 8144
  237
 8127
 4370
 4142
 8515
 1439
  318
 7185
 1543
 8354
 5285
 7198
 2852
 8245
 3570
 4236
 3573
 9556
 4008
  360
 7497
 7752
 8016
 6865
  742
 4975
 4308
 3107
 7374
 3421
 2877
 4725
 8415
 9909
 8152
 7711
 4964
 3766
 8842
 5654
 1940
 9346
 4289
 1910
 7966
 7435
 9672
 6711
  645
 7360
 6248
 1399
 2554
 9997
 5078
   52
 3543
 1428
 8497
 6126
 1704
 8004
 7010
 4004
 3031
 3002
 9515
 3365
 6146
 3872
 3985
 5665
 1440
 1531
 6606
 8895
 5811
 7667
 4013
 1059
 3010
 4763
 5477
 5142
 5872
 8350
 7802
 4678
 4526
 1731
 2330
 7427
 2553
 2425
 6993
 8785
 6500
 1946
   20
  350
 9303
  470
 2676
 7489
 3722
 3236
 9355
 3390
 6392
 2486
 3882
 7396
 2488
 1344
 2616
 2592
 9586
 1530
 4254
 9298
 3282
 2256
 7956
 5474
 3572
 6373
 5356
 6173
 3192
 8731
 5818
  485
 1402
 4529
 4818
 7197
 5146
 6594
 3044
 5059
 5732
  258
 2000
 2288
 2258
 8404
  875
 3216
 3349
 2160
 1725
 6509
 7053
 9710
 6636
 1223
 6294
 1625
 3615
 6504
 5736
 9476
 6585
  232
 4634
 5839
 2329
 5621
 8574
 5769
 6468
 5361
 8305
 2260
 9856
 6757
 9896
 9376
 7841
 6180
 8698
   83
 9926
 5399
 7240
 2633
 9561
 6619
  655
 7723
 7199
 3914
 5964
 5060
 7124
 6462
 5000
  107
 1404
 8710
 8638
 4325
 9382
 8722
  568
 1391
  774
 9792
 4238
 9244
 2546
 9560
 9410
 7044
 5781
 3360
 3700
 7286
 7445
 2539
 4876
 3839
 4502
  992
 4945
 5946
 7606
 6613
 6298
 9278
  917
 1182
 7983
  834
 2813
 1575
  263
 9396
 2382
 8751
 6503
 9746
 3710
 3635
 5007
 1694
 6894
 2449
 5756
 5496
 7635
 1749
 4188
  257
 3665
 5760
 7184
 8183
 3221
 7517
 4000
  327
 1712
 9457
 7079
 5229
 9184
 2888
 5431
 3226
 4010
  956
 1648
 7574
 6013
 1108
 7842
 8045
 8095
 1234
 2205
 3975
  606
 6629
 9705
 6964
 9820
 3924
 2567
 3482
 8495
 5963
 9426
 8493
 9952
 2948
 4899
 3530
 5685
 8875
 1197
 5865
 2744
 2856
 4737
  336
 1771
 6980
 5423
 1794
 9506
 2058
 9946
 6299
 8811
 7803
 1743
 7139
 7546
 1912
 4523
 1290
 9433
  411
 3789
 8388
  367
 3406
 3099
 1617
  133
 9679
 3619
 4886
 8802
 6011
  686
 5018
 1076
 1251
  389
 4514
 4831
 3417
 9823
  469
 5481
 6242
 6852
 2680
 3190
 3533
 1235
  793
 1296
 8683
 4608
 3583
 1760
 7375
 7165
 9064
 5153
 1214
 5171
 2164
  871
 3458
 4690
 5741
 1860
 6687
 2902
 3984
 7076
 3851
 5106
 7384
 3028
 5990
 3590
 1153
 9522
 3011
 3847
 8265
 7854
 4762
  453
 3177
 6060
 7417
 9055
 9736
 1159
 6142
 7242
 2461
 3551
  156
 1782
   73
 4885
 5927
 9748
 8165
  772
 9963
 3443
 7995
 3210
 2557
   43
 9309
 5295
 6792
 4192
 2514
 5648
 5589
 2998
 8051
 1659
 7361
 2004
 4585
 6684
 5084
 7746
 4977
 8133
 7813
 8316
 7116
 7500
 4005
 4294
 9419
 9599
  580
  446
 9067
 7337
  715
 3931
 1740
 4065
 6009
 1178
 7202
 1780
 7409
 4808
 5181
  274
 7078
 5290
  569
 5489
 5915
 6810
 2311
 9886
 1020
 4073
 3026
 2367
 1979
 3254
 7216
 3471
 8251
 1672
 5247
 2313
 7685
 4360
 1263
 2398
 3911
 2186
 4150
 3121
 2590
 6097
 2762
 9894
 6699
 1445
 5891
 4169
 8369
 2148
 3643
 7447
 6940
 2116
 1897
 5305
 5308
 7615
 4749
 8054
 4190
 7108
 3265
 3091
  417
  410
 3640
 4106
 2886
 3987
 8777
 9365
 7368
 5843
 7014
 6910
 2154
 4420
 3323
 5778
 9010
 3595
 1438
 1485
 1799
 6489
 5984
 6360
   26
 5462
 7686
 7220
 3427
 5024
 3958
 2905
 6560
 6693
 3906
 8651
 2295
 4978
 5082
 1312
 6348
 9229
 8185
 2533
 9579
 8458
 8833
 2607
 6946
 7451
  685
 3135
 9252
  113
 6911
 4347
 3077
 2538
 5115
 5820
 7012
 1651
 2794
 9132
 9754
 2530
  353
 9920
 8044
 2684
 1203
  955
 6648
 9313
 2130
 2099
 7382
 3224
 9145
 8490
 5385
 4147
 2178
  296
 2127
 5239
 2048
 5793
 9485
 1670
 8061
  102
 2463
 9168
 7402
 4744
 1953
 6065
 2180
 8088
 6933
 5414
 7961
 4290
 8008
 6258
 1245
 8281
 9788
  696
  661
 8769
  689
 1724
 4378
 6096
  297
  120
 7026
 6996
 9870
 5642
 8631
  635
 2641
 9765
 4907
 5846
  968
 5598
 9806
 1964
 9161
 1373
 3166
 3430
 6701
 8075
 1736
 1322
  664
 9387
 1536
 6572
 2699
 3997
 2047
 5729
 9077
 8009
 3046
 4667
 8298
 1934
 7464
 4217
 3613
 3023
 4918
 8211
 4929
 5255
 2847
 1929
 8860
 6533
 2176
 3397
   78
 5880
 5600
 4082
 9534
 8475
 2703
 7949
 5135
 8591
 1981
 7984
 2119
 1015
  363
 9166
 3205
 4057
 1986
 7671
    1
 2855
  833
 6512
 4129
 3145
 3037
 8358
 4486
 3457
 6603
  272
 3753
 9207
  962
 6228
 7087
 4403
   84
 2252
 1298
 4296
 3445
 2228
  298
 6621
 1756
 9590
 9817
 3056
 2415
 1105
 1947
 5986
 7049
 6727
  123
 2479
 7163
 6305
 3527
 8564
 5367
 8986
 1939
 3234
 6415
  323
 7776
 5172
 1960
 9774
 1285
 5822
 8042
 5750
 9191
 4121
 9422
 6267
 3684
 8606
 5155
 6562
 8049
 4332
 7392
 8736
 7227
 9181
  970
 7512
 7326
 8093
 9845
 8427
 4774
 6376
 3923
 4368
 7970
 6117
 4239
 8424
 1692
 8560
 8465
 2081
 8215
 5061
 1923
 1133
 6905
 1025
 5701
 1036
 6813
 3707
 4054
 8902
 7210
 8531
 6272
 5655
 4941
 6055
 7408
 6548
 7582
 4084
  209
 5149
 4023
  603
  656
 1949
 1764
 6121
 8635
 3639
 1177
 4389
 9888
 4324
 1355
  293
 4417
 9324
   54
 3838
 9863
 2931
 9830
 5444
 4312
  338
 3083
 4591
 7088
  740
 7109
 7223
 6087
  784
 1754
  631
 4974
 2705
 4512
 6131
 3526
 7766
 4196
  413
 5636
 4706
  634
 5478
 5578
 6460
 3749
 8599
 4677
 4733
 4066
 8567
 5977
 7849
  823
 6866
 2065
 3688
 8041
 3518
 9096
 9392
 9331
 1535
 5980
 9879
 4479
   13
 2652
 4645
 7941
 1121
  878
  551
 1537
 5065
 2240
 9552
 1666
 1091
 9646
 8514
   18
 9914
 3280
 7407
 7200
 4085
 9877
 7461
 4851
  149
 8047
 2142
 3288
 2950
 1460
 3768
 6006
 4232
 6259
 5331
 4814
  759
 2327
 9445
 8636
 7788
 6948
 1727
  919
 3335
 6936
 4665
 6917
 8368
 9526
 5370
 7960
 1504
 9288
 1932
  218
 9372
 3544
 8967
 9082
 9200
 8412
  593
 7047
 6804
 4465
 4705
 1792
 5885
 8406
  985
 5961
  109
 2414
 5540
 4633
 7693
 9662
 7780
 5716
 2627
  460
  105
 2783
 1925
 3223
 5337
 4398
 9316
 2383
 2379
 5322
 7555
 1935
 4446
 2272
 9277
 1500
 2365
 2361
 9051
 9859
 1663
 7610
 7302
 8948
 5315
 8864
 5508
 1586
 8962
 9085
  936
 9790
 1574
 7238
 9818
 3133
 7364
 4809
 6753
 4114
 5643
 7865
  230
  960
 5096
  873
  575
 8711
 2823
  596
 2531
 9865
 8660
 6843
  855
 3968
 1417
 9260
 2555
 2128
  816
 1628
 8618
 2772
 4409
 6679
 2795
 6075
 9759
 5085
 3197
 6598
 3142
 8386
 4834
 4770
 4787
 8175
 8496
 7680
 3917
 1497
  984
 5240
 1745
 8025
 3986
 7342
  300
   89
 1889
 3746
 6791
   49
 6129
 3545
 6125
 3748
 1163
 7416
 8944
 3186
 3785
 3309
  560
 5058
 7874
  744
 3475
  354
 8666
 4582
  496
 1279
 4404
 2604
 6799
 8380
 1375
 2650
 2206
 4164
 4036
 6610
 2834
  918
 9215
 5804
 7540
 6863
 9841
 1992
 6281
 3568
  676
 6265
 6494
  419
 9452
 1362
 5772
 2471
 7002
 8498
 8506
 2866
 7381
 6304
 4183
 5502
 2239
 9123
 4478
 9475
 3535
 9130
 2725
 8945
 7229
 7709
 9782
 1546
 6597
 5270
 2709
 7664
 8647
  644
  245
 9913
 7666
 3787
 1014
  362
 1409
 2102
 5564
 3478
 5363
  912
 5725
 5992
 9602
 1221
 6876
 2999
 2643
 3078
 3409
 9352
 5064
 4088
 9058
  325
 5873
 4983
 9711
 6651
 2214
 3821
 5262
 9054
 8244
 2388
 9196
 1125
 5103
 4548
 1513
 2337
 7875
 8383
 7987
 8746
 4320
 4963
 5499
 3922
 5920
 1062
 2491
 1473
 9385
 4730
  514
 6090
 7669
 8321
 7793
 8347
 8931
 3998
 8822
 4103
 8485
 7120
 5054
 5358
 8897
  578
 7034
 1894
 9171
 8643
 4495
 4134
 2793
 4399
  394
 6182
 6559
 9725
 9031
 1653
 4075
 4401
 5866
 9243
 5504
 6477
 8053
 5652
 4987
 3352
 9539
 7682
 4365
 9731
 5863
 4272
 2992
 3414
 5942
 9479
 2392
 8752
 9441
 7710
 1558
   37
 4108
  556
 2098
 6205
 7920
 1007
 4988
 5651
 8060
 7334
 8024
 2022
 9222
 7551
 7287
 5694
 2179
 1945
 5160
 7714
 5216
  305
 3163
  856
 4538
 1394
 5224
  396
 5432
 1502
 6297
 2957
 8959
 7536
 8624
 5753
 4853
 6223
 2588
 6719
  106
 1461
 5853
 4651
 7790
  289
 1757
 1523
 3260
 5948
 4247
 2220
 1006
 1730
 5754
 5274
  134
 2740
 2898
 8455
 3045
 4276
 4716
 4175
 2123
 4505
 1603
 7897
 1300
 2503
  180
 3902
 4994
  162
 8815
 3155
 2349
  832
 6601
 6464
 7138
 6123
  863
 6563
  675
 9899
 2817
   47
 6569
 5347
 3420
 6786
 4597
 9156
 8080
 1655
 2928
 4723
 8847
 6546
 5597
 1611
 7299
 9400
 1128
 3797
 1353
 3027
 4181
 8505
 9965
 4492
 2929
 2708
 1721
 8924
  597
 4776
 6250
 2472
 7433
 9632
 6111
 5605
 7205
  708
 7990
 4773
 5138
 4205
 1826
 6932
 7627
 1966
 3086
 6344
  168
 3762
 8356
 6736
 3111
 6204
 4046
 3704
 3017
 4606
   21
 1465
 3486
  138
 9189
 8462
 2738
 7533
 5514
 3101
  711
 6354
 9563
  345
 8687
 3965
 2289
  499
 8385
 6414
  154
 7860
 5105
 1430
 9647
 8951
 8297
 4531
 9670
  858
 5068
 4488
 6664
 1293
 3561
 9172
    6
 3695
 9163
 5272
 2074
 4366
 8270
 5273
 1382
 7611
  829
 3262
 4842
 9752
