27841228
599973472
730373279
54797328
346341902
579658169
215912498
574493930
599610942
906283026
431434149
487707537
416746080
78538291
698191151
884722213
945194279
776043909
295962019
864972167
99001660
388073934
750780994
275282983
527186254
399376138
808991120
365602477
423630299
89037850
440750363
283907335
504533326
626962375
733817357
770829457
173583318
172077777
858662579
596570738
766985992
883673673
214007388
136122240
79063796
317078377
772182110
99209334
226868964
816680541
760386531
747737674
633845179
56258329
123935326
308009354
210364827
548617806
568239978
362190822
464999447
155338044
654735929
742701254
796762818
991794052
807013461
341843258
741180463
458142240
539876642
95772919
259510306
426016895
910199050
1838874
809010150
376961600
595126652
264066141
263586174
975634882
333188664
984462083
823816830
265692038
548027834
685257674
737687116
203281610
769854287
239185135
806832175
679530214
315619518
80194180
380811729
717479597
981662219
110700696
626260967
769272858
459725449
515336174
155087977
902958787
474856535
154620156
804983682
776977382
570358346
877336457
459753478
278542159
766364910
256992957
871417578
533286645
745362907
680251064
68485821
520862502
197154433
919814078
884640340
781722054
730204260
607900763
309435924
879969610
324072240
722442304
398642604
759269486
752216664
435692001
492645590
234300651
306860284
754495118
280548855
193434241
616804410
450273902
768602135
345704301
328048586
571413470
994175639
81727450
101665230
851709416
194853823
453933073
849486388
57311985
332891146
312362257
660821964
366363066
858496073
649505013
768501114
741313696
316088050
117844272
626711380
693605583
659114277
961062808
592880901
339228838
435329202
1031879
445193927
630927899
345137344
576642889
359246192
670434293
302068696
617826317
308986909
995716904
376485853
942343118
823781056
180772989
730562102
11990151
43736234
424163085
849327520
963410201
452451202
600039524
953254677
592325485
937463452
371442880
257014936
177366060
645722324
157897993
683837431
438386522
713701742
415145306
774569223
136417666
647310163
777443079
426510044
374689558
14937200
429264960
171344437
466332251
846254458
289364688
95018589
627650516
977450067
990787214
361861144
44383609
628913081
402400395
427979874
245888292
383283667
348624151
649718153
293351612
371652156
898413892
261363252
849188429
525611673
221283543
239733529
777694428
131242393
406563821
783326078
381430857
212177888
645489969
130164750
762069372
208144915
720490796
963157647
78867774
397298978
323146481
227757433
743287321
572098738
921237036
738650333
635497458
538128265
745629802
620545405
814485482
45025834
651509428
960303640
36510841
32550753
738107298
593340050
110012658
137672681
213558345
961242286
728390754
251777710
309731486
212315981
368530810
11225048
651469428
929406388
698924208
15610488
39138495
957077001
34905057
826748802
531684335
197865670
476888031
597949369
574163443
875356430
916602861
208867526
406088121
548261283
782340693
665879892
793336401
712449474
35978159
795202504
55623475
142846303
217153818
267067763
968100577
644501398
470325833
706560588
196399305
809680361
49014940
126065393
479408080
317085749
806692243
438000657
357443040
97699493
516529797
916726112
694686911
977080854
640814692
289114962
450867452
389099916
211312377
423996927
338381163
171950969
776312528
728916752
174905284
132349774
324858857
163981207
79285808
621878141
517137514
884983384
482160333
847248484
202186177
538659780
49650675
992592071
18770907
724347885
844187763
661973755
763736818
92047329
294187617
360210280
216265661
366737517
766419090
103051908
350642309
227437822
343532910
974276669
951210481
197665789
58905913
873385129
483747222
719385235
982778343
618955780
684294582
201015489
747023407
742729945
207327979
955198800
213087703
917513721
655080744
286315378
721573379
199558133
140484207
933688076
642069672
389916362
484179614
982357769
252635038
89423946
645372353
517679724
503216847
535453322
951036018
882136436
436696946
93103142
624747491
699293376
61274002
408790300
146468074
775077757
303266939
910017150
124817712
463202319
623765507
446523262
218335794
171363399
457744311
326865989
342079350
410416912
538789893
344066680
920163656
749368406
113548851
751956008
92074439
761676119
856077599
935493695
901376873
709868689
944924595
49945431
145519880
165141158
519048748
730705772
435256251
522227586
478062948
798634214
271965321
878145191
318739892
402030758
62048619
794381647
672418971
600697039
143663983
988136895
298611616
836948736
217903076
518043766
26825752
931203593
305482348
532862158
656586048
624656169
194790403
732482519
258204596
23712031
836032603
734731207
502257132
536402558
596180259
226194651
485021958
174937959
970403926
755559136
717202267
379379857
231444586
492475248
304144846
450217216
879877301
618504810
352655500
918739955
885561723
861326767
764433618
740044908
846900767
723823960
949720054
511987656
963519340
135652814
518386499
887303799
435226571
106734325
956305571
437653505
395733646
510266200
927454067
655303769
947943351
2433914
786103828
847388037
386277729
78409746
578229818
963464441
793629234
303077179
485707109
340289757
213463041
347339195
181758091
408957405
701143199
596178673
77949839
263072702
760315123
850259178
205273551
122296809
988897174
892892494
336976736
119309113
460510519
786011094
866198371
965125107
602757194
253392710
92828349
129255769
924774025
228767758
357940676
456489814
370942290
565263938
767910706
151369669
423872199
779149909
475308640
57945412
404314918
488104843
937239990
493767776
720382905
766978360
91464716
318858879
626136852
408032101
763728255
37017735
727536161
8815634
256900225
615922325
555831766
792545564
414625974
9994439
200845716
8772652
655988116
693697392
569278048
769696957
264716549
873822063
422241554
601783951
608651103
312537153
60754416
120451725
2909197
151184212
571468041
77416389
574603962
936411888
971711962
768274623
389935714
574490844
556176899
49728071
190730422
494189902
993114489
417071720
103765329
954298163
546613049
776035660
620040513
562790967
547524350
117901136
316998963
59862833
109391284
633811568
68406299
384427607
143624641
934865813
142706940
458446802
863530977
624675122
871589154
35500992
755536224
575122959
863537527
851707366
493050739
932358402
98184622
727360926
879521223
451003547
930591396
748319484
433093539
754262228
600438112
201255021
371528400
308515293
414247683
29787560
413765052
567751686
4121049
834689698
255975447
998099179
912333972
617641288
544272452
702080097
903537763
971290804
813408365
552401058
537902788
36587195
795029140
638110329
660732478
66384633
117164972
345288308
646351913
698341621
216462032
477680106
631977291
958088808
428584049
253827057
270686374
566946362
776544906
672482951
388546804
10646591
522136698
693663306
635560506
617530261
960672359
113094541
401340626
764022047
748435755
918156994
223939956
440378759
496435797
252791842
225992804
59125449
325684115
991022600
345121712
508997932
465153185
754487442
176723252
416334468
13275026
600248138
577220197
669032908
223674059
445754949
508423778
51833313
792657967
361476010
237234905
419879140
960326662
412059644
825185687
975994294
701688862
312832157
8855327
478795432
650964537
862321730
979951999
199489978
438686113
102736059
943648440
522753882
112422342
477808877
568450087
430645628
325120397
28209158
561358782
417303493
825924197
107875808
300443610
160808800
673990642
675335222
711941675
166273706
115521191
388874989
284064729
451520752
986883064
13193160
342881929
730590721
318676327
402976335
419518285
148091617
90656715
728733408
703720307
829222890
208256925
921945650
990673492
354963188
583905721
601262376
49762328
882493332
376560379
614989711
911509303
320781698
695876153
695419420
642439019
570324678
397261020
278089792
850120226
296143
17960361
534183211
752638572
938589409
747891544
73796954
936348748
201458831
582072371
539821682
853632512
326454775
482719813
854103774
426035261
113064618
272037280
385667772
955193105
759708927
305939898
606521880
799563027
812243396
140814569
955245956
391235448
975230110
958645601
280894933
876308253
186053801
154502941
952508458
322304479
47425824
966683381
411883478
758965570
29190631
836603267
671867618
483782000
749496297
683918989
684923823
229692525
865917917
439326039
937673330
248715890
145214183
903653037
246599521
446835707
87794111
687804340
115753167
912910517
237925339
913414169
12855538
858688671
227307265
960768990
491864205
614894681
408915901
669107834
581398871
637866460
687894172
42091363
248897899
989602559
127534992
433056007
437402649
79790370
922377842
746677915
769748072
880622682
774641499
503569262
57319861
315570465
865101896
10175817
263386129
133948313
585806797
845046927
595596442
228284907
843730673
776609796
799915202
962704991
362671570
300688732
135392786
893970207
861777247
292237447
572024560
341598077
586842410
921962425
922643247
983426714
226385762
379221497
147492218
278524601
142280173
957434945
536170158
21822954
174481849
466099374
965404570
560047034
373769008
720312660
938803289
464518867
905338854
26475795
629199107
584302868
935796969
389961707
854052481
290938761
922277020
305006732
640226241
636863436
158163556
745176862
878751890
574843884
820009320
663350905
301762140
416046924
755708049
936155086
817081156
686985649
150439557
252332559
281696124
243122399
966891014
581417369
664313858
618227475
275671490
654125147
967951292
876776446
415191396
946638099
769370140
904359004
508631995
320130414
600207739
653682212
217863291
184339657
948212276
64702294
637844992
14151904
9186265
132690258
249853234
868515527
753437882
992989361
854056575
968612013
828756737
424074511
444946948
138316316
188070620
468017278
78128294
572158928
435984624
38945556
439201411
480196028
583417986
871699179
709759094
761341063
437353537
474187615
707895264
402983840
597221783
462943629
410632729
304529559
601149223
168453876
641850359
308384576
277885994
138063444
456471
71369677
784421148
428044457
38497867
432167536
606611199
54096658
474768511
991458339
430871597
425690698
199522059
224116521
520814741
353194359
660337177
669815202
585614612
372115059
950049333
332389494
791115334
840969524
965205484
148463434
236000147
701801255
543185205
138806487
626269432
685504156
174126215
431160042
492054966
163020270
570716622
305812399
922498714
944150604
985525861
871108068
952526853
72328526
3015351
823167087
287980834
57093688
295285337
539945897
591816464
815406717
882379605
181759958
891158454
916108053
881460007
225354597
601509983
112189825
410038757
832204423
361837431
184124630
647218808
141151506
584422701
557672999
989676584
693705567
857337073
831815768
817586473
992153470
880678174
393806740
196938176
279142198
400956726
849136406
143548401
659971232
899926524
33612201
51342112
814062351
614245697
222483291
972998713
384938883
567062943
740304694
532819515
838072774
854920002
887117703
542032459
882624121
320536985
647871831
616525919
651566605
942273932
256404921
176879842
986209358
917228033
13716352
408035255
459518559
419464099
17681728
487523701
387254249
284841528
635431769
731547549
822577602
438064224
896622911
265185782
447475658
977033321
486024707
343490609
9720860
783102284
251767585
115766621
767473301
867190974
538603356
394322936
729931071
826984943
829460923
7530670
17118267
211780395
489178257
241874569
570953863
150984921
760212989
314468896
655330972
271985734
472681866
245007944
182553269
77158583
401114045
34856966
252190115
196504445
70186477
792047093
790944074
627269982
435406553
490582324
504379919
507916582
974456670
747481555
164308059
932471167
380712390
348774207
591570671
162713052
383348774
508649023
880425668
761620210
104052557
179150906
872805150
419310683
494215213
615763424
2370912
973234309
701688051
363464761
776861358
981389001
123326843
840702352
185353391
269580405
667011264
821206513
474326251
10848608
962701352
557584721
49584102
255105504
324981465
181701193
531332184
158080399
154554465
635642521
924868527
31258885
104481721
464561186
774551102
781964603
957777689
986360151
593874227
352035764
23645404
786848733
883936776
774730074
110958724
114814793
702652405
492288107
251326086
423780360
658040763
153654007
4556698
489466730
297472087
364530521
48342711
969789681
300145220
766855758
182218031
331048621
942571357
569113781
542554939
269318670
181530702
35144878
765564689
63835299
215814631
61553352
442272726
976698165
168697540
972452798
801101299
969109847
663910673
700147321
435374501
361558465
411539714
362791562
919054381
658289198
638485420
12335611
369549023
959776604
409624368
134324090
100160212
393618990
336532638
247481348
922181125
904265832
757861931
860792811
366747301
715141044
510767000
899900916
780076470
383787007
830866740
436584667
245622118
804544440
736786958
439430911
511390957
901981194
222269751
938017138
279214013
375360895
261174388
84764509
433085385
133826093
355380399
822681028
995333429
539603137
450655142
887422909
593038460
364259333
636315649
893783798
110168749
717756639
527606933
970031170
385104310
919232467
142259295
245747534
477770486
976326388
295840020
283483341
192457687
981053678
700947653
685841669
264507847
388808876
298912149
601407024
763126934
294902226
652991575
301784957
312937916
856706463
714189347
837189192
584968023
442087750
410683984
97049847
988736033
454855514
794121989
388097263
438370175
216738377
784540882
333560922
738902691
458338009
181300970
420881085
644404194
608810386
17910945
917562421
391249286
299177302
673123019
706211454
424833642
125574708
525696070
5260897
791496834
753340439
27098738
814089343
662928285
559202548
418765145
925693890
855319153
176955409
539363160
777019353
340729003
829107672
109678268
990701525
163379606
550764941
628896721
418135205
736424722
242877487
168823071
684998060
467034594
686784571
999322758
941676502
487052962
437073627
1297123
572821912
876927444
99283122
149504657
318509015
244748968
442704469
92919696
822327302
863878267
140356934
996695088
184979471
539514995
438760983
885765414
179321786
924909166
800630827
219607659
44810750
422320097
231501231
536012198
124836416
343927684
653322259
983855802
729729438
391117871
410157626
141653494
682688778
790480468
708700656
527271111
410148195
520052630
613794989
175677190
802712587
681817127
915287707
640295880
493870912
934539927
486341608
341651202
965488395
39360102
431711523
127025763
125288519
70024737
973860473
264388581
561681033
584989029
331724176
356151715
817732884
969214449
91160445
691806046
333028544
304117599
184028868
250470682
571874915
671661724
250057814
658238524
216073079
897569763
641567956
29016972
36034873
460257093
877102720
923639661
803332053
770349180
247237610
697333785
7572157
226587305
15546784
114978441
724747255
162419367
474441936
217685466
601820537
130802270
378842160
519110423
411291276
437819021
25699343
492307118
811093809
717995870
680532085
10251517
593855725
789186671
276875822
285643861
974551924
208438677
598222830
189043176
617283920
895651915
498600989
222710000
438200255
779424540
2188121
608479843
158366560
511293053
910325020
218330813
591503387
549216709
900838667
282637993
873088210
327660182
500749573
520271436
450427397
295181415
84920278
312985405
7530922
593257035
198530586
851009491
753001718
61717683
897257420
177402127
306591587
882125008
863331877
472458434
661446461
860462025
610656101
775079152
637678822
807755217
531127866
856066128
926573170
891369674
958948128
874175430
419982692
824448758
901763972
64924049
113905065
266004596
33158259
481283210
736791696
458610640
578089810
915937619
710916178
164033823
648941368
785853335
907281929
559339412
153528933
771699544
458797893
481412325
605387485
68624686
22465223
812062186
991678518
313014292
809951716
919778464
856708772
781030460
971867657
291108111
895224702
207052692
525309507
657193267
219419944
402416269
488172957
938770738
595881833
8591136
628533939
794846731
850342870
119608517
262822230
549277925
75253037
465643515
405144271
956396555
682271019
816393583
286234983
55330363
707473104
740989489
670209928
40163205
445204565
458003187
346887264
60196289
418267030
433523438
416370179
795920682
559293479
986363545
464539595
412759844
347507761
415530188
979627435
657047982
811545699
415910554
768581492
925959231
767293648
990370211
182758595
268037164
187378168
302213749
684061378
704129919
644654087
328112347
993046494
715413585
843116480
264794558
939169598
156379647
435259617
407411678
257213696
921931683
230057373
388074701
424064745
169985790
89931076
362664503
900600494
601174525
273981192
56003701
962209056
445771759
109026635
978750767
504799129
461416878
969412147
234108166
645048270
483369933
496282309
969612223
930152500
229535251
712156610
222119745
45952498
970056323
399229636
834962485
507424396
848331906
273289565
67036057
546135554
908247050
14375025
409113875
249124519
684933822
315712522
789724320
725016500
772983816
964927724
802456850
600874109
306657064
464056966
50774849
643826651
182400391
481305170
532618108
709765395
739018855
559848185
819037422
289752768
625121164
367392235
904146256
985954792
551532022
264484206
90342122
495094036
246710588
474358772
222877535
458263871
117637648
627441320
118202347
445559675
337230744
932717229
162298096
61887633
620879082
351114259
527567010
427633601
587946462
43691119
724198935
280548984
355053328
619166337
720053521
495554383
458742587
326275984
722963453
154544421
61088675
745139497
194550025
814929163
38412215
574876190
466361883
938322318
420321821
922840539
792237427
489957532
310117482
369287504
831485637
405819265
800380942
77455454
544288139
173013874
464319414
256748188
83547271
747332991
621285983
755016093
864034521
83488898
472294086
913761769
78422344
442678824
899918846
729466116
148766699
327873
72554517
901814451
800157639
54907047
259292856
259973530
426250211
549472201
899799407
311960979
4248042
549612545
529454551
542081529
64692679
521011485
516618869
62126340
990097043
902494994
153849337
423630829
650293615
24324350
623232755
972361939
750250336
97919291
398529015
615181268
81652684
100733369
384993190
843299576
756886202
485039011
975525109
547199353
640615008
355782230
962031443
152953530
308138275
445802206
714103354
982549432
318121047
961484807
800613263
960527221
248800129
825631826
565543088
200988564
581730026
548412305
3063784
566849289
922493336
728322460
322644605
277071625
489316053
940236027
168286206
808821601
994611938
464581880
929033953
336126400
72461910
865405720
797509910
814033887
776120319
379566439
184582852
84385293
788857147
44812284
6411753
884392684
844242236
331701824
933411100
725081071
551562845
966857373
666384076
182061518
150376738
843779489
912571052
431739519
953331159
708017690
842257452
419913207
450315596
823597526
203808820
262361543
398411927
678445466
786292401
293893681
937726745
550409658
596529180
174656984
324460862
795380667
246199238
226786452
745878339
803650525
745093642
551129269
317713231
94230429
143187676
97407265
793921407
651388395
9588242
906258069
969407640
35843100
535430865
598615243
901555829
805980438
792220702
761976189
798195896
323038539
494478787
141873931
289497943
364231930
71229808
266594511
259934398
376352482
906901035
194149645
783503305
181920288
437997038
74453830
522446141
642460718
302548582
694844076
267112261
894649651
863777844
176398951
659508421
173480972
335598278
271686751
971613664
88724028
268724070
127071982
375840827
706052519
759453286
317624974
159571124
816733814
53504282
571202568
154307960
744200312
545810129
777241773
156601528
116324718
221965101
457303791
315369544
898240209
378928162
902380773
609114568
746099290
376287643
214580940
496128030
330234389
479640870
545102196
20442016
315674778
605453180
920516895
297123887
497609295
426472282
527855127
168049357
224150662
392078568
416547546
636430948
505792958
839379582
566180866
173184386
132244917
672949223
714000429
679262003
922835783
646514065
821547136
379611814
607254170
329853489
738264811
62788328
791108131
433335066
5332923
877212608
682208888
205494541
999407222
406698792
325982876
791617163
190587022
555719646
614242265
119376241
445442351
794109809
518704438
538602040
842250024
502956089
379695790
526828384
660641262
708500905
522173632
235571257
335627005
596887002
983053028
815310041
120280761
486023060
641246929
816100035
776484759
869061798
900918480
216414404
776452234
285133792
404265083
205227174
612404559
665019386
622147662
150959907
705512911
681922371
341808925
346298892
563833782
368217850
130776595
793003017
640123813
530055674
767745679
466891985
482383108
762346821
622422494
90794176
320199540
245500429
119918319
284905250
764054853
352336972
504463969
739307314
190072987
76659916
157851138
300302456
413059030
57738613
642966008
44671247
464982418
163192455
668957546
98303399
714834480
126873254
547908958
34099902
475563868
469615408
255300115
704599760
880771570
856706489
504464569
211891354
459655116
292637197
336239035
816122992
852059268
279441136
34991881
697792592
228967372
304777955
208159832
886562679
589427672
956063341
45628775
896102232
509263254
134008327
46606977
141837163
813637316
587541050
880147983
496795910
594224013
116586294
956471372
295883497
502320635
18330520
585457518
22312155
776241693
100302374
131414952
379259661
313240714
499543867
739620201
940441924
494788457
386438993
929209520
673765822
172175620
581736642
954496485
540383568
620149537
46981680
205993296
972782537
457361279
205242226
658919126
679671292
661335300
111342170
642058150
429125455
659790492
739059428
642404547
972524913
449314105
198635954
358379162
456447054
8985345
521300186
341816763
395151780
192873363
170795006
1612321
422157915
642877799
88004552
508827970
158153722
198233211
869079979
817181152
444467054
284768349
221147298
769458653
305736526
883400982
264308703
456177441
717119239
293745024
845419205
634382405
984150584
391582783
727053676
764521388
649673545
185468688
868390000
644179870
711044528
340424723
990991574
990681649
401342366
772151774
384007719
99498292
697225087
382327028
434670275
214261275
301663129
475965832
869452150
62259916
824197245
363637206
892903052
788566895
438557878
342750883
249027860
688794856
621152227
776333026
736540566
734188147
543130526
474533554
42983930
990315366
160884151
352655843
781247039
81418759
39477357
298999092
390446016
85689122
99068394
675927978
941551501
299209744
994703437
639628024
773351073
598382628
28995179
672022325
958154780
937965385
706721098
187285627
821115806
923102132
796559431
572840230
66777173
280701199
858648901
128061115
881785683
578898276
375140434
950291474
471481231
822795212
551890035
756687004
109972232
55729397
923692108
414219713
978308380
734930562
621768396
197955633
77816006
568834998
248792093
307426259
170772509
206349474
357359351
193169859
282993062
968223127
74888866
57939601
528940976
273504596
568796591
490781797
944336388
993352780
822938607
971729616
287077178
988952311
324104127
341139446
972099853
212862035
118587922
433799714
15576963
858005643
136383441
967468766
448859529
454037577
966301494
841425282
837359399
815216885
594587881
59952731
66156377
573219266
105849290
45218039
484214840
561138489
297816692
683038020
105760877
915964313
684962784
627270915
306721974
64114226
838195179
137347221
148247455
365372702
850091745
812879654
550553880
572411458
508209326
184068852
86201244
977813132
145110236
583460634
691096044
506560724
249769353
874221913
689315323
545412355
521741269
136175705
850325861
600807296
932347396
411997673
843631253
709885316
820314089
960552722
946292579
830350985
866576858
374720752
626410383
714716969
480452516
772841681
243998607
176633075
641098593
460682234
627933202
205947771
259119859
280619999
38486303
52140556
208343443
130390366
422639694
609572021
870422951
66387939
382803834
566713485
77388388
376143094
8288354
798688056
648535066
785034480
841031433
188493748
335692980
410222618
870795640
997460886
735351245
222794588
706325637
278149930
148528497
939585373
564828831
599815829
378195582
824514285
842013782
440236541
461607388
816032547
661784804
266597927
603934469
269297727
416544556
618642481
749718420
805752342
201426321
264908525
151399149
246516674
51591027
952844012
642117342
977114031
50144078
239774236
695456273
976320069
407085281
56360875
915682565
987385941
412107291
49545215
26434867
637566265
546466734
470519405
778985637
893323656
413542126
646763019
543899808
873836761
722346406
433053635
658841082
715272669
184878887
245200914
12763603
396651556
256972232
377332869
329289201
502619742
21523602
190947714
431424805
88875612
244036772
782504543
457458976
19918856
660323501
687933345
281449558
623345598
951380513
783226913
726733170
910987925
652606131
395904825
354343652
994789136
155126911
202406255
272409681
976382889
455317532
343333419
297666519
611444860
731112059
630081428
661784918
977434083
837699655
896939995
613957246
400888303
47842684
486856287
880686983
129995891
202149539
334828028
598636287
630155510
774297496
169257750
731325723
504542575
337265360
257897459
952617624
938792356
608409512
147564958
643863567
176942493
800651493
510542948
704191254
812943862
84258096
657675956
46539564
764365081
494934247
271800524
276582779
445232666
364371415
170024501
946491631
239992761
786006584
296341426
794705405
455915966
927423209
564381800
779587944
577987997
894083642
820668466
171241099
174524595
669918048
721067601
261464478
825691102
692518531
383751201
684829725
876851850
218627527
347573468
529555254
755482332
988113286
604940894
850571405
363001203
202984495
735873614
544506452
176129716
678959684
562514461
543351738
324257163
434941797
454510455
27153363
349116451
385559989
184918546
888853363
35069135
413892663
820742939
338616197
881139737
771270632
283691294
665955223
156419920
96901982
942471287
628876309
196145846
367701621
600516430
271099111
327641848
850046522
309248749
422978161
661877183
997452429
730885855
210940107
195470874
706136368
385040070
311595591
538106380
203141477
173272185
228423433
97261088
723222285
650306028
332602610
273171577
397127120
997181461
962051817
785258701
484034998
599095820
631523911
551867259
829622410
39612094
640573447
678709481
642996106
465216030
984910664
314385849
42096042
837088471
592078202
881084076
196100681
400205122
834013567
694003435
744892961
871618887
377889298
900967943
329051460
456796571
63257375
22792545
51146122
710144875
561878349
838426455
435286701
959125569
924369990
744631723
657623401
601514307
738892369
872945142
3545955
731985658
665972715
237798232
558138643
139805673
96720822
631920115
288612909
518060825
944777580
272146377
189525444
73213000
616424278
6325307
42506838
778416472
558249462
587256224
25962764
347906488
63960353
448407846
751650426
172454316
756310157
547212266
175470676
221557373
39815054
195906428
399725725
515017108
864990997
781038440
34779746
258159401
847416197
735167300
552643587
882647884
445974233
131071031
341515681
77563582
816939697
629101108
15800975
203466443
300565917
515896384
918837888
248576400
322101363
955980431
269907160
489577874
702411805
395413040
957411903
26346051
865833253
146982954
53678223
131564527
969023161
105946288
262124166
316375819
437228860
34449424
146039609
607833344
806557101
491258736
732041341
950469951
4554964
678306532
444733442
582940266
655871788
386378622
589782243
267743114
124209928
658259311
708447768
985554213
371678263
885897700
342062810
328485157
465193956
51445557
240556646
784477945
10564315
170874190
386127149
289995300
105044367
824691829
759312182
394160759
744028365
362584833
454809431
158806169
289509976
29594333
338361614
386092223
266071132
116857530
233323985
873842684
699089396
411571954
985522018
25915561
422474057
179964996
16163984
406555530
578941605
671419792
550893869
26385917
133793799
996596588
753868766
901376300
933304263
849887233
28902742
605266056
466589758
100481039
409252161
321742342
515581850
454873914
182006258
179278424
554270212
771130236
435376933
729308968
895825161
962712704
926901538
84841895
271809520
143719119
846266224
492347808
815255758
60751075
432349936
191821100
130241678
610953831
594228612
305711235
76629085
778504631
884327066
226569060
616601808
918830409
419815264
766414068
708923655
470068694
382720052
962962215
316242578
691510220
44587732
69214675
181714385
101934900
817690684
491776674
874526436
602693808
644587959
674391516
210165461
45665375
45970944
79703844
402364464
998409170
778057732
936032680
888189626
92875539
468648890
516477271
654625416
209232069
233946892
582016261
628153374
591971198
533125818
538759396
419933303
178639326
263729871
400960670
800996087
378273727
792058066
970109911
843501413
832721914
174220547
253893292
92134344
603605624
482806211
807033642
768610037
642376540
376100291
861095331
741496655
22053883
207088503
901051040
374390938
869089279
641727732
162423664
486652299
748674391
362490642
978474133
828836993
809107619
195467301
325271816
681859502
466368455
518151161
972097039
85573096
662509238
560278582
115414920
236841656
591551002
691497601
835642853
739519578
718045390
71536761
357708654
182095391
555321905
548860953
124513468
617914893
734992828
107707744
892477791
460845267
744520435
602610684
100783673
579253242
463584418
230604542
794298815
960428240
711791950
130464141
549217360
169770057
855117302
111766363
320357967
103559218
298931890
109980041
526421658
539941322
500820399
512656350
718578042
853872424
478311052
847956488
445983135
493791867
898792096
757665713
287119230
76398850
668580842
952878073
943668526
322212582
427265430
440370877
856249665
368814749
569265661
119508047
863337574
736159140
234406854
284721312
227167525
238567565
589925423
92514330
840082195
745464019
732739838
128121961
234759633
240040148
223337255
868504292
690328743
441219556
628917912
831297620
360359249
374301950
345487311
564058866
841006514
896906894
543081709
824727710
11947383
687918023
679973201
167449838
923883872
566048997
671348831
923480339
370131849
977838213
285129444
30758127
404321200
15233053
198917656
116902223
293827759
886261817
675005457
219257395
186828749
517511734
863492299
830539287
593575812
692727247
506683636
833138522
316909185
378360787
438904297
92338433
307410146
463381303
313624965
376564999
345485314
516515004
242613959
142933194
215887955
744789014
358052602
267402592
988202656
452862377
700013066
877062106
290283352
989575379
418777054
154541533
569615390
878253340
679457016
229092421
315758854
893605169
576869422
928936324
574210008
582639684
759374815
863740355
237814923
701584909
38799148
82759123
630713495
986356290
782811354
698382380
452117888
901907669
576964945
104515893
310404654
998062914
729080594
397173065
534920452
714019722
248729132
882515546
816907092
108705371
886139501
426994721
895973870
456680656
387380981
387191825
444621497
623987274
677150449
669672124
642785348
524744025
447561721
684402018
406381641
833776320
424601494
446769265
30903604
397656448
950829674
706638442
684656720
72506658
950723218
68551794
490109363
581619094
249189328
598094530
646385090
609842973
856358676
204538544
67919588
424603954
227928227
926095548
13115214
646248714
515574014
183105047
554003942
485854288
164900380
419592670
542258110
995502531
830223525
755260203
203062782
729428363
950974107
99714643
854001084
306982112
709182957
181974157
479923382
697132009
549081659
254280236
469177617
723617356
523318414
406011768
119884759
169436250
865643866
33729714
712048957
64313044
817165375
546115491
321089318
33218316
426216635
991760612
557198048
456330690
554508377
19766578
542728523
563587765
282074538
934021232
383432656
840222468
550827275
248269174
666157944
892345304
12650090
334476394
913523488
837402217
188878489
149128637
361125634
177594681
288651617
806404182
719819644
418386201
823305720
672020192
702718967
650196709
93068282
604278879
720440758
855770039
302655931
73918355
396967138
200848250
901781291
216635137
750584165
529816663
326644503
585212134
965668928
952389820
299981145
795499458
188984856
558473197
518798790
196446298
825276363
663096712
679939160
218541321
214737103
498623568
908445445
160554633
715621270
383422683
358274017
697017591
222841139
796030603
30287876
430617672
430346737
794479913
312742482
425163457
489772459
760700061
89279306
129753722
251628017
809444789
299542947
560816210
993691362
642481288
579251560
344108718
81425084
603917478
80723971
756392671
867082804
963866599
352095829
999170190
739804419
946679518
98481775
680366225
353286666
208709227
951485258
160104562
68753814
775882365
71492709
863755989
550320235
775680383
913000118
801028796
406024783
776704424
178487578
779930519
551339048
450714765
863959737
779435604
431544680
689650712
285842560
220425040
517861586
783703148
606488889
724524297
567109590
375251438
897431820
4114137
364313146
903284034
325105907
380109577
456436440
630815000
116353800
107397738
883094887
438415762
275366652
95425739
963534793
918540415
555029767
271490798
317525112
817423023
120835021
398121571
400287105
449618925
145457485
758776142
378574017
563217560
901553383
300229825
413796342
79017051
225934929
193745594
822284397
494827089
777420513
664208516
437860346
142673627
214191864
802525599
631966237
201473186
735685286
447421140
260726714
377238211
843361058
544580495
281700361
803393139
197018744
645373610
946420421
547520244
825082582
13323130
285288914
918056754
545120879
848975344
92193432
644835368
791161149
762854577
327011428
149516938
236777235
555026746
862634885
540185737
615153545
952233431
451900752
870733903
126070221
707015193
575153439
334028049
333458607
575819107
875676337
332482170
72553360
368750627
869274299
255484945
810756515
76458884
876963935
268477755
602859217
953193421
448833689
628494402
458536708
593467264
550428336
77902368
54081810
926432989
268359424
92541919
187400580
466537310
755611214
976799573
613511758
828327473
137917330
697930441
439861707
261444732
563573115
612367261
911429442
208065488
586022491
145260641
210123490
515828288
682407283
141148729
164724465
929163238
974547236
130845079
547346713
139467240
413436133
789063175
116167202
835089941
920022982
952754273
602529256
374871686
748320445
682678320
602734959
954951260
415688427
124788517
693355669
618029802
607936516
562243513
589659021
259698385
372582182
921344833
38513137
288194534
970558628
99412879
522600525
502767128
714508023
217970565
58755905
744740913
661901087
944705753
488765061
800665782
706084206
791094638
831208399
7358636
315024608
48610258
875200940
49623753
896845684
765229963
7943160
65707169
456560715
327492874
558879624
578410673
631616096
417406871
54448594
2426072
397936343
275302685
567861450
425571630
209155737
154418263
445747755
11442177
790772305
814901645
501344781
515537493
215897769
176235525
601047314
782417775
574850618
971811066
738311545
233104880
527929615
829319702
649809912
365258032
160911888
327397184
158250436
505587304
826756732
779863481
923370629
425335097
635578926
9228093
649206032
511828496
629206347
144539682
717026485
471056209
309446449
10255997
894910022
418419526
740460541
445747828
704305936
904541471
671616725
30204551
345463289
27600538
27343459
762800939
257878396
718101154
940872946
294310388
742065040
915034591
256502098
595628896
894564937
801835929
866367257
228407312
979385551
254058626
13917446
162068646
947597492
374242991
929081171
677801624
954352196
703084461
183574014
886074475
540064249
814154122
113214836
602326551
875909814
732638299
50930770
167424236
505116634
489385502
174901563
35799208
244184652
569076423
129791774
482775502
552048089
946218693
234934608
820391881
625530085
935147684
513641543
684531284
727819399
334858683
952510510
576139121
687928965
476093148
353100585
101063881
37114513
309688055
350072986
948556583
109520014
693738593
789557959
864918492
986894689
147655118
31751922
328927612
924991296
209122154
918087456
200888945
291761142
324724166
203236850
307537076
130296217
822341163
344273715
708679181
737864596
6993598
570676712
564651289
335689003
616006510
988057972
162906160
141848133
564717829
64598667
232793575
781897513
706025228
257922554
687566247
52391713
65332303
714320060
979759678
627240282
364881037
880306462
475439104
537526117
48961939
277453225
243080931
818586109
340480680
476991723
144357738
15420209
774936745
702121305
215557913
162334563
403921047
540578248
803410077
715847369
824147047
5206623
970330561
134443222
560900716
914224595
701967211
695044889
897950900
407505532
509797392
678374021
640165614
51409526
670129829
947215354
404636115
639650365
977975389
811420554
608067217
275700965
958910204
475506999
751375129
851930724
298860613
717295788
878596590
146100852
48130981
887891439
954308401
113752557
98054313
977918059
53991094
115516167
875195998
845325913
165600634
519717115
678002254
31917002
204724642
157583839
419381471
998680392
599252246
353155661
494514418
203685930
763153840
261123158
688746515
820181999
77502254
864768138
156136159
193796637
759403547
405401082
921674233
870223004
313789045
747697997
257988879
282971374
784029740
36277283
481184712
696258799
910018778
421191554
99727585
260046353
677856736
466535846
938589066
68759022
89022292
247213257
226085151
893684211
869026610
844969722
339454647
696443722
219995361
963308987
194911432
871797096
956635933
618972637
397510105
712750238
750665648
995932741
266219604
49916661
808133067
99844595
538381637
816587779
407846720
160235230
678358442
879980565
614395502
545826378
230598181
190126617
934745815
821237566
805331761
379962725
721488138
675523645
510840026
471750189
109002214
311568843
847058437
336243973
262544194
568125231
713538318
706126724
176253712
505354330
288857981
288432326
917212381
111977877
83001247
499430572
353887105
713327251
903277675
650866452
756473443
62906669
811466019
313156918
618550096
137346088
884908814
991575824
368166209
836385678
172018990
504784888
827071047
848985353
423574189
122648225
251775839
726018611
393036886
257617557
693898244
275783391
627783177
987531192
853057192
844080602
18908226
76851745
474886490
177047744
778986781
135825068
975545963
864170637
391948313
988408012
916630623
430920882
942460862
495782547
806547321
142188063
289263961
734893510
618191489
219927280
17729380
907285764
656958067
165086639
33263649
247732675
306100300
750260029
432275065
38375724
167389757
574357581
471086703
96981186
292904058
856078686
403740929
266477176
815793095
44460577
12929209
106849402
50599890
540255833
950159253
824065492
991507011
143270886
990850399
950064418
330456646
746326479
320791267
522969810
887539721
586298012
204152736
338616859
848742238
143424978
333509247
654283424
369914537
157272370
472725577
158911152
282083354
764594686
13437900
456163313
782270633
315186920
698048336
593512678
836716247
325915848
542207378
691819578
429057266
487110238
814339004
617969416
629586069
466264739
506768036
448359170
471103011
901086256
296925955
921676717
357691052
979282369
54405446
127596592
601952039
979427829
159440916
868768701
40123191
516342971
768418751
366522990
141651688
400034858
120472363
935499481
299233505
305801886
848430521
527485633
850414368
120347382
297662348
740215513
784173754
85577733
93026538
310733969
772062337
259394341
766954907
963858018
760577521
656605486
988997826
135378887
276461035
663611442
422101924
371113914
23283995
150524805
756393648
210626307
967512317
573782774
351314024
577177132
591135853
689671004
347689612
832064987
812300125
876004732
532394260
692314959
179943824
97718655
38213197
418039861
135841450
547374527
383087408
868806436
52779470
753878993
68283167
105983585
255527150
123189994
655719008
880455468
390665466
780370132
715240854
829005426
516726523
954684561
290591468
50773030
722709500
39136609
510702174
657299584
798436808
916848670
125140211
715916458
489672315
551055685
600829903
943806286
52688948
457388552
983735036
144409422
385871848
530467213
143626936
27838342
676229744
598672780
141558749
825365166
73625197
462220548
566352258
161625365
667524783
323655929
932431458
334061058
610503354
768815868
607514597
141807198
24637126
837874755
258532414
425608652
305529587
989885479
18725824
274608205
824713225
82942847
385763003
234195677
435577622
539889746
705149514
35567899
127789074
836686097
61937087
349215731
971524375
95187113
984567224
192083095
479414612
850586863
560172987
428897236
961458989
872859536
873757697
120733099
396101722
24390873
423794007
207920328
833326906
2267846
567501764
81445194
261387196
309706296
818929956
53122530
204916250
574254733
600200939
988541362
927202362
521323965
739036734
866628670
36339703
987993313
593081839
436243607
667913891
487738338
595951833
605578105
484365754
241852335
620692829
122072184
5222590
109005528
838569957
301279107
432167913
749754795
923534585
431696969
57166712
988020939
569236643
523453656
73551923
935138765
440007059
641509592
316258929
773132127
602124522
819352090
188024071
872840526
67453446
528369487
580618939
784546217
978403512
299618849
322189186
445808104
336051013
229026763
956461590
337952956
197831702
854847535
832298738
20026453
223145805
328391802
476425634
987960788
859802375
815107033
211384381
20365731
107970070
171119006
558374915
355995058
786503738
281657328
576835757
542196241
38964281
913996627
886833719
634476964
430543517
272504386
624692589
259377105
314361076
161194802
699821649
540288910
979491677
431373329
228563849
360992142
527436167
158189798
826245760
34326558
243511106
500511066
528900291
665417475
799973935
214077845
701814039
393487515
596802561
889049211
566814333
622280141
799425562
936195948
824770649
762006444
423953274
565045068
117964653
644081293
679820897
29100490
421575615
419300770
301263564
749076369
844455250
971761333
734039887
953866217
560151441
373910600
348934226
432133002
606084249
314421330
111671142
853582779
997896643
830821024
960660323
102927878
487870037
756121103
383158229
928377119
1793629
195811142
460970789
79701329
247166601
741473751
673171819
566830523
132126707
356954902
838256338
470191630
1861112
203133902
587533446
679297100
982763224
486901300
149069567
323405004
490896245
628839430
925660605
832526224
558367686
58593778
518952057
501288935
41103626
452245229
103010173
434145704
276791824
505282735
367762383
725703698
581557495
255339950
396254100
958153705
590257680
31891139
230475381
1343125
459733380
890286809
259424257
148164560
443171425
690977925
445258393
430710520
605044142
366885982
672097078
745489600
911592756
313160359
592578326
277885465
845529657
773676810
284034586
341144662
770239416
834173688
258592862
55183858
917791911
470558719
544310777
718387970
989487419
263830255
900265809
363717805
802391423
832756131
640321180
544346591
944444742
535284855
219057606
110937355
792060455
479366797
2472668
543839676
549944194
864925319
73556168
415871364
386707071
850761834
442915159
261934452
322048470
375567885
337252306
14437785
689324556
16032595
172430160
710429385
59703030
682462714
758663326
934734038
693295490
621568983
154903345
708668117
266062460
28386214
254765763
784649702
502338313
187150661
585865828
593356793
472508323
623740159
300220278
534843183
807060506
335099065
651318557
326729719
794622219
510099484
570304674
217390497
118096088
150010208
917548225
600229540
668523303
77168121
63191568
527829918
874302314
414055907
366558288
228371368
67716978
754084343
147258223
860535558
489326349
893151278
984048541
885174040
100399292
764948541
910861563
356745262
271634493
521163527
951859919
743528016
646938867
443879145
345294308
162816958
59356700
968994587
850128472
472546668
942201965
738838300
678820008
947715127
974875653
370797984
803074973
582675256
855824927
42888166
473820689
944499586
657649796
405249943
819837317
616371237
680258910
618213582
549125017
569448808
380865030
727769821
229731125
26282091
630112287
965849748
341759407
397014647
739593202
274472905
700681145
878518684
531301752
818899326
202646243
514659869
965989729
71147143
836147676
982214875
835636046
26394539
649440474
314688752
207438505
628138280
395531750
108068690
394305189
536438825
281582186
250551161
4512601
814102661
558619589
214956590
207460939
227168666
892474034
785414572
936681124
105401188
686859137
279202418
959928301
338300936
49145598
636895705
132752467
282815330
87035009
313601440
646943934
477653189
545341103
419471497
167903856
509473900
346707466
518277931
128975672
281776879
196283500
769951974
557385833
796423321
513631752
151384675
747246178
289158897
909824132
411794151
937542615
173259717
817551102
713938799
177427564
599826917
898808305
982349545
379129032
812072786
361625991
310842539
419171603
331933440
365082657
638015576
652884512
221219057
14195772
237861888
102112747
357740515
43168148
442870949
740818702
622774136
573547237
345331521
833717739
700007585
987780660
970652775
652859086
35948756
103339126
887157872
185359136
579378288
375437889
819693854
332270147
777149116
591460811
128612770
796371543
310332223
185583389
58087221
293661297
223701885
640980381
66016181
658405235
760609368
671792716
646610941
278604010
691345354
345069377
775421583
627141463
527219299
667447824
409053396
802530101
65474134
122390745
876258271
512845741
252065144
971393682
81677988
371667481
658080102
572626474
907792901
770118555
648895156
99896021
738627552
185215414
64277736
167912436
790398574
465134704
555795777
578030605
610122202
890374859
117282008
618147136
160126361
823646260
866966872
636942541
975037935
32306257
495526134
950459675
601123194
359575604
91101047
549993535
618758176
104814282
662969927
678969060
374669417
149835668
756083445
81849147
703188242
206813707
350454151
132330188
434358753
561711084
66022996
228655948
301309561
410955844
126005458
443421670
445175589
497352330
712436290
143734520
529122831
773844270
427535132
809898386
595514619
804287242
997134625
949993508
69234790
318116930
30720088
702368975
578918654
426360793
44676229
11743259
129714620
814778522
462499209
75906790
419373428
245769094
844986980
107198175
175529185
574874250
714425584
695467679
117376390
411013726
619608131
66727333
652850703
21901167
913111962
904525415
837384436
389939223
960200856
878461020
126979392
448424598
571105221
44658301
454465301
649284919
539154972
729752612
133990298
450493166
340518220
52565897
580538176
403011804
267354833
351488276
774812995
631782625
909837837
612263103
305163250
354285054
735879023
271189898
969357459
859590033
679505605
729549960
198253608
731751761
978019321
566500411
597650408
90733664
774453375
476020729
267239672
496042920
55634912
943716142
622171470
334913396
499910617
818911975
621399436
9519576
571203112
121327311
50066323
348533405
70768843
609142418
873896889
887865780
122231914
842898215
867568489
369900276
489033658
277717020
488599542
262678405
96779849
531990773
522434222
759046802
253234277
36851022
778503539
36846706
769550261
400363221
908176955
403593267
802404427
306603957
143354126
581649375
462740490
593805745
229545155
440668464
110389270
480941304
828003764
848705315
318537845
733095227
63249067
614419920
937273324
118049186
496874877
415037823
202409174
947056285
377592705
342511968
764761793
81263773
153551534
737433724
830609726
375934907
904213840
866543723
734626747
352076995
948937330
75362996
129455522
591404528
691652552
222997642
498122051
119831812
399143758
865987642
398045640
410330674
141120832
68639460
264488908
359712601
997259284
192437062
413390188
195774271
123283796
708296763
519683500
471782786
299850463
117102825
818846666
576861078
960706121
23161397
366223639
222011078
73339322
864700571
600188003
321608928
895256922
480696351
861923372
526105144
42660955
705671004
387425543
332585945
899301849
348547178
405744088
840552496
212057071
297031386
830558842
10060765
297923109
724356451
319474472
620729537
911956613
828040871
81437317
200364152
297117335
817032438
257560500
742221392
12176755
105809943
788383896
41995207
530556431
78992791
806480187
595309134
876261542
65967172
708555150
854572408
869782561
47817260
841638375
745515204
321604849
665286948
563350190
909406493
259419243
677894893
721830636
168291515
66690515
329917388
105752003
775499246
97216277
626481252
20669255
718698802
104523780
412989648
744208951
39428728
95922880
226363698
725177512
826326579
130509915
245374589
901139615
980327553
905153664
955705285
242837995
791960776
712773768
291792441
845051550
111742305
657156960
25969340
570350603
562459181
531829640
240721681
535861258
335914833
896614160
458550298
774536031
796092409
53608516
771048207
754348494
476173493
677997702
131401382
516145058
181518373
829668329
892798867
538092295
723386161
350087248
798003846
779426750
654993117
850825425
425339178
637584443
505392792
523959398
30845154
598887359
740196151
201703907
204874377
741496132
356823599
89826615
138141464
186607878
629216045
937941304
900569801
911082901
417534958
34134194
583800429
370823037
599632678
360268977
851089313
217047464
837907869
883881475
342055457
287618761
649911418
194943051
485862094
253155238
412087211
781830157
589803433
759734407
219495904
163402468
36425326
966375951
849800538
56029430
735214167
113979089
453602934
165267486
229839477
276225391
828995993
621027113
300580667
535023057
366119971
70410991
342983633
583277263
522697489
159723246
948524436
422738138
449643732
525055736
498825557
690722868
225338216
643698893
413781216
370949386
793720957
698763695
62709347
647958761
651613568
972368238
991598477
381693188
668101182
109697970
234114166
790617467
815130065
517190098
229200213
1843227
274511843
255019157
752729011
73872308
280633970
306613969
598363062
145615640
556728265
518566041
18696498
440309056
317011861
245749451
766887819
487896137
524008553
284696238
347893365
498929737
971473684
349970791
691428603
95323723
405012256
402630747
366759547
899362606
8027671
85477861
953201192
213091639
745439566
263906379
252326883
395882509
956292424
621659227
657798133
71501809
148157416
986844846
400981512
603815022
259186140
210033576
928170786
595885348
124249941
336454983
646545537
411042846
268169061
926465028
626455496
918228528
881798746
849847262
307361356
731190304
948377544
121514944
948835275
957699175
50232055
458248796
233878345
445034053
665243849
773834865
836917388
960167918
602796975
950492851
480177459
968338699
187481644
362099405
460304042
484322004
759949499
449491566
85531201
465091840
381520191
884955620
578430589
445984553
223705342
845648739
373384781
694457498
550634776
904292318
363350560
370409251
722065430
703177753
324751672
416469892
631211885
150802876
815041954
231002591
123676174
107383304
581071964
384616327
415540354
824663652
43325817
462596752
823736100
28144077
713706924
215400724
272044213
837243782
799247984
56039892
654181737
949772699
147003592
555497465
154098324
634537993
798995819
143599253
126040853
473946405
461319287
251063616
96010722
769568336
989304191
346143135
310270572
329881799
440349577
819317119
307986900
495960390
907062842
958789873
269080267
13987904
822280426
315636044
150674766
256871528
319904011
886563274
18502600
354884803
82806930
74669364
718288284
263980744
441236542
41455530
304694374
506232158
155771389
193623821
604242418
795781011
642848551
612720948
941715223
223235097
818769292
475988140
16985713
64304910
312269942
772108406
417934388
151415813
328063763
351908132
6358286
658989839
396890055
831103515
586528030
171715689
860981853
168680701
244984001
767329019
79939904
506427465
57069386
389783570
57751087
694435997
323166622
909513331
449876683
661180082
573560122
322013094
373939232
67851378
473417715
963398831
525552189
130739055
762691716
218969684
109722783
509432146
173580698
588403520
746482331
51917089
312008737
375916557
667439869
584218561
838998065
614616729
839248658
359267840
509554406
663260000
269778738
589932856
434008463
985802997
64730666
553171563
706350888
434609626
295318748
681733355
118416916
898523910
301739535
227233948
677882496
329712591
660763101
43985128
359017867
693823262
895482484
141753570
673142741
588927200
410370766
567860442
304481876
990648011
352878931
836939118
306332781
333911886
998732628
943618960
876276930
39782556
123935484
816093613
599397656
868564194
210082635
939621132
717271556
353193611
218916685
633901336
279165149
331495586
97404106
15414176
389130445
121889452
660467137
495916970
843224097
354278964
640816119
993735779
630748929
907810297
985827694
513449665
450740941
819653767
3342438
221835541
530326410
947021675
678034151
989866756
673262912
443875242
423777761
665552544
138812499
252247464
536041031
814545318
366812394
815671839
839134543
306549296
281285181
819008849
387101528
356416755
691242013
28967654
320257473
731823329
351715816
877917353
912195901
569551841
238317894
230941939
595523732
625287283
747518243
777873013
223700663
329166884
904845133
391288764
650301125
695082117
814657300
447298765
355741811
544856100
136845068
957631531
909952010
625895360
822519229
360938198
173256765
262916446
152243507
200059787
830863936
33898665
686775214
538032545
496129301
704810026
391640855
119505482
222458701
877026186
331219834
404473013
340310265
542522755
773452262
495177400
929740610
3282059
867029318
391809620
582883666
660302857
507014953
20327412
767699158
345775068
317146229
226187261
642904018
752440229
533634431
157822681
850242081
899887382
88754315
981909883
930499596
769426713
224455284
721157081
279089188
911980538
790640634
635806922
572701888
24211488
983766264
659806291
674357256
775844936
818441092
550106589
712939065
356372261
484516385
384458377
596064987
837535339
18882753
647549275
205381082
906509643
214196978
829232261
916081784
821971084
597863051
195696756
622876520
149857540
36415516
777183495
698991102
409396490
280430166
848979347
850720998
782851085
15436671
175076772
329618824
323870992
394828926
554938469
457032901
668253737
918995351
993033752
417593878
525111686
636691082
461029000
489493370
683384060
10707288
372048285
722579243
321100016
544291372
123765178
518918906
565862993
531487443
659392109
744528324
949249033
153257614
63479369
24398746
449912854
773824465
336023309
374374434
201389554
579601366
785193416
856793050
942489774
95441808
423217847
482708641
863826336
186016659
924725816
313703702
723911390
472717499
451818374
598220135
346941411
907903831
797559048
595678415
628209818
794714156
245872594
317643125
244953897
512313751
631580218
736740453
212283337
337974154
513270818
976606917
427693621
153491698
178771680
732663952
685415337
358920368
225713833
653706346
409787543
594307060
979349370
572201290
735913532
643364410
61159716
437132617
211965100
541502482
497663917
105734555
186360557
804410043
715595517
864131082
186042554
756154677
787135915
511027624
17421760
544867964
191686712
172981337
155793512
486957252
415908163
161306514
915589934
116089495
286478116
937847138
90509145
421085980
450593379
608117481
873389992
899377470
889592978
149365220
87506047
810062629
995019724
640885992
949932517
851715732
615533846
601972770
910377627
32922030
636879548
811503473
172888895
99297647
352263923
708887625
422024744
342469136
610758789
570779547
82948954
973079942
561953592
127044324
669698434
772549463
733323744
165189157
454263176
728209724
906044797
659080671
928904180
795391860
46988957
418915102
878820902
633912945
387404481
295677336
831750599
492269966
867063212
868900855
401641208
340946163
825752073
845050888
499141500
89554322
65585350
231004286
699312220
960487877
652282078
739713317
20821721
777751112
196397254
254278585
543676630
179467951
662327306
220129437
418844428
396285914
465843201
459338285
466824346
426912242
393934783
724306503
951843062
639905053
718247491
304435098
898874072
67556414
796941839
657630936
102291678
228175784
15632099
333419610
927700394
412335748
196840363
429370536
617156172
242264938
169545918
530954907
315064318
658509477
161637992
882332050
861934207
653585147
757890142
449720520
606100705
427490348
781420172
682440648
542547459
977410574
305860584
195589896
232948868
231350737
45428273
302247896
621804271
29781987
15170595
99037436
658158108
795070660
972562611
369851062
9840604
457974368
720140070
359675370
650688127
320872202
838429937
693821943
657380823
433013470
108374613
548437039
927221757
231887777
37540368
164484546
798814305
26767767
430179632
447640133
902465044
640829749
948190585
982318185
933796926
220342435
569133063
88710115
852978899
249789274
305738521
411760945
666825818
379634725
132012179
507879620
658061076
995373801
25309147
396552572
740069275
14359437
549413593
791245540
392022746
853844548
892763556
350131528
777887030
97940814
625428081
35380590
905146360
379803695
988713892
442585210
427108072
815865136
581277702
29684603
150111218
514004306
355380321
628339278
565271769
440164930
63988637
1217199
450574141
443445779
956468677
248178696
825031855
286866564
336226862
751209104
721825139
409449829
157205845
295875053
400262818
8222195
303139047
25982867
818563375
343840288
675970878
277552743
205106462
459772007
458580284
951475427
837520063
933912132
405003912
994181197
611530292
15214817
488698359
697502512
240215058
2243673
376957560
287663651
288312786
651075327
169768003
201179969
38531144
674860064
88375262
747057763
945673824
484645645
599273333
4559996
10340697
889664955
269750123
861895128
804654816
606580141
798919781
314619144
490389985
314047248
735342480
223052449
360498536
128071173
927306680
219803720
86721499
412994250
710410922
640503748
836308933
751349208
452811693
714993446
142864145
660756309
192888089
837819108
866882500
761851455
360967713
452407598
253570852
886925962
181137964
399757871
179055292
129701484
968811685
512197635
674523386
889986078
183298013
749695851
732167731
528125476
957302733
230294197
407359492
663191041
22526275
368942355
642016734
423373951
944854865
288533931
317821559
209222058
615527615
198456354
851643377
55693280
428281648
563071688
986140190
640542267
561950780
785048749
91019279
954053945
989035355
39394389
686322341
560139151
544881728
146620152
20985040
188822557
235001938
820716737
734212990
239256334
818391426
653856110
677343005
311929997
315125897
921308662
480018218
265127759
367995943
763190558
764036311
38943533
757896949
490925719
800863675
809593829
54500315
175151365
300975740
57072
553368891
17464176
272561116
762010817
852682206
534044782
33759216
489373871
543607247
251147697
369851959
550947884
864316049
135815535
479196049
614117544
523869822
775335488
574281036
193315377
428059184
694015713
442777395
545194612
744892327
764462337
806200200
437839277
77970498
101476854
416978112
486543233
33606009
76305552
274217865
726965975
502977373
968477682
215103642
889175591
53633399
461666480
561652125
794143535
677474325
126931122
544444163
891606283
855911155
79378337
676379628
382138316
375419064
146878301
417116347
839162406
934640467
414093025
708017371
885817729
745716567
733787818
988726035
135079881
333802708
133630735
841755664
332336825
996577153
788048781
143022486
691642653
498157748
261682119
863157219
447630241
297442889
575962893
369379888
333192869
969170294
521780305
552904473
566241223
981517565
476266533
836818970
89589706
397765133
196339780
62649880
910145976
550263530
39241334
961813965
813896131
573850394
810123917
380967964
504175173
188531656
280999310
720214956
568752203
737475558
559252796
489170296
16304771
802658713
779416098
410655032
938993477
553308206
908003717
372539097
720110436
346766409
56761976
565173087
136747499
832262513
933060960
109098689
300556356
652245226
454265625
166904984
219802130
855859752
652420117
967815742
119770220
953951338
456321895
665191872
673470582
795289193
638143263
648004544
351684255
881197641
431958277
725527598
337117423
699778239
769356583
989781615
205729588
325173756
891972821
528800558
697682902
828043287
124913582
741179388
932144927
615730781
765841617
178652032
937522949
51028300
964115578
72132414
275150234
780386215
818742316
508137084
393985800
685557966
904943709
391476970
65088883
722389052
603461510
145335170
929613840
624764697
400994938
470243328
511383660
58574971
213787782
464411436
404479472
630658216
192780313
738815848
811082373
370907720
183258249
295743640
116311082
45918646
274536724
112110937
576286878
709172833
495001613
616344304
608073190
678097011
440910691
857866392
10653405
360574953
336461103
176898711
148708380
993673994
437114314
273737883
285656572
261087689
971929789
948617148
297965407
836475728
765284250
32861281
25239653
98201590
820175376
961222806
426046609
949056076
559578521
600596509
969930924
76667261
124506141
440618200
10645345
990713530
950348653
659011971
819006433
39124120
550228294
646855155
829305860
779679568
585108362
602061064
767143394
659250658
458827694
939112560
126450372
397218194
698028380
435558270
651145288
363953572
268519016
263620116
718703627
720558394
915383560
97117970
95650801
773560005
526813215
476806330
531167815
177846138
123036850
916707654
53108691
904400151
770544695
241788173
947652468
488288746
135510380
738779560
517512765
278175046
985847854
603826178
337055424
828628622
695630362
451471130
672170340
941379567
549688504
852384439
609046799
383962381
964553431
50044710
379922552
377679243
565438574
732157183
567968707
947704644
110310953
409997514
920158778
470813497
669501213
766821026
772992082
867404839
353229540
761347546
747792106
272228031
813428327
278740726
41289809
199960598
709373928
162722769
689959372
968396820
805148082
999182332
692199679
519203547
235281232
229827588
626013829
758646286
984837806
738141715
394400523
841685672
692712996
272191925
662003127
510352815
415796231
589638581
547740868
92147510
889251208
241616065
766029580
953290289
762744743
462238188
489136274
220451676
970694907
144001236
680548197
663853338
491244437
851341695
490651702
727670323
750471733
980862890
395505757
653022464
237371983
404149325
487795897
109472145
798160206
878273138
83098542
338644961
208124518
899382281
460367028
827886162
384139158
299494410
667446797
73427320
484241384
746072740
107262006
403574055
927003976
230581983
669967986
83650979
944809484
351208052
651456307
398357823
523793128
619627323
942673514
935378248
122481765
422401225
481711472
581411315
997054728
650068096
494286793
4201928
158790568
925349020
971259997
430975509
687666376
204333441
936185779
783323567
850533686
691929469
748051232
843001239
373376148
743699361
971735221
911712897
767761313
198122980
584842314
766371462
27841473
15178409
792996285
8970160
829235710
700307342
436126828
921712135
280027451
348761381
106047732
788924462
22160877
737306627
508956228
830337437
928156313
827525572
79681602
1138010
520995016
889968931
525432595
113218205
565410324
568168474
557622959
884353857
57122962
780547263
738660740
298397642
269665127
222620870
536105831
823601887
720126124
72129838
622659766
198843458
338744984
638377180
80875343
58673051
291078674
435221268
540145021
60090124
379426695
326887852
349643141
388962302
622449111
432428644
399095677
171696908
275169840
29356143
208693424
249437800
378346449
186668877
478099741
893364527
825044575
290797573
444548959
103138390
897293723
124612499
110624072
378620713
99142938
908358668
462890738
682347720
588121858
120288114
491259519
363651373
666795216
354064494
17669020
849047640
817137692
710818072
61414135
683303713
562033645
136223707
196392919
22322290
743765616
392258257
925694129
268526891
606155246
466207762
452265569
750964074
597913026
418482230
608885214
568271055
335444491
52932379
123425062
79488767
71013687
278889035
687667199
625158492
799286759
424218450
709117237
966702019
103913147
563106970
513736485
867015865
360062557
642612189
489690204
624504625
498489167
822318644
11166521
354745491
723428441
872750585
21105428
49456896
3840858
306256375
593861709
709998856
951677783
194284446
834583156
481735294
289478650
4781994
636222144
679654787
529119524
537197303
707489482
742550186
39123716
100975339
546714372
331676829
18592369
495418673
128441865
640297150
535074824
924257593
970553291
624053676
42253768
505826973
307284611
670696406
895625710
419128515
72852110
533303595
351799018
981430129
357177381
54590992
599359148
415079950
670028201
659110986
353691128
157391468
360225869
86421509
912389075
730755819
962433443
356617924
268373173
60586219
497248497
497951247
811589007
465368675
337427279
542158720
898216422
97663063
710491438
987653875
253877871
704634774
152787384
142553154
747150482
746084981
403987049
327936378
419889603
240223859
888938859
266978977
78884387
600309504
704397121
501797607
820741294
508529166
241161413
447856664
708566468
865801043
998612045
576011421
362835920
995620970
678315241
156163866
409426865
715521623
400437653
583875621
312527402
421056732
751130982
412146073
165771551
78239028
233427624
112381321
46279405
699674017
808078056
551025523
921849015
902568124
370094443
198680101
662938235
256071637
673815969
349301636
912372324
936530652
408133096
330350895
790546210
218430082
505671314
134174370
503469663
382569983
623399969
882571837
3297020
263280163
519943774
615763271
364232947
7371741
706955666
252493130
860493049
980548697
671550250
948832513
98956533
546308832
291422345
908615716
168568493
218088128
145322934
845955032
91886153
962278350
322322138
225837357
31330226
388196339
712204334
64285076
506981762
924988761
792765138
76456142
279823879
959022542
677233694
68109764
514426273
381115616
229380991
669252494
358816694
510503440
388680533
647412808
526701374
948169410
301501393
538469370
944578346
16084916
68020370
209789466
177300076
403978681
688072472
946082522
325575740
505855120
96833874
94540459
666636594
768803325
759519695
528974152
707569124
881180539
144809777
704596909
939381329
773225837
227624294
526491434
660691355
457761622
316921027
489108528
657360660
963832425
38666467
751784191
207622082
326929538
16713459
561455385
125529905
20668900
859806715
271505346
432093420
363535712
143033482
507080496
726300908
399938414
524166428
724083469
975442080
399172841
25916672
146492421
686934589
440808930
763100967
568230774
748922462
829000914
259630526
827113428
629562711
419442791
196019056
67197248
849932613
844898061
934051943
792391537
636562588
84804394
805802849
605098046
611837121
977794794
695552161
528452591
133121203
219668266
286043447
353928927
121251116
687929727
968076229
531120217
768545520
24377834
901728371
69153098
225041976
288254450
33725349
742771298
170317812
770830098
903986635
789944532
875589353
854068703
48417910
74888349
29194482
29226608
915597546
461702258
440267064
352109194
327150975
865636309
114752435
42195536
683009536
257144542
576748410
580836181
337947740
623353900
265457575
959597901
934011368
684959508
695611150
353340087
959475031
599438175
990215788
435033252
853807140
342602296
65184324
863699324
471990196
295909317
206774675
325323084
690413897
560098288
340675596
387242591
6903618
171589669
412272496
35742468
691075909
753857079
245342401
40298302
304219248
568226762
775575807
421759052
171910710
606330019
619340836
229434789
679198336
488972941
923943473
139599028
762555587
84445803
527560926
177307295
240011148
731672221
452137076
424184752
73998029
679341403
798157428
818708917
977926100
967383345
486392519
787458050
399265934
70966874
25443974
247936600
262071247
474257600
377542060
709895102
885431382
336277545
436604713
349893381
257064677
224665466
37167962
736961335
164762231
854474204
447451207
935079351
636135668
134697703
13476523
228643855
183658026
828888114
916220843
750822060
461562829
407380412
642844562
519371025
511459749
142054884
671958921
46654279
529485917
288673985
846316012
986035655
131550045
686068467
470207196
75005748
680619344
790557482
614443490
467247928
979874301
427556921
990032498
708871963
932382508
865511995
584970923
30954026
390810835
915227113
626045758
739009301
199380889
261184878
939362366
627991830
227264357
355083633
687224601
103066170
891176187
603723581
238378770
619787763
979188228
995010538
283942086
109522136
340981302
421685788
285247208
233831875
205797906
564489359
277293386
48147509
920506339
950217041
833338907
819417885
478637963
284205440
696995528
484227283
487503065
303224218
115045150
688847470
434942900
638367316
666861240
490256182
646158524
151238197
834165039
874545303
735980523
619572557
396511228
990686186
220414484
405682491
533999425
222275104
588556554
926379262
572991075
373304132
598256727
657007546
534917859
805644891
557435332
516091427
178037652
474331318
693299667
950771325
248433837
714905026
941377983
348614102
60632271
957821055
826916211
212536991
821983700
254631840
522693940
91072410
142618796
853283702
845234791
744369126
757804356
565794209
956471229
550261492
667299625
200150480
968706267
889043427
549454659
124885396
791750386
342163802
825774465
434381598
16214965
744118221
9406661
920203138
774368471
989403135
494701263
71949650
672081797
361092300
957357892
242757213
592819912
111495034
926355390
330884031
770402215
777360619
733858725
711031415
850046631
293361099
799452244
322901564
746147221
310770422
718605562
639046171
54413541
939185445
22648624
594649950
646839854
620962142
330725866
455444668
206574919
860428030
189844147
963880567
463995451
680992126
687830598
141250291
223951537
240872653
793953074
746812808
601602622
878434253
882552359
580486438
469260714
311767092
625830340
622782804
751242918
969373538
71002380
270045781
587473756
992295634
700444169
183653220
42949112
942816448
690330329
72005861
304824271
376119002
710783005
486876031
852317063
832460770
694013409
108516419
589222057
49494632
743936776
213282422
527221240
448747396
981526657
731854390
590907291
152607805
908443812
796050517
850336926
288207686
196067817
172705218
737477699
852868425
932833962
170156371
683261528
206742995
948824046
186793032
410300397
776771576
794533892
621961340
23982637
924886522
292408503
942996205
628493369
198152887
630278684
346374157
49408379
507946064
616152652
588345849
330143880
965523604
720751565
415576583
241905399
854505239
866453387
549868241
749518677
549686112
581829964
558654159
760847660
548449005
814938672
968759387
310965583
970476804
110820344
164657059
82619665
559316217
161027538
411205143
944270868
399404936
213822055
860665031
894904448
900810321
650439918
66767662
19484898
789970934
84911028
435855744
606746264
724303449
457951335
606220743
304200353
392871752
478189071
373366594
991943319
621487073
342335896
435627281
403669798
302056453
934007893
900260724
990338965
686075207
544002929
842442517
458426321
681040544
250431287
777280391
848488316
316270586
264346245
979151552
904504376
777956104
115020517
882495417
115643488
534947369
580551970
94022546
460466342
251879488
924398293
14476601
168948447
962017609
777060681
23041917
175098443
460309553
757301371
434937126
479216519
184557622
934980995
828178920
710709793
104712796
849787233
885854380
937347048
108376778
731966532
49510052
30896163
362605291
525183893
922908750
744285663
252049318
236833382
90396878
678085626
860617058
563283495
352298505
453552401
742298639
623776822
612344409
19621539
872308793
749663064
39858341
934609056
495746140
514418667
60664330
994793367
169477964
828526178
19121087
876292286
369594254
85857817
100541019
797647478
543268508
294288063
236067460
35203734
139611152
832356608
516954100
478264576
249573978
2776555
409026139
919674710
978487841
739985392
829941475
2054255
701713275
378721165
191191344
242420349
257087696
117891897
126020959
671317025
562925067
315494077
30687813
108518449
358454829
144397824
252922938
187650862
847986409
253187969
455283325
875748228
876034918
742856154
26356369
739509324
884721525
437448528
551949017
916522775
932820602
284324258
993873799
121819258
264313173
609117271
655875175
638581798
351776086
851929462
825215981
786569372
479913103
567645087
919923
973624744
837613975
158046487
93552246
101386899
586236533
313203190
508020096
200298523
573467951
973503581
168411282
236301834
347072417
354359224
123839101
51690573
449263191
881480542
33934251
388676990
596856057
754579191
903042205
769818763
752512706
312303192
131697604
320631209
475629902
861566031
751164065
599621893
615092844
887087205
243755049
467700563
731014675
79837141
202456989
70382109
954839428
841874874
317383933
831186295
257055904
380065948
342317378
609686260
554909759
370071137
155247285
811232484
166079308
195592961
856415581
51430778
351900604
828767369
272705408
606533891
810060310
176268921
786364234
114486847
201218603
396094101
452049885
47519968
899041614
255903693
654584116
169131895
9930284
497087563
92846265
854523443
248571816
553787383
441117242
804346161
161817931
102736935
193067756
331320571
252315686
55528912
512056618
247007841
171444102
247328757
727767995
167359004
418749105
99942180
816511065
781319885
219570275
451798332
365398765
525894726
640998970
482875030
388728842
224817789
302091396
96984063
636694779
992716715
576088011
181666945
385671591
659487517
406372486
844294033
475873538
877738781
319424157
309366146
353015888
944462786
176863622
505368852
602385264
739138384
896105725
717038504
89326150
954090522
453135148
520431395
884974725
522443371
687386312
743924423
804691190
474664915
663769130
699658598
437077255
104240710
211626108
607492035
298526059
631738122
663733695
225091086
417501304
745510666
490626931
653642077
354176317
664566909
479290436
993463299
604003015
647630208
51441256
625879839
125302484
180177899
25620208
558990231
337571891
901850560
756801344
946304021
291747553
999261553
313204829
432899967
274556704
853579241
908958558
153933267
833203821
443577354
658127469
864436406
795479303
463920138
174299514
300761826
764781530
737067449
502511274
322105488
985533703
585263007
619016027
645959058
731462596
225168154
572937380
434607390
205601469
736499153
980213600
935768559
209044083
927953633
94475962
222423891
471325524
271780656
693899403
423484538
347394750
237804544
136658490
362714517
482309521
104134212
623290154
114252025
281888630
913707613
656632987
657946837
168691170
698085925
946285168
907260992
544007189
193209983
266879248
243515571
205681435
896980129
546069549
864845462
655281141
786455422
788907938
76152554
733399511
467656146
973136067
638754606
233741842
812427532
640627083
435168727
604234658
945939182
747266993
29217647
765106602
672014322
45122988
584521369
595927952
402602643
20624064
337074520
699347047
197005569
843252352
922382878
389581351
929712191
274377528
37140012
659261806
59125837
735912049
230745470
176920021
418455170
515251639
612834490
389728286
229808583
171863880
838645351
955376898
878033555
667327926
365731663
159176334
549987335
723573096
10955339
858913771
605387982
389710786
238243211
772330026
180563532
162851811
206383487
672178653
33840923
826311128
605430117
547222329
521657139
974128887
166829156
855515484
224448722
976904737
329389621
908513317
369098398
120231483
688403715
765028087
839890175
254882469
305177452
667981940
904547709
670214987
46899358
974896007
395865376
593066146
79612636
616378413
480563359
422040954
896193337
230365276
901225892
428628288
133477367
623444908
66224593
864098939
710997283
809911125
943509716
79426987
503803322
3671456
565355281
7239595
106156582
428922928
128711036
542749558
288963539
997592734
365095689
469594151
787473653
824423783
878354066
687515308
617703249
28757534
487812409
905554835
118002367
463032323
722399679
499367887
67852494
798055728
604081576
185487037
837666719
807538350
897054074
358868009
916429709
572430194
251422136
352187808
90596235
336596669
333202931
251668616
146133498
644377252
630502816
816243216
606780449
153608738
958378741
551717230
747310563
812617991
226570980
606363642
316505488
4991612
633588992
820283887
415873037
118984065
701574968
672590063
445505653
332079983
45956152
221965951
47490336
26002533
398184093
193409249
365990043
735523887
397570052
527585068
78233843
852249137
299779027
404978188
681735127
934822271
54146615
410874192
630935265
793732065
997457164
850692299
836536592
543024538
580041645
90631794
883756012
385936725
188714164
665530803
518289426
589494098
349195629
818495770
538555659
99539272
592037775
471964577
582184700
145542556
653557351
395092103
218088443
535346586
340397511
418282886
442307040
649855314
887146055
741629037
970130921
284239248
621860717
344893160
274176922
762497271
44424018
571921435
597106149
832531165
736467621
115805056
646214371
984787455
27457209
93715680
936444761
386894130
842280521
152294564
229321331
610225705
151814840
842066291
547272618
885888080
262148197
959398466
849706051
452360664
443951049
768133434
678992395
560880117
896026857
902635987
155525563
557628836
68326267
589698622
30062031
630213909
529810585
585336663
314740004
539475359
830171345
163758596
306563608
988738368
187491229
858260594
326522006
947456942
628248978
902028264
565768537
508713018
791873522
624215863
780993581
950509230
829449872
712642205
554245181
159117323
919116521
138351297
264038063
430068157
319188192
963793403
524417913
266310848
272550544
445357577
6087685
87820743
228218734
630521064
450593262
768281855
887037073
375440077
921258570
994860215
84184936
604894320
743926743
730728913
22438998
873802925
881986956
870935934
277290128
116341385
820446905
767839711
796672214
885979777
335977601
378374375
228923540
80147501
791193485
908413993
727185034
66454724
128805415
525376802
955946975
455084654
305455196
641004573
81118723
297012755
17645010
942114648
311954432
386776767
159949320
43961889
848372871
601276198
276044115
306362761
565083870
976368200
557734954
964801416
696692846
149369155
865186037
396289689
962134811
263045662
926709469
36547449
622556952
838559716
322770867
847012162
231158129
433628497
199308825
191878944
542953076
974198995
839130375
418695576
471943667
14392705
539932696
413264956
825632082
939405290
978316895
70052727
469028998
800760937
656409317
444097493
884966270
939152327
592103548
506425698
33650946
776752751
651783067
374659862
700690430
456614356
960917264
718270340
478810614
704024052
898496645
346132600
195526939
878321433
709869232
571385536
121285578
48520389
299465337
907876724
51033553
324961066
968257672
621540569
472824177
699598063
360031513
944749676
294587203
773215271
181952626
221357626
166567284
66360836
119858745
735324541
666741248
898981046
475133841
257228416
557661824
602064123
392828510
271191249
406166738
691644231
76341884
76784436
24118546
528579200
175755215
658427798
268966286
429789808
784586926
413997616
806019913
68167559
113070293
113815563
870050362
869281227
553110062
996373825
913762339
30682095
616454227
54265837
97225163
374185843
660186475
543816315
990269819
897574622
349007094
996719306
976062764
37146731
992751716
805142325
176270668
630448215
585584768
416543369
541461620
820839970
671608822
171374185
793014286
797839615
609565694
396809114
981000166
63624835
112935956
463982088
863404440
511844314
92091606
982973566
724780327
610137903
971196652
670306387
451442929
394055715
730760522
466887729
147343028
569771995
557610574
910424360
549027137
992602947
100770188
379754765
231236427
567425455
890049233
704415046
579907853
14534655
689196618
289654249
836381773
804690592
487208187
246785299
405030712
399347257
960338072
503056753
349592065
688319812
83284911
665937426
138008249
943882682
989374964
840545150
916461063
757732611
226449501
333030682
758869913
271830405
457307182
890795418
102311792
289327511
856105813
367690505
93392955
165180258
63763066
555552095
211651140
585803781
6337933
666286334
377413244
335321721
434616334
517820806
505814770
860438510
388181857
892358907
552526651
462553142
483670532
383243339
423287980
555473384
267318162
500342870
582515857
978439755
240434980
733289787
686581081
556210711
384659820
306758962
152478613
160433080
100767271
859609631
417432583
183390081
819907176
356053128
308549636
177649028
778860859
549702386
859331141
855710871
813029818
100373574
95539189
233998979
210744407
152933016
701689390
60222566
656914355
750293089
497166361
827659739
483685732
490698730
26274486
863832178
866197326
424410284
380076319
153502139
970898001
245047871
473330681
63390889
151693656
361536591
409251039
137952849
512908959
564568473
86330139
5851696
509537274
999888747
736716313
943485469
685157169
307345130
290419559
294389631
18253975
362256203
703342722
987384002
946502647
94755449
87866502
164837727
927470148
761555273
725108269
133333458
461295653
694179885
471907204
890255263
710484718
472558075
960504672
24038549
221130523
408053284
828663291
398783828
715802159
871552697
663259264
292439858
158209122
181229287
250212988
549647223
312426436
366131720
432530623
635575479
728981940
964236174
415855233
408903898
202705756
936861998
132276798
232057475
726149100
476130510
236564755
722781031
583703020
484505391
97685931
757239783
670312029
890124744
891187672
226300782
840553054
829187625
229167093
818026163
807516010
210260141
634505890
33953216
743746530
224909017
285899371
69983022
405062661
416381122
831188688
833326985
233158896
255977283
701445872
31741049
138827005
4043273
497833521
161854140
230389500
587395215
711512604
603173090
901995305
56733243
6172587
986928689
801912895
654432791
737982122
741464539
134590281
148144601
923428953
993202156
943746603
151698782
29479695
167232777
606534922
889388130
107721014
771059872
186661576
291899226
944577600
193562956
81375423
429801604
600800408
722024856
39053017
409567425
496932643
633181279
936447241
377864548
321307340
349507348
87525386
896416609
958689736
383115438
160902563
573564138
925489495
584320503
533532940
952858861
300608963
393891443
574145310
414060240
185346513
584545063
888085703
586064001
543328462
388741245
811525227
446406763
717320146
457592706
320078965
246148868
77652241
544585723
509364599
377353180
994866976
881048957
577617978
816923970
962672520
169979528
964724176
366555603
575336682
823796098
54773402
387514480
613410701
13505744
434107959
909187231
886238286
894301768
572733085
206712610
717879203
912462177
919794590
891345815
210972667
806240843
831853238
747906545
772396747
620108825
172659414
772957707
886121214
821708864
109885641
587462063
172801963
341792467
444825823
701309720
99381740
58977618
711685518
586167638
209849224
559451693
532157024
656054394
581349580
845148655
211483986
574163037
547873375
204106394
122294131
886276224
247767953
865244495
284205973
987331238
563054045
863771650
364570155
213109759
58087066
42703506
716471951
792653709
985573666
815455563
506570062
113850512
384185231
621726878
66706552
342375380
632673010
744362392
422861231
757986320
69530646
615150438
133494146
827715748
860381370
46056407
641527974
622845458
951379461
627664398
61246956
719728308
410535968
841526072
259043971
251203554
853461441
867639960
866924984
391969101
106975225
240300215
870166554
836490723
395900075
122808576
7939908
433391075
651823867
91969249
697503993
751439012
667727627
495282416
650965649
415243190
767725005
665520436
806684347
896468281
636386821
538517635
368922956
598539851
587841135
247765377
292353585
789170837
718136076
638336927
732517368
265968566
431994193
433370334
387456766
700597484
132226953
752565085
164843023
338522956
468425828
868681950
378048427
833693823
365561368
804556555
896330316
528258043
776937672
175546214
706213950
827394709
451477787
413119110
792284926
446416047
203463444
61768649
439812385
3733997
106015178
706832225
428458142
507540976
177766137
933716536
526238082
462956595
373898019
569270488
912172188
693950084
515273660
94760493
352692854
167625744
19406044
523990620
401253545
223731900
124009862
255669079
777912764
954005743
18415029
461812659
234264479
410220771
101601213
529761562
767213096
3379313
577359631
858765712
167312271
640475415
432771181
805240280
789457741
921476131
570279982
565678285
613240594
222242046
160886988
559217831
689031098
616129169
530156766
99111255
865082301
693137256
298938519
13966104
435112636
355667703
748174363
557177959
149360251
174133267
618281278
119541430
404025506
739419857
782849044
529801451
616197865
560380571
495742613
632081815
72592713
284593266
784463680
915134077
595581968
96480530
633119691
648703750
794065025
74068920
975005120
578993687
401292284
199302587
118735404
590103088
754579800
693863821
474240848
979878037
864208066
257628030
682447692
419380444
781376863
192928292
915217346
702782915
518727973
97517637
154097928
805968394
962216194
260362020
744295419
409661228
704021612
94711766
932083218
660692658
91138938
363480782
652835907
906415319
961497209
321420372
212099492
15973018
949033933
507426184
513830034
235061385
312493571
514442749
253768064
752495358
622571655
319233907
558899175
934006426
733024720
543174312
242218347
61219749
289136223
43613796
84975155
711870945
41080219
453872334
268796764
635272376
843091884
520652169
823985501
314639503
661489600
155665262
991643017
992376758
927456402
616898452
717250585
420313312
102962845
739323957
843718166
982133607
806495778
646421807
768845414
48883414
972368260
130389659
802754845
568895641
395190730
511212413
861926996
236004244
694985120
736502145
868352828
286414535
728941778
138462034
682756264
625555867
315376920
606800263
72977298
651164863
171882388
394907482
941923433
349757597
276004037
744534959
801318431
220744908
247603118
633313123
146968199
299213162
234932589
709435214
656605158
268464655
516082298
45053409
654036023
107926268
55051249
164225667
745090924
165616215
165118911
405067929
246597514
270764031
303797917
299134681
418741197
515804617
223138682
314091423
555452734
3966401
682209810
649455994
587573938
771962840
502378021
293215166
232995046
686895546
32563792
990057579
622567812
364925219
463110236
957864627
338199778
165377039
257564880
70927642
650167761
65499560
781708170
259221712
237844077
4616238
450548348
478953271
154211878
850536775
229551297
679955770
439014158
963790818
316443871
302821668
450000383
309175957
927538590
197211869
211551494
477634661
421276736
468606874
861501577
657794545
264953781
388572435
899490144
716714623
424967851
790060765
870429973
546663862
755022621
579984020
444622302
979625202
118437562
817858693
280961028
34115213
138618733
950445427
874161505
793615989
161994738
334582784
30189801
899964424
189205699
118528476
776633579
550285522
101350431
75841320
192803704
358809411
428067795
564978914
786826174
58267040
451109300
625287642
380309558
986054516
374030651
731940757
855566135
583179707
97897126
855618980
679817282
185808841
942654372
863367222
452882199
18195412
156872165
827429820
698127135
910838207
715919687
827034459
659551387
2466458
145392158
758693972
501909775
943807809
462929864
311933380
665133507
160334311
457302440
299796174
417289354
944399011
890345167
23272362
565765263
965635656
114776066
183866248
82666195
707938681
349756011
920203865
94056217
707452879
528980433
183538058
377170829
417827230
292685168
720837640
463661699
129238808
570742890
135039893
779447994
212758534
840659212
846298992
405468444
29987011
752212057
143445392
851320605
115053337
221951274
69412231
863701037
641896195
518332755
382077273
919023119
921690818
12067862
316412869
347458676
405311075
683329821
320883473
256098150
508030007
379269456
90392784
895723291
415506235
658838899
524807771
670520001
875196776
745937399
454497359
290248833
320049271
891361973
18808508
516938930
462650304
364531570
240024425
286808503
311553587
100152591
554740332
833769551
671253547
599108637
500823065
246389682
699670044
792512315
615258973
476743489
837933883
495833278
326681092
143679758
470500405
582386747
397602693
520169544
866110790
602603545
240628368
725936988
229229549
129383074
465702481
429057156
374636956
641335871
654424986
627318619
692108177
319876910
317121787
295737207
302034425
572521676
126511159
728808517
955415908
835282743
702606509
899866491
562597527
427786893
171256973
990366421
612275623
98256984
623749494
114078991
520067922
345750362
290648116
733693343
863782383
292092065
546795879
816584262
199710599
109056450
84061998
582290715
403267737
339301386
113258381
676046312
147410418
384818150
337179560
913251286
383288141
838962896
626640294
449033016
346024565
553358088
915892099
884080315
51181135
581952372
694855096
730641940
832073327
190681034
293442244
204075863
740382106
596885888
688727123
583960033
491882727
363600090
517886370
733382596
20268228
235182788
847395156
665894341
707184480
322535470
250716919
882369684
742160833
360806881
296779387
196742339
976359085
124631539
589431755
235460027
726283837
193128699
364043474
735501740
727158244
146154380
453947926
421308894
129573291
452576742
753143954
953669085
506594716
980800109
509723923
865784631
34861350
459992748
638802808
899716895
174880533
949638930
21526407
965234994
425717857
819734331
401712681
325272394
189546611
881568573
412113118
957181015
694079922
736497445
117341366
949177093
957939413
718541238
657766090
902582019
273114323
256221708
426470813
206837425
382389559
541524776
15943968
480485630
222514769
742938113
537333089
311285308
489703007
4146182
900636966
254667776
78545489
786827939
954281252
55700854
329433313
167593865
438665703
446226146
121893434
315345864
162852043
800202702
973287483
509598003
836700469
518624524
747562376
595724144
70525961
404525697
542716533
965740229
687596041
552480627
511959112
404960523
355008473
666537835
734069571
390948551
617756431
899883078
17387403
155598068
968639741
731443736
933813580
662822007
764132706
809336905
272834453
769098007
367679323
704354449
321703005
472858903
233406561
997058690
168901686
514827615
691137120
342067207
614303874
320287096
140115795
729365756
826837758
166828276
790824893
831728651
38831103
679027150
265374907
625270448
7084854
473033237
930776815
546465090
863895314
861497565
45168247
952003338
237206191
400989329
127578288
389621955
556278199
72123972
724806453
595576023
427935102
304337365
17824901
809898655
563010833
81357078
652632465
713562626
430912210
717348555
228016112
578745760
807271243
116373297
922093205
763710720
651223018
834359198
337076492
406606923
922733908
219177158
816010453
394300023
702809321
71070632
520004631
374298883
959791874
120781538
226302461
495593453
386694149
712844747
517042038
425854554
566685510
216356436
283617488
107125643
994636469
651056216
321961761
769281514
408978130
727474654
250707044
513372877
12452262
647400782
921712797
2658092
741044202
375990015
841859222
48959136
92937038
536623784
869191990
995591132
594302638
731074509
305289873
235692671
197780639
262697574
865541170
591926561
438806097
585844185
658319396
157493421
103945581
414600254
280840759
372750341
383064636
75325709
386791955
471754320
305752545
56763873
681122550
816785091
62423536
910247124
449281775
211132669
343787856
655618418
43318250
431093601
301956471
914234252
468448015
833825314
693001338
403707652
764134050
86214261
335875352
17941735
294869594
411377594
343993896
22112762
344721491
565801170
184203015
500209327
598413232
154702531
847634065
629857474
59484423
138493161
163369573
988067966
48250743
931641524
527541066
885151379
194554722
370684414
198393540
579324572
510591553
956923080
658719487
911660013
182299261
552062509
979081033
776714072
527894922
802693565
590286093
53420039
940633907
437416777
209495471
577987561
845547875
974785004
639878480
232470541
292247845
794336092
735704647
293906125
89758344
93156978
241655090
685016802
282806210
692579007
258702958
714115577
645205976
108439134
591007834
266825717
386438409
729409766
849357188
750317908
446773014
545783540
456902132
651377592
202089621
756443777
567285263
501785753
143190945
393093103
140058510
301706433
423688840
550798317
347124396
745105405
950277742
958719029
259467811
229410631
314606015
799361996
242642089
434257721
591443178
429114916
697498072
626233860
351667602
136710275
122751772
237911862
435432882
212060919
345247424
44645645
477693053
101743547
984192349
10180760
420995347
243035946
365533675
170090773
128528021
142763520
391361406
236380888
639437312
89054364
729916087
91027213
302945182
793049563
585784269
519293831
909010045
223363920
464976435
926542638
818409075
809944972
293376480
533064879
881756386
754056730
415019597
870764823
236347172
75625516
221927141
396029259
652395878
861055697
218057982
486785511
345387380
801173760
109395016
163806276
904229509
818709446
310608873
784495491
973948017
260552743
421354268
362969771
209375302
895893121
970360849
149124615
618531456
671386586
123514234
769998375
119369561
471265770
568022594
730074575
215208138
322354121
485163633
691339104
702175011
780280160
564417940
331902334
899079366
613579600
759502275
838167369
963176232
585457582
150936430
903258232
175303297
528700622
913376182
397260392
455279697
641635224
210704086
425235199
897926516
133275996
782183628
561962588
642526574
673061756
915510959
333051148
602289
285363582
361307380
640151379
188184984
467041471
472686270
355568579
377479629
528982722
74993789
244390972
364186831
168537165
951083278
954698423
449446231
929704194
388067990
295344479
903251649
700887336
632106108
823570580
385161784
823292325
175267847
998002558
458559738
231038710
941971598
393290628
794980498
832919512
122994280
613122429
312127855
402382611
430903005
787725504
833058226
379581025
922362237
986753163
917869435
758828623
905506203
649972665
564837794
703933200
3259701
773920630
45946203
923732114
338099100
100117220
792806016
297370279
367546594
838425938
571320632
735773254
512142782
8193387
958174099
543267576
380864631
551862071
108673869
272517175
402480192
801326769
104763611
265929642
100092996
786087215
516581463
545700343
632347058
12103240
928979029
240487570
100211925
155510535
661973281
157865429
496677658
808671984
946663584
619814939
124861378
900062140
692158101
992708929
83190214
948808590
485242696
218055512
109391628
983988475
493830196
494911102
565841796
637108953
690029037
639786739
920802269
184253066
390211959
410873326
337535783
210468288
428945533
410896242
450298232
273372160
153697481
885761124
127525457
339665649
854478310
728647266
864819212
655778343
804414286
249556674
485851697
185308762
570950931
139534666
683747088
983154944
896125758
725915346
151010844
19439611
613822539
395227596
931203929
803447707
200495980
378533685
643377244
224234452
856892907
103310615
339998537
168088938
700806443
180064793
958643686
34478925
313727897
220717175
90592648
918428083
182681314
134521215
170273002
995774405
287415880
277999532
800515803
303436031
831582475
983402719
719272695
73038558
85327587
893076893
596535386
248312002
393008085
710469223
913999948
508277193
574392055
610626234
640275167
193619500
97815028
830760743
434554249
177300922
532659633
13447668
185478207
646820014
233320040
144959725
975757765
397346209
555959260
629854105
300609852
650256852
49990876
126720365
690896672
475554402
998696587
729405999
507486149
347528303
492785297
476638430
381464639
481224151
609637286
622502290
231076432
583584250
143387399
594609629
620585523
644399877
837817691
595956895
62272429
859524479
794177523
646590930
943062326
140223519
403438206
370646813
43968406
884437058
855729931
730643440
862405134
532932115
886181468
850458189
902171626
61817627
806612814
533436740
861490710
201801336
722818796
679917056
736491500
682594315
637777930
392754947
399825162
786963890
711924369
601724820
322715888
702561136
888567063
757444736
560522081
878189219
338923199
294696665
955413532
20230996
539343300
633497236
472295541
763806648
931854531
846999558
352510273
782851034
618175201
688238219
474574733
261548464
243215406
4784298
469089393
236434707
11965617
556606226
816403764
366227939
367560074
701358435
624207231
467906014
27586294
940761665
225644349
792988495
648125033
700894140
434187836
322806758
939422960
59061753
581237287
178200914
601540619
313947746
892761038
438781120
155688366
693808899
904003058
410111328
290324835
887917114
182091864
729487404
756608475
816441080
791541182
970548403
885606841
946820173
44225830
639133007
914628488
408279482
775095348
800362923
901306299
558095493
472386538
752381237
319589996
448814908
523006964
961795104
8293234
649498262
508954264
415347587
362956799
749755864
904681024
760677821
102028719
572628393
96208103
80009085
529069893
554175145
851668408
653312644
110472793
896590496
981223115
561982332
740666469
621592265
168714110
754010432
46886097
873754042
106126486
161624965
268513398
171175389
584789912
52297190
537633129
4562910
479785504
177523287
384976380
538209246
292321498
777822849
343851294
70527639
896703326
571640145
267563681
493542110
270766186
688010095
379921121
78411880
690754092
212482818
537090212
747673809
781428876
270703580
924212986
639494464
891000790
97643352
266782179
379055492
39083100
409583731
501103413
973193190
897945941
92780181
425047507
244262224
625321908
762538969
291199699
222930505
756539153
13314094
541876239
638460488
906136596
812840464
409735257
688832832
841139195
18794107
99558192
58353662
859256890
522997245
851158961
549039835
556954380
620523535
464731192
246269513
19880398
853976478
192963089
64933809
881907889
129673190
951861032
204679572
199009983
662763942
326457102
973992509
871445284
630980611
203988311
116191876
542192482
324166869
871896565
112927829
439561888
914220134
965031304
469265981
483214813
688250504
605286384
307613630
994769859
694357826
620258122
883774302
723799858
850365615
666107010
111773157
14326456
993214850
859435901
904225747
857300017
412279572
31475982
87262705
520652147
71183117
270896138
50615167
502155881
711244598
425877355
645156863
737956505
766860796
647250679
708546395
688457478
982364868
684630484
607879843
290666852
650760168
473509826
946684630
458346943
707678368
204872219
159779693
823279794
983656269
363725807
935075661
460155803
861572437
668532032
564981709
510082431
806499583
526760257
561000383
345658368
910935970
660436569
624039136
633823036
163459692
898293705
745077122
669948238
780025129
80067275
895206422
547517415
587341721
795354699
137292365
893840009
441271208
660900227
176544542
685939874
852244066
134639458
554833961
370213981
944535854
806798588
455189248
82492419
128451919
581416910
395068391
610119250
935453197
448683904
857587297
121541712
989970397
904000730
12412154
914042333
528538848
85508582
537407497
662163876
186499417
187162146
688448951
535997552
216350057
578606738
861650923
819406778
479111169
569755823
703678623
585473756
950977572
418146100
141405798
363121974
235300686
602407250
926328885
140903679
583185385
927317056
339163001
815289521
928625515
120090664
672970311
378744029
773373828
798817146
496571067
736154332
263312217
945186571
406892824
856296390
543405772
764297053
303860930
603458809
234936535
127252315
655531390
95033681
932756553
608062915
865665730
977643731
352237820
684953557
330750211
793706557
255038507
81168134
604271019
563424262
180258617
276914825
85792186
857902024
754789683
966631944
253575073
929783919
408545092
843574197
793645432
255737909
943331299
593188299
454138072
235003179
620115462
855423831
435540394
512910264
714968957
248821525
988854727
232347540
336338302
262087634
325513725
841803583
557922484
257312794
420747771
98238253
147236656
339731940
831428267
140742700
988224366
203186014
721141731
538950137
362824381
534239378
577647521
377723127
800330035
989173684
999895885
612966612
535812882
536902677
534132562
405951449
933539707
839840693
76848527
564450199
725622494
654191848
183837594
269544284
282180279
656455742
174037497
819174042
395380743
123244445
501303090
422381260
335317407
942147821
