timestamp docsize shelfsize copies lifem simlength seed lost docstotal docsokay docsrepairedmajority docsrepairedminority docslost auditcycles auditfrequency auditsegments audittype auditrepairs auditmajority auditminority auditlost glitchfreq glitchimpact glitchdecay glitchmaxlife nglitches serverdefaultlife shockfreq shockimpact shockmaxlife shockspan shocktype nshocks deadserversactive deadserversall walltime cputime logfilename logfilesize instructionfilename todaysdatetime extractorversion cpuinfo mongoid
20180928_134012 50 1 3 10000 100000 919028296 0 10 0 0 10 0 9 10000 1 TOTAL 0 0 0 0 0 0 0 0 0 50000 10000 80 10000 1 2 5 6 76 0.404 0.219 ../hl/test/log/doc50cop3shlf1lif10000_af10000s1tTOTAL_gf0i0d0m0_sh10000i80s1m10000_svrdeflif50000simlen0_seed919028296.log 30060 hl-extractinstructions.txt 20180928_134044 0.6_20170522 GenuineIntel_fam6mod69step1cor2spd2394.000 c4a14878dcf340403927d4a2f5e6a1fe6b114228_1
20180928_134014 50 1 3 10000 100000 103765041 0 10 0 0 10 0 9 10000 1 TOTAL 0 0 0 0 0 0 0 0 0 50000 10000 80 10000 1 2 3 5 82 0.497 0.250 ../hl/test/log/doc50cop3shlf1lif10000_af10000s1tTOTAL_gf0i0d0m0_sh10000i80s1m10000_svrdeflif50000simlen0_seed103765041.log 29620 hl-extractinstructions.txt 20180928_134046 0.6_20170522 GenuineIntel_fam6mod69step1cor2spd2394.000 c4a14878dcf340403927d4a2f5e6a1fe6b114228_2
20180928_134016 50 1 3 10000 100000 141246882 0 10 0 0 10 0 9 10000 1 TOTAL 0 0 0 0 0 0 0 0 0 50000 10000 80 10000 1 2 3 7 82 0.450 0.219 ../hl/test/log/doc50cop3shlf1lif10000_af10000s1tTOTAL_gf0i0d0m0_sh10000i80s1m10000_svrdeflif50000simlen0_seed141246882.log 30585 hl-extractinstructions.txt 20180928_134048 0.6_20170522 GenuineIntel_fam6mod69step1cor2spd2394.000 c4a14878dcf340403927d4a2f5e6a1fe6b114228_3
20180928_134018 50 1 3 10000 100000 681028781 0 10 0 0 10 0 9 10000 1 TOTAL 0 0 0 0 0 0 0 0 0 50000 10000 80 10000 1 2 5 9 80 0.551 0.265 ../hl/test/log/doc50cop3shlf1lif10000_af10000s1tTOTAL_gf0i0d0m0_sh10000i80s1m10000_svrdeflif50000simlen0_seed681028781.log 31552 hl-extractinstructions.txt 20180928_134050 0.6_20170522 GenuineIntel_fam6mod69step1cor2spd2394.000 c4a14878dcf340403927d4a2f5e6a1fe6b114228_4
20180928_134020 50 1 3 10000 100000 117661523 0 10 0 0 10 0 9 10000 1 TOTAL 0 0 0 0 0 0 0 0 0 50000 10000 80 10000 1 2 5 9 74 0.306 0.172 ../hl/test/log/doc50cop3shlf1lif10000_af10000s1tTOTAL_gf0i0d0m0_sh10000i80s1m10000_svrdeflif50000simlen0_seed117661523.log 31557 hl-extractinstructions.txt 20180928_134051 0.6_20170522 GenuineIntel_fam6mod69step1cor2spd2394.000 c4a14878dcf340403927d4a2f5e6a1fe6b114228_5
20180928_134031 50 1 3 10000 100000 105731136 0 10 0 0 10 0 9 10000 1 TOTAL 0 0 0 0 0 0 0 0 0 50000 10000 80 10000 1 2 2 5 84 0.223 0.094 ../hl/test/log/doc50cop3shlf1lif10000_af10000s1tTOTAL_gf0i0d0m0_sh10000i80s1m10000_svrdeflif50000simlen0_seed105731136.log 29609 hl-extractinstructions.txt 20180928_134103 0.6_20170522 GenuineIntel_fam6mod69step1cor2spd2394.000 c4a14878dcf340403927d4a2f5e6a1fe6b114228_6
20180928_134136 50 1 3 10000 100000 967561224 0 10 0 0 10 0 9 10000 1 TOTAL 0 0 0 0 0 0 0 0 0 50000 10000 80 10000 1 2 5 6 76 0.387 0.234 ../hl/test/log/doc50cop3shlf1lif10000_af10000s1tTOTAL_gf0i0d0m0_sh10000i80s1m10000_svrdeflif50000simlen0_seed967561224.log 30082 hl-extractinstructions.txt 20180928_134208 0.6_20170522 GenuineIntel_fam6mod69step1cor2spd2394.000 c4a14878dcf340403927d4a2f5e6a1fe6b114228_7
20180928_134138 50 1 3 10000 100000 420477893 0 10 0 0 10 0 9 10000 1 TOTAL 0 0 0 0 0 0 0 0 0 50000 10000 80 10000 1 2 7 11 81 0.773 0.344 ../hl/test/log/doc50cop3shlf1lif10000_af10000s1tTOTAL_gf0i0d0m0_sh10000i80s1m10000_svrdeflif50000simlen0_seed420477893.log 32573 hl-extractinstructions.txt 20180928_134210 0.6_20170522 GenuineIntel_fam6mod69step1cor2spd2394.000 c4a14878dcf340403927d4a2f5e6a1fe6b114228_8
20180928_134139 50 1 3 10000 100000 263688301 0 10 0 0 10 0 9 10000 1 TOTAL 0 0 0 0 0 0 0 0 0 50000 10000 80 10000 1 2 3 4 72 0.298 0.172 ../hl/test/log/doc50cop3shlf1lif10000_af10000s1tTOTAL_gf0i0d0m0_sh10000i80s1m10000_svrdeflif50000simlen0_seed263688301.log 29051 hl-extractinstructions.txt 20180928_134211 0.6_20170522 GenuineIntel_fam6mod69step1cor2spd2394.000 c4a14878dcf340403927d4a2f5e6a1fe6b114228_9
20180928_134151 50 1 3 10000 100000 50746969 0 10 0 0 10 0 9 10000 1 TOTAL 0 0 0 0 0 0 0 0 0 50000 10000 80 10000 1 2 6 8 79 0.442 0.218 ../hl/test/log/doc50cop3shlf1lif10000_af10000s1tTOTAL_gf0i0d0m0_sh10000i80s1m10000_svrdeflif50000simlen0_seed50746969.log 31084 hl-extractinstructions.txt 20180928_134223 0.6_20170522 GenuineIntel_fam6mod69step1cor2spd2394.000 c4a14878dcf340403927d4a2f5e6a1fe6b114228_10
20180928_134153 50 1 3 10000 100000 533657980 0 10 0 0 10 0 9 10000 1 TOTAL 0 0 0 0 0 0 0 0 0 50000 10000 80 10000 1 2 4 8 73 0.242 0.140 ../hl/test/log/doc50cop3shlf1lif10000_af10000s1tTOTAL_gf0i0d0m0_sh10000i80s1m10000_svrdeflif50000simlen0_seed533657980.log 31032 hl-extractinstructions.txt 20180928_134224 0.6_20170522 GenuineIntel_fam6mod69step1cor2spd2394.000 c4a14878dcf340403927d4a2f5e6a1fe6b114228_11
20180928_134205 50 1 3 10000 100000 711283608 0 10 0 0 10 0 9 10000 1 TOTAL 0 0 0 0 0 0 0 0 0 50000 10000 80 10000 1 2 3 7 79 0.238 0.125 ../hl/test/log/doc50cop3shlf1lif10000_af10000s1tTOTAL_gf0i0d0m0_sh10000i80s1m10000_svrdeflif50000simlen0_seed711283608.log 30564 hl-extractinstructions.txt 20180928_134236 0.6_20170522 GenuineIntel_fam6mod69step1cor2spd2394.000 c4a14878dcf340403927d4a2f5e6a1fe6b114228_12
20180928_134259 50 1 3 10000 100000 597296547 0 10 0 0 10 0 9 10000 1 TOTAL 0 0 0 0 0 0 0 0 0 50000 10000 80 10000 1 2 1 6 76 0.470 0.235 ../hl/test/log/doc50cop3shlf1lif10000_af10000s1tTOTAL_gf0i0d0m0_sh10000i80s1m10000_svrdeflif50000simlen0_seed597296547.log 30052 hl-extractinstructions.txt 20180928_134330 0.6_20170522 GenuineIntel_fam6mod69step1cor2spd2394.000 c4a14878dcf340403927d4a2f5e6a1fe6b114228_13
20180928_134311 50 1 3 10000 100000 664375964 0 10 0 0 10 0 9 10000 1 TOTAL 0 0 0 0 0 0 0 0 0 50000 10000 80 10000 1 2 4 6 76 0.572 0.266 ../hl/test/log/doc50cop3shlf1lif10000_af10000s1tTOTAL_gf0i0d0m0_sh10000i80s1m10000_svrdeflif50000simlen0_seed664375964.log 30071 hl-extractinstructions.txt 20180928_134343 0.6_20170522 GenuineIntel_fam6mod69step1cor2spd2394.000 c4a14878dcf340403927d4a2f5e6a1fe6b114228_14
20180928_134313 50 1 3 10000 100000 258760793 0 10 0 0 10 0 9 10000 1 TOTAL 0 0 0 0 0 0 0 0 0 50000 10000 80 10000 1 2 6 9 81 0.638 0.313 ../hl/test/log/doc50cop3shlf1lif10000_af10000s1tTOTAL_gf0i0d0m0_sh10000i80s1m10000_svrdeflif50000simlen0_seed258760793.log 31574 hl-extractinstructions.txt 20180928_134345 0.6_20170522 GenuineIntel_fam6mod69step1cor2spd2394.000 c4a14878dcf340403927d4a2f5e6a1fe6b114228_15
20180928_134315 50 1 3 10000 100000 666549275 0 10 0 0 10 0 9 10000 1 TOTAL 0 0 0 0 0 0 0 0 0 50000 10000 80 10000 1 2 3 6 80 0.226 0.125 ../hl/test/log/doc50cop3shlf1lif10000_af10000s1tTOTAL_gf0i0d0m0_sh10000i80s1m10000_svrdeflif50000simlen0_seed666549275.log 30093 hl-extractinstructions.txt 20180928_134346 0.6_20170522 GenuineIntel_fam6mod69step1cor2spd2394.000 c4a14878dcf340403927d4a2f5e6a1fe6b114228_16
20180928_134326 50 1 3 10000 100000 376517787 0 10 0 0 10 0 9 10000 1 TOTAL 0 0 0 0 0 0 0 0 0 50000 10000 80 10000 1 2 3 5 83 0.223 0.094 ../hl/test/log/doc50cop3shlf1lif10000_af10000s1tTOTAL_gf0i0d0m0_sh10000i80s1m10000_svrdeflif50000simlen0_seed376517787.log 29614 hl-extractinstructions.txt 20180928_134358 0.6_20170522 GenuineIntel_fam6mod69step1cor2spd2394.000 c4a14878dcf340403927d4a2f5e6a1fe6b114228_17
20180928_134338 50 1 3 10000 100000 817713633 0 10 0 0 10 0 9 10000 1 TOTAL 0 0 0 0 0 0 0 0 0 50000 10000 80 10000 1 2 8 8 77 0.243 0.141 ../hl/test/log/doc50cop3shlf1lif10000_af10000s1tTOTAL_gf0i0d0m0_sh10000i80s1m10000_svrdeflif50000simlen0_seed817713633.log 31081 hl-extractinstructions.txt 20180928_134410 0.6_20170522 GenuineIntel_fam6mod69step1cor2spd2394.000 c4a14878dcf340403927d4a2f5e6a1fe6b114228_18
20180928_134411 50 1 3 10000 100000 519606501 0 10 0 0 10 0 9 10000 1 TOTAL 0 0 0 0 0 0 0 0 0 50000 10000 80 10000 1 2 2 8 82 0.301 0.156 ../hl/test/log/doc50cop3shlf1lif10000_af10000s1tTOTAL_gf0i0d0m0_sh10000i80s1m10000_svrdeflif50000simlen0_seed519606501.log 31080 hl-extractinstructions.txt 20180928_134443 0.6_20170522 GenuineIntel_fam6mod69step1cor2spd2394.000 c4a14878dcf340403927d4a2f5e6a1fe6b114228_19
20180928_134434 50 1 3 10000 100000 715258232 0 10 0 0 10 0 9 10000 1 TOTAL 0 0 0 0 0 0 0 0 0 50000 10000 80 10000 1 2 3 6 84 0.304 0.203 ../hl/test/log/doc50cop3shlf1lif10000_af10000s1tTOTAL_gf0i0d0m0_sh10000i80s1m10000_svrdeflif50000simlen0_seed715258232.log 30113 hl-extractinstructions.txt 20180928_134506 0.6_20170522 GenuineIntel_fam6mod69step1cor2spd2394.000 c4a14878dcf340403927d4a2f5e6a1fe6b114228_20
20180928_134446 50 1 3 10000 100000 792850679 0 10 0 0 10 0 9 10000 1 TOTAL 0 0 0 0 0 0 0 0 0 50000 10000 80 10000 1 2 3 7 78 0.369 0.188 ../hl/test/log/doc50cop3shlf1lif10000_af10000s1tTOTAL_gf0i0d0m0_sh10000i80s1m10000_svrdeflif50000simlen0_seed792850679.log 30554 hl-extractinstructions.txt 20180928_134518 0.6_20170522 GenuineIntel_fam6mod69step1cor2spd2394.000 c4a14878dcf340403927d4a2f5e6a1fe6b114228_21
20180928_134458 50 1 3 10000 100000 919028296 0 10 0 0 10 0 9 10000 1 TOTAL 0 0 0 0 0 0 0 0 0 50000 10000 100 10000 1 2 5 6 76 0.374 0.203 ../hl/test/log/doc50cop3shlf1lif10000_af10000s1tTOTAL_gf0i0d0m0_sh10000i100s1m10000_svrdeflif50000simlen0_seed919028296.log 30074 hl-extractinstructions.txt 20180928_134530 0.6_20170522 GenuineIntel_fam6mod69step1cor2spd2394.000 b9b891358783b9952f24f3ee606f20990344d792_1
20180928_134500 50 1 3 10000 100000 103765041 0 10 0 0 10 0 9 10000 1 TOTAL 0 0 0 0 0 0 0 0 0 50000 10000 100 10000 1 2 3 5 82 0.226 0.125 ../hl/test/log/doc50cop3shlf1lif10000_af10000s1tTOTAL_gf0i0d0m0_sh10000i100s1m10000_svrdeflif50000simlen0_seed103765041.log 29623 hl-extractinstructions.txt 20180928_134532 0.6_20170522 GenuineIntel_fam6mod69step1cor2spd2394.000 b9b891358783b9952f24f3ee606f20990344d792_2
20180928_134512 50 1 3 10000 100000 141246882 0 10 0 0 10 0 9 10000 1 TOTAL 0 0 0 0 0 0 0 0 0 50000 10000 100 10000 1 2 3 7 82 0.242 0.125 ../hl/test/log/doc50cop3shlf1lif10000_af10000s1tTOTAL_gf0i0d0m0_sh10000i100s1m10000_svrdeflif50000simlen0_seed141246882.log 30587 hl-extractinstructions.txt 20180928_134543 0.6_20170522 GenuineIntel_fam6mod69step1cor2spd2394.000 b9b891358783b9952f24f3ee606f20990344d792_3
20180928_134524 50 1 3 10000 100000 681028781 0 10 0 0 10 0 9 10000 1 TOTAL 0 0 0 0 0 0 0 0 0 50000 10000 100 10000 1 2 5 11 82 0.249 0.141 ../hl/test/log/doc50cop3shlf1lif10000_af10000s1tTOTAL_gf0i0d0m0_sh10000i100s1m10000_svrdeflif50000simlen0_seed681028781.log 32567 hl-extractinstructions.txt 20180928_134556 0.6_20170522 GenuineIntel_fam6mod69step1cor2spd2394.000 b9b891358783b9952f24f3ee606f20990344d792_4
20180928_134547 50 1 3 10000 100000 117661523 0 10 0 0 10 0 9 10000 1 TOTAL 0 0 0 0 0 0 0 0 0 50000 10000 100 10000 1 2 5 9 74 0.251 0.125 ../hl/test/log/doc50cop3shlf1lif10000_af10000s1tTOTAL_gf0i0d0m0_sh10000i100s1m10000_svrdeflif50000simlen0_seed117661523.log 31559 hl-extractinstructions.txt 20180928_134618 0.6_20170522 GenuineIntel_fam6mod69step1cor2spd2394.000 b9b891358783b9952f24f3ee606f20990344d792_5
20180928_134559 50 1 3 10000 100000 105731136 0 10 0 0 10 0 9 10000 1 TOTAL 0 0 0 0 0 0 0 0 0 50000 10000 100 10000 1 2 2 5 84 0.219 0.109 ../hl/test/log/doc50cop3shlf1lif10000_af10000s1tTOTAL_gf0i0d0m0_sh10000i100s1m10000_svrdeflif50000simlen0_seed105731136.log 29611 hl-extractinstructions.txt 20180928_134630 0.6_20170522 GenuineIntel_fam6mod69step1cor2spd2394.000 b9b891358783b9952f24f3ee606f20990344d792_6
20180928_134610 50 1 3 10000 100000 967561224 0 10 0 0 10 0 9 10000 1 TOTAL 0 0 0 0 0 0 0 0 0 50000 10000 100 10000 1 2 5 6 76 0.226 0.125 ../hl/test/log/doc50cop3shlf1lif10000_af10000s1tTOTAL_gf0i0d0m0_sh10000i100s1m10000_svrdeflif50000simlen0_seed967561224.log 30084 hl-extractinstructions.txt 20180928_134642 0.6_20170522 GenuineIntel_fam6mod69step1cor2spd2394.000 b9b891358783b9952f24f3ee606f20990344d792_7
20180928_134622 50 1 3 10000 100000 420477893 0 10 0 0 10 0 9 10000 1 TOTAL 0 0 0 0 0 0 0 0 0 50000 10000 100 10000 1 2 6 11 81 0.245 0.140 ../hl/test/log/doc50cop3shlf1lif10000_af10000s1tTOTAL_gf0i0d0m0_sh10000i100s1m10000_svrdeflif50000simlen0_seed420477893.log 32575 hl-extractinstructions.txt 20180928_134654 0.6_20170522 GenuineIntel_fam6mod69step1cor2spd2394.000 b9b891358783b9952f24f3ee606f20990344d792_8
20180928_134634 50 1 3 10000 100000 263688301 0 10 0 0 10 0 9 10000 1 TOTAL 0 0 0 0 0 0 0 0 0 50000 10000 100 10000 1 2 2 5 72 0.224 0.110 ../hl/test/log/doc50cop3shlf1lif10000_af10000s1tTOTAL_gf0i0d0m0_sh10000i100s1m10000_svrdeflif50000simlen0_seed263688301.log 29546 hl-extractinstructions.txt 20180928_134706 0.6_20170522 GenuineIntel_fam6mod69step1cor2spd2394.000 b9b891358783b9952f24f3ee606f20990344d792_9
20180928_134646 50 1 3 10000 100000 50746969 0 10 0 0 10 0 9 10000 1 TOTAL 0 0 0 0 0 0 0 0 0 50000 10000 100 10000 1 2 6 8 79 0.233 0.141 ../hl/test/log/doc50cop3shlf1lif10000_af10000s1tTOTAL_gf0i0d0m0_sh10000i100s1m10000_svrdeflif50000simlen0_seed50746969.log 31086 hl-extractinstructions.txt 20180928_134718 0.6_20170522 GenuineIntel_fam6mod69step1cor2spd2394.000 b9b891358783b9952f24f3ee606f20990344d792_10
20180928_134658 50 1 3 10000 100000 533657980 0 10 0 0 10 0 9 10000 1 TOTAL 0 0 0 0 0 0 0 0 0 50000 10000 100 10000 1 2 4 8 73 0.252 0.125 ../hl/test/log/doc50cop3shlf1lif10000_af10000s1tTOTAL_gf0i0d0m0_sh10000i100s1m10000_svrdeflif50000simlen0_seed533657980.log 31035 hl-extractinstructions.txt 20180928_134730 0.6_20170522 GenuineIntel_fam6mod69step1cor2spd2394.000 b9b891358783b9952f24f3ee606f20990344d792_11
20180928_134710 50 1 3 10000 100000 711283608 0 10 0 0 10 0 9 10000 1 TOTAL 0 0 0 0 0 0 0 0 0 50000 10000 100 10000 1 2 3 8 79 0.332 0.172 ../hl/test/log/doc50cop3shlf1lif10000_af10000s1tTOTAL_gf0i0d0m0_sh10000i100s1m10000_svrdeflif50000simlen0_seed711283608.log 31060 hl-extractinstructions.txt 20180928_134742 0.6_20170522 GenuineIntel_fam6mod69step1cor2spd2394.000 b9b891358783b9952f24f3ee606f20990344d792_12
20180928_134722 50 1 3 10000 100000 597296547 0 10 0 0 10 0 9 10000 1 TOTAL 0 0 0 0 0 0 0 0 0 50000 10000 100 10000 1 2 1 6 76 0.238 0.125 ../hl/test/log/doc50cop3shlf1lif10000_af10000s1tTOTAL_gf0i0d0m0_sh10000i100s1m10000_svrdeflif50000simlen0_seed597296547.log 30054 hl-extractinstructions.txt 20180928_134754 0.6_20170522 GenuineIntel_fam6mod69step1cor2spd2394.000 b9b891358783b9952f24f3ee606f20990344d792_13
20180928_134734 50 1 3 10000 100000 664375964 0 10 0 0 10 0 9 10000 1 TOTAL 0 0 0 0 0 0 0 0 0 50000 10000 100 10000 1 2 5 7 76 0.231 0.109 ../hl/test/log/doc50cop3shlf1lif10000_af10000s1tTOTAL_gf0i0d0m0_sh10000i100s1m10000_svrdeflif50000simlen0_seed664375964.log 30574 hl-extractinstructions.txt 20180928_134806 0.6_20170522 GenuineIntel_fam6mod69step1cor2spd2394.000 b9b891358783b9952f24f3ee606f20990344d792_14
20180928_134746 50 1 3 10000 100000 258760793 0 10 0 0 10 0 9 10000 1 TOTAL 0 0 0 0 0 0 0 0 0 50000 10000 100 10000 1 2 5 9 81 0.249 0.140 ../hl/test/log/doc50cop3shlf1lif10000_af10000s1tTOTAL_gf0i0d0m0_sh10000i100s1m10000_svrdeflif50000simlen0_seed258760793.log 31575 hl-extractinstructions.txt 20180928_134818 0.6_20170522 GenuineIntel_fam6mod69step1cor2spd2394.000 b9b891358783b9952f24f3ee606f20990344d792_15
20180928_134758 50 1 3 10000 100000 666549275 0 10 0 0 10 0 9 10000 1 TOTAL 0 0 0 0 0 0 0 0 0 50000 10000 100 10000 1 2 3 6 80 0.227 0.109 ../hl/test/log/doc50cop3shlf1lif10000_af10000s1tTOTAL_gf0i0d0m0_sh10000i100s1m10000_svrdeflif50000simlen0_seed666549275.log 30095 hl-extractinstructions.txt 20180928_134830 0.6_20170522 GenuineIntel_fam6mod69step1cor2spd2394.000 b9b891358783b9952f24f3ee606f20990344d792_16
20180928_134810 50 1 3 10000 100000 376517787 0 10 0 0 10 0 9 10000 1 TOTAL 0 0 0 0 0 0 0 0 0 50000 10000 100 10000 1 2 3 7 84 0.251 0.125 ../hl/test/log/doc50cop3shlf1lif10000_af10000s1tTOTAL_gf0i0d0m0_sh10000i100s1m10000_svrdeflif50000simlen0_seed376517787.log 30611 hl-extractinstructions.txt 20180928_134842 0.6_20170522 GenuineIntel_fam6mod69step1cor2spd2394.000 b9b891358783b9952f24f3ee606f20990344d792_17
20180928_134822 50 1 3 10000 100000 817713633 0 10 0 0 10 0 9 10000 1 TOTAL 0 0 0 0 0 0 0 0 0 50000 10000 100 10000 1 2 6 7 76 0.239 0.141 ../hl/test/log/doc50cop3shlf1lif10000_af10000s1tTOTAL_gf0i0d0m0_sh10000i100s1m10000_svrdeflif50000simlen0_seed817713633.log 30586 hl-extractinstructions.txt 20180928_134854 0.6_20170522 GenuineIntel_fam6mod69step1cor2spd2394.000 b9b891358783b9952f24f3ee606f20990344d792_18
20180928_134834 50 1 3 10000 100000 519606501 0 10 0 0 10 0 9 10000 1 TOTAL 0 0 0 0 0 0 0 0 0 50000 10000 100 10000 1 2 2 8 82 0.260 0.141 ../hl/test/log/doc50cop3shlf1lif10000_af10000s1tTOTAL_gf0i0d0m0_sh10000i100s1m10000_svrdeflif50000simlen0_seed519606501.log 31082 hl-extractinstructions.txt 20180928_134906 0.6_20170522 GenuineIntel_fam6mod69step1cor2spd2394.000 b9b891358783b9952f24f3ee606f20990344d792_19
20180928_134846 50 1 3 10000 100000 715258232 0 10 0 0 10 0 9 10000 1 TOTAL 0 0 0 0 0 0 0 0 0 50000 10000 100 10000 1 2 3 6 84 0.226 0.125 ../hl/test/log/doc50cop3shlf1lif10000_af10000s1tTOTAL_gf0i0d0m0_sh10000i100s1m10000_svrdeflif50000simlen0_seed715258232.log 30121 hl-extractinstructions.txt 20180928_134918 0.6_20170522 GenuineIntel_fam6mod69step1cor2spd2394.000 b9b891358783b9952f24f3ee606f20990344d792_20
20180928_134858 50 1 3 10000 100000 792850679 0 10 0 0 10 0 9 10000 1 TOTAL 0 0 0 0 0 0 0 0 0 50000 10000 100 10000 1 2 2 6 77 0.236 0.125 ../hl/test/log/doc50cop3shlf1lif10000_af10000s1tTOTAL_gf0i0d0m0_sh10000i100s1m10000_svrdeflif50000simlen0_seed792850679.log 30058 hl-extractinstructions.txt 20180928_134930 0.6_20170522 GenuineIntel_fam6mod69step1cor2spd2394.000 b9b891358783b9952f24f3ee606f20990344d792_21
20180928_134910 50 1 3 10000 100000 919028296 0 10 0 0 10 0 9 10000 1 TOTAL 0 0 0 0 0 0 0 0 0 50000 20000 80 10000 1 2 5 8 77 0.245 0.140 ../hl/test/log/doc50cop3shlf1lif10000_af10000s1tTOTAL_gf0i0d0m0_sh20000i80s1m10000_svrdeflif50000simlen0_seed919028296.log 31055 hl-extractinstructions.txt 20180928_134942 0.6_20170522 GenuineIntel_fam6mod69step1cor2spd2394.000 0d492a920c80dafc05a943db1ec1c2578c85c09c_1
20180928_134923 50 1 3 10000 100000 103765041 0 10 0 0 10 0 9 10000 1 TOTAL 0 0 0 0 0 0 0 0 0 50000 20000 80 10000 1 2 1 4 81 0.286 0.156 ../hl/test/log/doc50cop3shlf1lif10000_af10000s1tTOTAL_gf0i0d0m0_sh20000i80s1m10000_svrdeflif50000simlen0_seed103765041.log 29116 hl-extractinstructions.txt 20180928_134955 0.6_20170522 GenuineIntel_fam6mod69step1cor2spd2394.000 0d492a920c80dafc05a943db1ec1c2578c85c09c_2
20180928_134935 50 1 3 10000 100000 141246882 0 10 0 0 10 0 9 10000 1 TOTAL 0 0 0 0 0 0 0 0 0 50000 20000 80 10000 1 2 2 5 81 0.324 0.187 ../hl/test/log/doc50cop3shlf1lif10000_af10000s1tTOTAL_gf0i0d0m0_sh20000i80s1m10000_svrdeflif50000simlen0_seed141246882.log 29589 hl-extractinstructions.txt 20180928_135007 0.6_20170522 GenuineIntel_fam6mod69step1cor2spd2394.000 0d492a920c80dafc05a943db1ec1c2578c85c09c_3
20180928_134947 50 1 3 10000 100000 681028781 0 10 0 0 10 0 9 10000 1 TOTAL 0 0 0 0 0 0 0 0 0 50000 20000 80 10000 1 2 2 9 80 0.226 0.110 ../hl/test/log/doc50cop3shlf1lif10000_af10000s1tTOTAL_gf0i0d0m0_sh20000i80s1m10000_svrdeflif50000simlen0_seed681028781.log 31539 hl-extractinstructions.txt 20180928_135019 0.6_20170522 GenuineIntel_fam6mod69step1cor2spd2394.000 0d492a920c80dafc05a943db1ec1c2578c85c09c_4
20180928_134959 50 1 3 10000 100000 117661523 0 10 0 0 10 0 9 10000 1 TOTAL 0 0 0 0 0 0 0 0 0 50000 20000 80 10000 1 2 1 4 71 0.223 0.125 ../hl/test/log/doc50cop3shlf1lif10000_af10000s1tTOTAL_gf0i0d0m0_sh20000i80s1m10000_svrdeflif50000simlen0_seed117661523.log 29057 hl-extractinstructions.txt 20180928_135031 0.6_20170522 GenuineIntel_fam6mod69step1cor2spd2394.000 0d492a920c80dafc05a943db1ec1c2578c85c09c_5
20180928_135011 50 1 3 10000 100000 105731136 0 10 0 0 10 0 9 10000 1 TOTAL 0 0 0 0 0 0 0 0 0 50000 20000 80 10000 1 2 1 5 84 0.222 0.110 ../hl/test/log/doc50cop3shlf1lif10000_af10000s1tTOTAL_gf0i0d0m0_sh20000i80s1m10000_svrdeflif50000simlen0_seed105731136.log 29602 hl-extractinstructions.txt 20180928_135043 0.6_20170522 GenuineIntel_fam6mod69step1cor2spd2394.000 0d492a920c80dafc05a943db1ec1c2578c85c09c_6
20180928_135023 50 1 3 10000 100000 967561224 0 10 0 10 0 0 9 10000 1 TOTAL 0 0 0 0 0 0 0 0 0 50000 20000 80 10000 1 2 3 3 74 0.223 0.109 ../hl/test/log/doc50cop3shlf1lif10000_af10000s1tTOTAL_gf0i0d0m0_sh20000i80s1m10000_svrdeflif50000simlen0_seed967561224.log 28576 hl-extractinstructions.txt 20180928_135055 0.6_20170522 GenuineIntel_fam6mod69step1cor2spd2394.000 0d492a920c80dafc05a943db1ec1c2578c85c09c_7
20180928_135035 50 1 3 10000 100000 420477893 0 10 0 0 10 0 9 10000 1 TOTAL 0 0 0 0 0 0 0 0 0 50000 20000 80 10000 1 2 4 11 81 0.249 0.125 ../hl/test/log/doc50cop3shlf1lif10000_af10000s1tTOTAL_gf0i0d0m0_sh20000i80s1m10000_svrdeflif50000simlen0_seed420477893.log 32561 hl-extractinstructions.txt 20180928_135107 0.6_20170522 GenuineIntel_fam6mod69step1cor2spd2394.000 0d492a920c80dafc05a943db1ec1c2578c85c09c_8
20180928_135046 50 1 3 10000 100000 263688301 0 10 0 0 10 0 9 10000 1 TOTAL 0 0 0 0 0 0 0 0 0 50000 20000 80 10000 1 2 3 4 72 0.224 0.125 ../hl/test/log/doc50cop3shlf1lif10000_af10000s1tTOTAL_gf0i0d0m0_sh20000i80s1m10000_svrdeflif50000simlen0_seed263688301.log 29063 hl-extractinstructions.txt 20180928_135118 0.6_20170522 GenuineIntel_fam6mod69step1cor2spd2394.000 0d492a920c80dafc05a943db1ec1c2578c85c09c_9
20180928_135058 50 1 3 10000 100000 50746969 0 10 0 10 0 0 9 10000 1 TOTAL 0 0 0 0 0 0 0 0 0 50000 20000 80 10000 1 2 1 3 76 0.215 0.109 ../hl/test/log/doc50cop3shlf1lif10000_af10000s1tTOTAL_gf0i0d0m0_sh20000i80s1m10000_svrdeflif50000simlen0_seed50746969.log 28578 hl-extractinstructions.txt 20180928_135130 0.6_20170522 GenuineIntel_fam6mod69step1cor2spd2394.000 0d492a920c80dafc05a943db1ec1c2578c85c09c_10
20180928_135110 50 1 3 10000 100000 533657980 0 10 0 0 10 0 9 10000 1 TOTAL 0 0 0 0 0 0 0 0 0 50000 20000 80 10000 1 2 1 5 71 0.242 0.125 ../hl/test/log/doc50cop3shlf1lif10000_af10000s1tTOTAL_gf0i0d0m0_sh20000i80s1m10000_svrdeflif50000simlen0_seed533657980.log 29521 hl-extractinstructions.txt 20180928_135142 0.6_20170522 GenuineIntel_fam6mod69step1cor2spd2394.000 0d492a920c80dafc05a943db1ec1c2578c85c09c_11
20180928_135122 50 1 3 10000 100000 711283608 0 10 0 0 10 0 9 10000 1 TOTAL 0 0 0 0 0 0 0 0 0 50000 20000 80 10000 1 2 3 7 79 0.245 0.125 ../hl/test/log/doc50cop3shlf1lif10000_af10000s1tTOTAL_gf0i0d0m0_sh20000i80s1m10000_svrdeflif50000simlen0_seed711283608.log 30574 hl-extractinstructions.txt 20180928_135154 0.6_20170522 GenuineIntel_fam6mod69step1cor2spd2394.000 0d492a920c80dafc05a943db1ec1c2578c85c09c_12
20180928_135134 50 1 3 10000 100000 597296547 0 10 0 0 10 0 9 10000 1 TOTAL 0 0 0 0 0 0 0 0 0 50000 20000 80 10000 1 2 0 5 75 0.230 0.125 ../hl/test/log/doc50cop3shlf1lif10000_af10000s1tTOTAL_gf0i0d0m0_sh20000i80s1m10000_svrdeflif50000simlen0_seed597296547.log 29551 hl-extractinstructions.txt 20180928_135206 0.6_20170522 GenuineIntel_fam6mod69step1cor2spd2394.000 0d492a920c80dafc05a943db1ec1c2578c85c09c_13
20180928_135146 50 1 3 10000 100000 664375964 0 10 0 10 0 0 9 10000 1 TOTAL 0 0 0 0 0 0 0 0 0 50000 20000 80 10000 1 2 5 3 74 0.227 0.125 ../hl/test/log/doc50cop3shlf1lif10000_af10000s1tTOTAL_gf0i0d0m0_sh20000i80s1m10000_svrdeflif50000simlen0_seed664375964.log 28577 hl-extractinstructions.txt 20180928_135218 0.6_20170522 GenuineIntel_fam6mod69step1cor2spd2394.000 0d492a920c80dafc05a943db1ec1c2578c85c09c_14
20180928_135158 50 1 3 10000 100000 258760793 0 10 0 0 10 0 9 10000 1 TOTAL 0 0 0 0 0 0 0 0 0 50000 20000 80 10000 1 2 3 8 80 0.263 0.141 ../hl/test/log/doc50cop3shlf1lif10000_af10000s1tTOTAL_gf0i0d0m0_sh20000i80s1m10000_svrdeflif50000simlen0_seed258760793.log 31065 hl-extractinstructions.txt 20180928_135230 0.6_20170522 GenuineIntel_fam6mod69step1cor2spd2394.000 0d492a920c80dafc05a943db1ec1c2578c85c09c_15
20180928_135210 50 1 3 10000 100000 666549275 0 10 0 0 10 0 9 10000 1 TOTAL 0 0 0 0 0 0 0 0 0 50000 20000 80 10000 1 2 2 4 79 0.223 0.110 ../hl/test/log/doc50cop3shlf1lif10000_af10000s1tTOTAL_gf0i0d0m0_sh20000i80s1m10000_svrdeflif50000simlen0_seed666549275.log 29101 hl-extractinstructions.txt 20180928_135242 0.6_20170522 GenuineIntel_fam6mod69step1cor2spd2394.000 0d492a920c80dafc05a943db1ec1c2578c85c09c_16
20180928_135223 50 1 3 10000 100000 376517787 0 10 0 0 10 0 9 10000 1 TOTAL 0 0 0 0 0 0 0 0 0 50000 20000 80 10000 1 2 2 6 83 0.244 0.125 ../hl/test/log/doc50cop3shlf1lif10000_af10000s1tTOTAL_gf0i0d0m0_sh20000i80s1m10000_svrdeflif50000simlen0_seed376517787.log 30102 hl-extractinstructions.txt 20180928_135255 0.6_20170522 GenuineIntel_fam6mod69step1cor2spd2394.000 0d492a920c80dafc05a943db1ec1c2578c85c09c_17
20180928_135234 50 1 3 10000 100000 817713633 0 10 0 10 0 0 9 10000 1 TOTAL 0 0 0 0 0 0 0 0 0 50000 20000 80 10000 1 2 3 2 73 0.219 0.110 ../hl/test/log/doc50cop3shlf1lif10000_af10000s1tTOTAL_gf0i0d0m0_sh20000i80s1m10000_svrdeflif50000simlen0_seed817713633.log 28090 hl-extractinstructions.txt 20180928_135306 0.6_20170522 GenuineIntel_fam6mod69step1cor2spd2394.000 0d492a920c80dafc05a943db1ec1c2578c85c09c_18
20180928_135246 50 1 3 10000 100000 519606501 0 10 0 0 10 0 9 10000 1 TOTAL 0 0 0 0 0 0 0 0 0 50000 20000 80 10000 1 2 0 5 80 0.234 0.109 ../hl/test/log/doc50cop3shlf1lif10000_af10000s1tTOTAL_gf0i0d0m0_sh20000i80s1m10000_svrdeflif50000simlen0_seed519606501.log 29583 hl-extractinstructions.txt 20180928_135318 0.6_20170522 GenuineIntel_fam6mod69step1cor2spd2394.000 0d492a920c80dafc05a943db1ec1c2578c85c09c_19
20180928_135258 50 1 3 10000 100000 715258232 0 10 0 0 10 0 9 10000 1 TOTAL 0 0 0 0 0 0 0 0 0 50000 20000 80 10000 1 2 2 6 84 0.223 0.125 ../hl/test/log/doc50cop3shlf1lif10000_af10000s1tTOTAL_gf0i0d0m0_sh20000i80s1m10000_svrdeflif50000simlen0_seed715258232.log 30113 hl-extractinstructions.txt 20180928_135330 0.6_20170522 GenuineIntel_fam6mod69step1cor2spd2394.000 0d492a920c80dafc05a943db1ec1c2578c85c09c_20
20180928_135310 50 1 3 10000 100000 792850679 0 10 0 0 10 0 9 10000 1 TOTAL 0 0 0 0 0 0 0 0 0 50000 20000 80 10000 1 2 1 7 78 0.243 0.141 ../hl/test/log/doc50cop3shlf1lif10000_af10000s1tTOTAL_gf0i0d0m0_sh20000i80s1m10000_svrdeflif50000simlen0_seed792850679.log 30548 hl-extractinstructions.txt 20180928_135342 0.6_20170522 GenuineIntel_fam6mod69step1cor2spd2394.000 0d492a920c80dafc05a943db1ec1c2578c85c09c_21
20180928_135322 50 1 3 10000 100000 919028296 0 10 0 0 10 0 9 10000 1 TOTAL 0 0 0 0 0 0 0 0 0 50000 20000 100 10000 1 2 3 6 76 0.215 0.109 ../hl/test/log/doc50cop3shlf1lif10000_af10000s1tTOTAL_gf0i0d0m0_sh20000i100s1m10000_svrdeflif50000simlen0_seed919028296.log 30062 hl-extractinstructions.txt 20180928_135354 0.6_20170522 GenuineIntel_fam6mod69step1cor2spd2394.000 b3529b5b740a07596394323d0a5e0cc4fff4fec8_1
20180928_135334 50 1 3 10000 100000 103765041 0 10 0 0 10 0 9 10000 1 TOTAL 0 0 0 0 0 0 0 0 0 50000 20000 100 10000 1 2 1 4 81 0.237 0.109 ../hl/test/log/doc50cop3shlf1lif10000_af10000s1tTOTAL_gf0i0d0m0_sh20000i100s1m10000_svrdeflif50000simlen0_seed103765041.log 29118 hl-extractinstructions.txt 20180928_135406 0.6_20170522 GenuineIntel_fam6mod69step1cor2spd2394.000 b3529b5b740a07596394323d0a5e0cc4fff4fec8_2
20180928_135346 50 1 3 10000 100000 141246882 0 10 0 0 10 0 9 10000 1 TOTAL 0 0 0 0 0 0 0 0 0 50000 20000 100 10000 1 2 2 5 81 0.237 0.125 ../hl/test/log/doc50cop3shlf1lif10000_af10000s1tTOTAL_gf0i0d0m0_sh20000i100s1m10000_svrdeflif50000simlen0_seed141246882.log 29591 hl-extractinstructions.txt 20180928_135418 0.6_20170522 GenuineIntel_fam6mod69step1cor2spd2394.000 b3529b5b740a07596394323d0a5e0cc4fff4fec8_3
20180928_135358 50 1 3 10000 100000 681028781 0 10 0 0 10 0 9 10000 1 TOTAL 0 0 0 0 0 0 0 0 0 50000 20000 100 10000 1 2 3 10 81 0.256 0.125 ../hl/test/log/doc50cop3shlf1lif10000_af10000s1tTOTAL_gf0i0d0m0_sh20000i100s1m10000_svrdeflif50000simlen0_seed681028781.log 32055 hl-extractinstructions.txt 20180928_135430 0.6_20170522 GenuineIntel_fam6mod69step1cor2spd2394.000 b3529b5b740a07596394323d0a5e0cc4fff4fec8_4
20180928_135410 50 1 3 10000 100000 117661523 0 10 0 0 10 0 9 10000 1 TOTAL 0 0 0 0 0 0 0 0 0 50000 20000 100 10000 1 2 1 4 71 0.226 0.125 ../hl/test/log/doc50cop3shlf1lif10000_af10000s1tTOTAL_gf0i0d0m0_sh20000i100s1m10000_svrdeflif50000simlen0_seed117661523.log 29059 hl-extractinstructions.txt 20180928_135442 0.6_20170522 GenuineIntel_fam6mod69step1cor2spd2394.000 b3529b5b740a07596394323d0a5e0cc4fff4fec8_5
20180928_135422 50 1 3 10000 100000 105731136 0 10 0 0 10 0 9 10000 1 TOTAL 0 0 0 0 0 0 0 0 0 50000 20000 100 10000 1 2 1 5 84 0.220 0.109 ../hl/test/log/doc50cop3shlf1lif10000_af10000s1tTOTAL_gf0i0d0m0_sh20000i100s1m10000_svrdeflif50000simlen0_seed105731136.log 29605 hl-extractinstructions.txt 20180928_135454 0.6_20170522 GenuineIntel_fam6mod69step1cor2spd2394.000 b3529b5b740a07596394323d0a5e0cc4fff4fec8_6
20180928_135434 50 1 3 10000 100000 967561224 0 10 0 10 0 0 9 10000 1 TOTAL 0 0 0 0 0 0 0 0 0 50000 20000 100 10000 1 2 1 3 74 0.211 0.110 ../hl/test/log/doc50cop3shlf1lif10000_af10000s1tTOTAL_gf0i0d0m0_sh20000i100s1m10000_svrdeflif50000simlen0_seed967561224.log 28577 hl-extractinstructions.txt 20180928_135506 0.6_20170522 GenuineIntel_fam6mod69step1cor2spd2394.000 b3529b5b740a07596394323d0a5e0cc4fff4fec8_7
20180928_135446 50 1 3 10000 100000 420477893 0 10 0 0 10 0 9 10000 1 TOTAL 0 0 0 0 0 0 0 0 0 50000 20000 100 10000 1 2 4 11 81 0.265 0.140 ../hl/test/log/doc50cop3shlf1lif10000_af10000s1tTOTAL_gf0i0d0m0_sh20000i100s1m10000_svrdeflif50000simlen0_seed420477893.log 32562 hl-extractinstructions.txt 20180928_135518 0.6_20170522 GenuineIntel_fam6mod69step1cor2spd2394.000 b3529b5b740a07596394323d0a5e0cc4fff4fec8_8
20180928_135458 50 1 3 10000 100000 263688301 0 10 0 0 10 0 9 10000 1 TOTAL 0 0 0 0 0 0 0 0 0 50000 20000 100 10000 1 2 3 4 72 0.225 0.110 ../hl/test/log/doc50cop3shlf1lif10000_af10000s1tTOTAL_gf0i0d0m0_sh20000i100s1m10000_svrdeflif50000simlen0_seed263688301.log 29064 hl-extractinstructions.txt 20180928_135530 0.6_20170522 GenuineIntel_fam6mod69step1cor2spd2394.000 b3529b5b740a07596394323d0a5e0cc4fff4fec8_9
20180928_135510 50 1 3 10000 100000 50746969 0 10 0 10 0 0 9 10000 1 TOTAL 0 0 0 0 0 0 0 0 0 50000 20000 100 10000 1 2 1 3 76 0.217 0.109 ../hl/test/log/doc50cop3shlf1lif10000_af10000s1tTOTAL_gf0i0d0m0_sh20000i100s1m10000_svrdeflif50000simlen0_seed50746969.log 28580 hl-extractinstructions.txt 20180928_135542 0.6_20170522 GenuineIntel_fam6mod69step1cor2spd2394.000 b3529b5b740a07596394323d0a5e0cc4fff4fec8_10
20180928_135522 50 1 3 10000 100000 533657980 0 10 0 0 10 0 9 10000 1 TOTAL 0 0 0 0 0 0 0 0 0 50000 20000 100 10000 1 2 1 5 71 0.221 0.110 ../hl/test/log/doc50cop3shlf1lif10000_af10000s1tTOTAL_gf0i0d0m0_sh20000i100s1m10000_svrdeflif50000simlen0_seed533657980.log 29522 hl-extractinstructions.txt 20180928_135554 0.6_20170522 GenuineIntel_fam6mod69step1cor2spd2394.000 b3529b5b740a07596394323d0a5e0cc4fff4fec8_11
20180928_135534 50 1 3 10000 100000 711283608 0 10 0 0 10 0 9 10000 1 TOTAL 0 0 0 0 0 0 0 0 0 50000 20000 100 10000 1 2 3 7 79 0.257 0.157 ../hl/test/log/doc50cop3shlf1lif10000_af10000s1tTOTAL_gf0i0d0m0_sh20000i100s1m10000_svrdeflif50000simlen0_seed711283608.log 30576 hl-extractinstructions.txt 20180928_135606 0.6_20170522 GenuineIntel_fam6mod69step1cor2spd2394.000 b3529b5b740a07596394323d0a5e0cc4fff4fec8_12
20180928_135546 50 1 3 10000 100000 597296547 0 10 0 0 10 0 9 10000 1 TOTAL 0 0 0 0 0 0 0 0 0 50000 20000 100 10000 1 2 0 5 75 0.221 0.109 ../hl/test/log/doc50cop3shlf1lif10000_af10000s1tTOTAL_gf0i0d0m0_sh20000i100s1m10000_svrdeflif50000simlen0_seed597296547.log 29553 hl-extractinstructions.txt 20180928_135618 0.6_20170522 GenuineIntel_fam6mod69step1cor2spd2394.000 b3529b5b740a07596394323d0a5e0cc4fff4fec8_13
20180928_135558 50 1 3 10000 100000 664375964 0 10 0 0 10 0 9 10000 1 TOTAL 0 0 0 0 0 0 0 0 0 50000 20000 100 10000 1 2 3 6 75 0.243 0.125 ../hl/test/log/doc50cop3shlf1lif10000_af10000s1tTOTAL_gf0i0d0m0_sh20000i100s1m10000_svrdeflif50000simlen0_seed664375964.log 30064 hl-extractinstructions.txt 20180928_135630 0.6_20170522 GenuineIntel_fam6mod69step1cor2spd2394.000 b3529b5b740a07596394323d0a5e0cc4fff4fec8_14
20180928_135610 50 1 3 10000 100000 258760793 0 10 0 0 10 0 9 10000 1 TOTAL 0 0 0 0 0 0 0 0 0 50000 20000 100 10000 1 2 3 8 80 0.245 0.140 ../hl/test/log/doc50cop3shlf1lif10000_af10000s1tTOTAL_gf0i0d0m0_sh20000i100s1m10000_svrdeflif50000simlen0_seed258760793.log 31066 hl-extractinstructions.txt 20180928_135642 0.6_20170522 GenuineIntel_fam6mod69step1cor2spd2394.000 b3529b5b740a07596394323d0a5e0cc4fff4fec8_15
20180928_135622 50 1 3 10000 100000 666549275 0 10 0 0 10 0 9 10000 1 TOTAL 0 0 0 0 0 0 0 0 0 50000 20000 100 10000 1 2 2 4 79 0.239 0.125 ../hl/test/log/doc50cop3shlf1lif10000_af10000s1tTOTAL_gf0i0d0m0_sh20000i100s1m10000_svrdeflif50000simlen0_seed666549275.log 29104 hl-extractinstructions.txt 20180928_135654 0.6_20170522 GenuineIntel_fam6mod69step1cor2spd2394.000 b3529b5b740a07596394323d0a5e0cc4fff4fec8_16
20180928_135634 50 1 3 10000 100000 376517787 0 10 0 0 10 0 9 10000 1 TOTAL 0 0 0 0 0 0 0 0 0 50000 20000 100 10000 1 2 2 6 83 0.233 0.125 ../hl/test/log/doc50cop3shlf1lif10000_af10000s1tTOTAL_gf0i0d0m0_sh20000i100s1m10000_svrdeflif50000simlen0_seed376517787.log 30104 hl-extractinstructions.txt 20180928_135706 0.6_20170522 GenuineIntel_fam6mod69step1cor2spd2394.000 b3529b5b740a07596394323d0a5e0cc4fff4fec8_17
20180928_135646 50 1 3 10000 100000 817713633 0 10 0 0 10 0 9 10000 1 TOTAL 0 0 0 0 0 0 0 0 0 50000 20000 100 10000 1 2 5 7 76 0.388 0.171 ../hl/test/log/doc50cop3shlf1lif10000_af10000s1tTOTAL_gf0i0d0m0_sh20000i100s1m10000_svrdeflif50000simlen0_seed817713633.log 30580 hl-extractinstructions.txt 20180928_135718 0.6_20170522 GenuineIntel_fam6mod69step1cor2spd2394.000 b3529b5b740a07596394323d0a5e0cc4fff4fec8_18
20180928_135658 50 1 3 10000 100000 519606501 0 10 0 0 10 0 9 10000 1 TOTAL 0 0 0 0 0 0 0 0 0 50000 20000 100 10000 1 2 0 5 80 0.227 0.110 ../hl/test/log/doc50cop3shlf1lif10000_af10000s1tTOTAL_gf0i0d0m0_sh20000i100s1m10000_svrdeflif50000simlen0_seed519606501.log 29584 hl-extractinstructions.txt 20180928_135730 0.6_20170522 GenuineIntel_fam6mod69step1cor2spd2394.000 b3529b5b740a07596394323d0a5e0cc4fff4fec8_19
20180928_135710 50 1 3 10000 100000 715258232 0 10 0 0 10 0 9 10000 1 TOTAL 0 0 0 0 0 0 0 0 0 50000 20000 100 10000 1 2 2 6 84 0.214 0.125 ../hl/test/log/doc50cop3shlf1lif10000_af10000s1tTOTAL_gf0i0d0m0_sh20000i100s1m10000_svrdeflif50000simlen0_seed715258232.log 30115 hl-extractinstructions.txt 20180928_135742 0.6_20170522 GenuineIntel_fam6mod69step1cor2spd2394.000 b3529b5b740a07596394323d0a5e0cc4fff4fec8_20
20180928_135722 50 1 3 10000 100000 792850679 0 10 0 0 10 0 9 10000 1 TOTAL 0 0 0 0 0 0 0 0 0 50000 20000 100 10000 1 2 1 7 78 0.214 0.109 ../hl/test/log/doc50cop3shlf1lif10000_af10000s1tTOTAL_gf0i0d0m0_sh20000i100s1m10000_svrdeflif50000simlen0_seed792850679.log 30550 hl-extractinstructions.txt 20180928_135754 0.6_20170522 GenuineIntel_fam6mod69step1cor2spd2394.000 b3529b5b740a07596394323d0a5e0cc4fff4fec8_21
20180928_135734 50 1 3 10000 100000 919028296 0 10 0 0 10 0 9 10000 1 TOTAL 0 0 0 0 0 0 0 0 0 50000 30000 80 10000 1 2 2 4 75 0.206 0.094 ../hl/test/log/doc50cop3shlf1lif10000_af10000s1tTOTAL_gf0i0d0m0_sh30000i80s1m10000_svrdeflif50000simlen0_seed919028296.log 29063 hl-extractinstructions.txt 20180928_135806 0.6_20170522 GenuineIntel_fam6mod69step1cor2spd2394.000 7afbe3e16351b8806dd4fcee011eb065e75a776d_1
20180928_135746 50 1 3 10000 100000 103765041 0 10 0 10 0 0 9 10000 1 TOTAL 0 0 0 0 0 0 0 0 0 50000 30000 80 10000 1 2 0 2 80 0.195 0.110 ../hl/test/log/doc50cop3shlf1lif10000_af10000s1tTOTAL_gf0i0d0m0_sh30000i80s1m10000_svrdeflif50000simlen0_seed103765041.log 28122 hl-extractinstructions.txt 20180928_135817 0.6_20170522 GenuineIntel_fam6mod69step1cor2spd2394.000 7afbe3e16351b8806dd4fcee011eb065e75a776d_2
20180928_135758 50 1 3 10000 100000 141246882 0 10 0 0 10 0 9 10000 1 TOTAL 0 0 0 0 0 0 0 0 0 50000 30000 80 10000 1 2 2 5 81 0.215 0.109 ../hl/test/log/doc50cop3shlf1lif10000_af10000s1tTOTAL_gf0i0d0m0_sh30000i80s1m10000_svrdeflif50000simlen0_seed141246882.log 29589 hl-extractinstructions.txt 20180928_135829 0.6_20170522 GenuineIntel_fam6mod69step1cor2spd2394.000 7afbe3e16351b8806dd4fcee011eb065e75a776d_3
20180928_135809 50 1 3 10000 100000 681028781 0 10 0 0 10 0 9 10000 1 TOTAL 0 0 0 0 0 0 0 0 0 50000 30000 80 10000 1 2 1 9 80 0.222 0.110 ../hl/test/log/doc50cop3shlf1lif10000_af10000s1tTOTAL_gf0i0d0m0_sh30000i80s1m10000_svrdeflif50000simlen0_seed681028781.log 31539 hl-extractinstructions.txt 20180928_135841 0.6_20170522 GenuineIntel_fam6mod69step1cor2spd2394.000 7afbe3e16351b8806dd4fcee011eb065e75a776d_4
20180928_135821 50 1 3 10000 100000 117661523 0 10 0 10 0 0 9 10000 1 TOTAL 0 0 0 0 0 0 0 0 0 50000 30000 80 10000 1 2 0 2 70 0.198 0.110 ../hl/test/log/doc50cop3shlf1lif10000_af10000s1tTOTAL_gf0i0d0m0_sh30000i80s1m10000_svrdeflif50000simlen0_seed117661523.log 28063 hl-extractinstructions.txt 20180928_135853 0.6_20170522 GenuineIntel_fam6mod69step1cor2spd2394.000 7afbe3e16351b8806dd4fcee011eb065e75a776d_5
20180928_135833 50 1 3 10000 100000 105731136 0 10 0 0 10 0 9 10000 1 TOTAL 0 0 0 0 0 0 0 0 0 50000 30000 80 10000 1 2 0 4 83 0.207 0.109 ../hl/test/log/doc50cop3shlf1lif10000_af10000s1tTOTAL_gf0i0d0m0_sh30000i80s1m10000_svrdeflif50000simlen0_seed105731136.log 29102 hl-extractinstructions.txt 20180928_135905 0.6_20170522 GenuineIntel_fam6mod69step1cor2spd2394.000 7afbe3e16351b8806dd4fcee011eb065e75a776d_6
20180928_135845 50 1 3 10000 100000 967561224 0 10 0 0 10 0 9 10000 1 TOTAL 0 0 0 0 0 0 0 0 0 50000 30000 80 10000 1 2 3 4 75 0.209 0.109 ../hl/test/log/doc50cop3shlf1lif10000_af10000s1tTOTAL_gf0i0d0m0_sh30000i80s1m10000_svrdeflif50000simlen0_seed967561224.log 29073 hl-extractinstructions.txt 20180928_135917 0.6_20170522 GenuineIntel_fam6mod69step1cor2spd2394.000 7afbe3e16351b8806dd4fcee011eb065e75a776d_7
20180928_135857 50 1 3 10000 100000 420477893 0 10 0 0 10 0 9 10000 1 TOTAL 0 0 0 0 0 0 0 0 0 50000 30000 80 10000 1 2 2 7 79 0.227 0.125 ../hl/test/log/doc50cop3shlf1lif10000_af10000s1tTOTAL_gf0i0d0m0_sh30000i80s1m10000_svrdeflif50000simlen0_seed420477893.log 30571 hl-extractinstructions.txt 20180928_135929 0.6_20170522 GenuineIntel_fam6mod69step1cor2spd2394.000 7afbe3e16351b8806dd4fcee011eb065e75a776d_8
20180928_135909 50 1 3 10000 100000 263688301 0 10 0 10 0 0 9 10000 1 TOTAL 0 0 0 0 0 0 0 0 0 50000 30000 80 10000 1 2 1 3 71 0.200 0.110 ../hl/test/log/doc50cop3shlf1lif10000_af10000s1tTOTAL_gf0i0d0m0_sh30000i80s1m10000_svrdeflif50000simlen0_seed263688301.log 28549 hl-extractinstructions.txt 20180928_135941 0.6_20170522 GenuineIntel_fam6mod69step1cor2spd2394.000 7afbe3e16351b8806dd4fcee011eb065e75a776d_9
20180928_135921 50 1 3 10000 100000 50746969 0 10 0 10 0 0 9 10000 1 TOTAL 0 0 0 0 0 0 0 0 0 50000 30000 80 10000 1 2 1 3 76 0.309 0.140 ../hl/test/log/doc50cop3shlf1lif10000_af10000s1tTOTAL_gf0i0d0m0_sh30000i80s1m10000_svrdeflif50000simlen0_seed50746969.log 28577 hl-extractinstructions.txt 20180928_135953 0.6_20170522 GenuineIntel_fam6mod69step1cor2spd2394.000 7afbe3e16351b8806dd4fcee011eb065e75a776d_10
20180928_135933 50 1 3 10000 100000 533657980 0 10 0 0 10 0 9 10000 1 TOTAL 0 0 0 0 0 0 0 0 0 50000 30000 80 10000 1 2 0 4 70 0.198 0.109 ../hl/test/log/doc50cop3shlf1lif10000_af10000s1tTOTAL_gf0i0d0m0_sh30000i80s1m10000_svrdeflif50000simlen0_seed533657980.log 29020 hl-extractinstructions.txt 20180928_140004 0.6_20170522 GenuineIntel_fam6mod69step1cor2spd2394.000 7afbe3e16351b8806dd4fcee011eb065e75a776d_11
20180928_135945 50 1 3 10000 100000 711283608 0 10 0 0 10 0 9 10000 1 TOTAL 0 0 0 0 0 0 0 0 0 50000 30000 80 10000 1 2 1 6 79 0.213 0.125 ../hl/test/log/doc50cop3shlf1lif10000_af10000s1tTOTAL_gf0i0d0m0_sh30000i80s1m10000_svrdeflif50000simlen0_seed711283608.log 30065 hl-extractinstructions.txt 20180928_140017 0.6_20170522 GenuineIntel_fam6mod69step1cor2spd2394.000 7afbe3e16351b8806dd4fcee011eb065e75a776d_12
20180928_135957 50 1 3 10000 100000 597296547 0 10 0 0 10 0 9 10000 1 TOTAL 0 0 0 0 0 0 0 0 0 50000 30000 80 10000 1 2 0 5 75 0.283 0.156 ../hl/test/log/doc50cop3shlf1lif10000_af10000s1tTOTAL_gf0i0d0m0_sh30000i80s1m10000_svrdeflif50000simlen0_seed597296547.log 29551 hl-extractinstructions.txt 20180928_140029 0.6_20170522 GenuineIntel_fam6mod69step1cor2spd2394.000 7afbe3e16351b8806dd4fcee011eb065e75a776d_13
20180928_140009 50 1 3 10000 100000 664375964 0 10 0 10 0 0 9 10000 1 TOTAL 0 0 0 0 0 0 0 0 0 50000 30000 80 10000 1 2 2 2 73 0.206 0.109 ../hl/test/log/doc50cop3shlf1lif10000_af10000s1tTOTAL_gf0i0d0m0_sh30000i80s1m10000_svrdeflif50000simlen0_seed664375964.log 28079 hl-extractinstructions.txt 20180928_140040 0.6_20170522 GenuineIntel_fam6mod69step1cor2spd2394.000 7afbe3e16351b8806dd4fcee011eb065e75a776d_14
20180928_140021 50 1 3 10000 100000 258760793 0 10 0 0 10 0 9 10000 1 TOTAL 0 0 0 0 0 0 0 0 0 50000 30000 80 10000 1 2 3 8 80 0.228 0.109 ../hl/test/log/doc50cop3shlf1lif10000_af10000s1tTOTAL_gf0i0d0m0_sh30000i80s1m10000_svrdeflif50000simlen0_seed258760793.log 31065 hl-extractinstructions.txt 20180928_140052 0.6_20170522 GenuineIntel_fam6mod69step1cor2spd2394.000 7afbe3e16351b8806dd4fcee011eb065e75a776d_15
20180928_140032 50 1 3 10000 100000 666549275 0 10 0 0 10 0 9 10000 1 TOTAL 0 0 0 0 0 0 0 0 0 50000 30000 80 10000 1 2 2 4 79 0.217 0.125 ../hl/test/log/doc50cop3shlf1lif10000_af10000s1tTOTAL_gf0i0d0m0_sh30000i80s1m10000_svrdeflif50000simlen0_seed666549275.log 29102 hl-extractinstructions.txt 20180928_140104 0.6_20170522 GenuineIntel_fam6mod69step1cor2spd2394.000 7afbe3e16351b8806dd4fcee011eb065e75a776d_16
20180928_140044 50 1 3 10000 100000 376517787 0 10 0 0 10 0 9 10000 1 TOTAL 0 0 0 0 0 0 0 0 0 50000 30000 80 10000 1 2 2 5 83 0.240 0.125 ../hl/test/log/doc50cop3shlf1lif10000_af10000s1tTOTAL_gf0i0d0m0_sh30000i80s1m10000_svrdeflif50000simlen0_seed376517787.log 29608 hl-extractinstructions.txt 20180928_140116 0.6_20170522 GenuineIntel_fam6mod69step1cor2spd2394.000 7afbe3e16351b8806dd4fcee011eb065e75a776d_17
20180928_140056 50 1 3 10000 100000 817713633 0 10 0 10 0 0 9 10000 1 TOTAL 0 0 0 0 0 0 0 0 0 50000 30000 80 10000 1 2 2 1 72 0.197 0.109 ../hl/test/log/doc50cop3shlf1lif10000_af10000s1tTOTAL_gf0i0d0m0_sh30000i80s1m10000_svrdeflif50000simlen0_seed817713633.log 27595 hl-extractinstructions.txt 20180928_140128 0.6_20170522 GenuineIntel_fam6mod69step1cor2spd2394.000 7afbe3e16351b8806dd4fcee011eb065e75a776d_18
20180928_140108 50 1 3 10000 100000 519606501 0 10 0 0 10 0 9 10000 1 TOTAL 0 0 0 0 0 0 0 0 0 50000 30000 80 10000 1 2 0 5 80 0.209 0.109 ../hl/test/log/doc50cop3shlf1lif10000_af10000s1tTOTAL_gf0i0d0m0_sh30000i80s1m10000_svrdeflif50000simlen0_seed519606501.log 29583 hl-extractinstructions.txt 20180928_140140 0.6_20170522 GenuineIntel_fam6mod69step1cor2spd2394.000 7afbe3e16351b8806dd4fcee011eb065e75a776d_19
20180928_140120 50 1 3 10000 100000 715258232 0 10 0 0 10 0 9 10000 1 TOTAL 0 0 0 0 0 0 0 0 0 50000 30000 80 10000 1 2 2 6 84 0.210 0.125 ../hl/test/log/doc50cop3shlf1lif10000_af10000s1tTOTAL_gf0i0d0m0_sh30000i80s1m10000_svrdeflif50000simlen0_seed715258232.log 30113 hl-extractinstructions.txt 20180928_140152 0.6_20170522 GenuineIntel_fam6mod69step1cor2spd2394.000 7afbe3e16351b8806dd4fcee011eb065e75a776d_20
20180928_140132 50 1 3 10000 100000 792850679 0 10 0 0 10 0 9 10000 1 TOTAL 0 0 0 0 0 0 0 0 0 50000 30000 80 10000 1 2 0 6 77 0.211 0.125 ../hl/test/log/doc50cop3shlf1lif10000_af10000s1tTOTAL_gf0i0d0m0_sh30000i80s1m10000_svrdeflif50000simlen0_seed792850679.log 30046 hl-extractinstructions.txt 20180928_140204 0.6_20170522 GenuineIntel_fam6mod69step1cor2spd2394.000 7afbe3e16351b8806dd4fcee011eb065e75a776d_21
20180928_140144 50 1 3 10000 100000 919028296 0 10 0 0 10 0 9 10000 1 TOTAL 0 0 0 0 0 0 0 0 0 50000 30000 100 10000 1 2 3 7 76 0.219 0.109 ../hl/test/log/doc50cop3shlf1lif10000_af10000s1tTOTAL_gf0i0d0m0_sh30000i100s1m10000_svrdeflif50000simlen0_seed919028296.log 30551 hl-extractinstructions.txt 20180928_140216 0.6_20170522 GenuineIntel_fam6mod69step1cor2spd2394.000 0ae2ca5297aa2ce62a8239c07177408791165014_1
20180928_140156 50 1 3 10000 100000 103765041 0 10 0 10 0 0 9 10000 1 TOTAL 0 0 0 0 0 0 0 0 0 50000 30000 100 10000 1 2 0 2 80 0.193 0.093 ../hl/test/log/doc50cop3shlf1lif10000_af10000s1tTOTAL_gf0i0d0m0_sh30000i100s1m10000_svrdeflif50000simlen0_seed103765041.log 28125 hl-extractinstructions.txt 20180928_140228 0.6_20170522 GenuineIntel_fam6mod69step1cor2spd2394.000 0ae2ca5297aa2ce62a8239c07177408791165014_2
20180928_140208 50 1 3 10000 100000 141246882 0 10 0 0 10 0 9 10000 1 TOTAL 0 0 0 0 0 0 0 0 0 50000 30000 100 10000 1 2 2 5 81 0.219 0.125 ../hl/test/log/doc50cop3shlf1lif10000_af10000s1tTOTAL_gf0i0d0m0_sh30000i100s1m10000_svrdeflif50000simlen0_seed141246882.log 29591 hl-extractinstructions.txt 20180928_140240 0.6_20170522 GenuineIntel_fam6mod69step1cor2spd2394.000 0ae2ca5297aa2ce62a8239c07177408791165014_3
20180928_140220 50 1 3 10000 100000 681028781 0 10 0 0 10 0 9 10000 1 TOTAL 0 0 0 0 0 0 0 0 0 50000 30000 100 10000 1 2 1 9 80 0.219 0.125 ../hl/test/log/doc50cop3shlf1lif10000_af10000s1tTOTAL_gf0i0d0m0_sh30000i100s1m10000_svrdeflif50000simlen0_seed681028781.log 31542 hl-extractinstructions.txt 20180928_140251 0.6_20170522 GenuineIntel_fam6mod69step1cor2spd2394.000 0ae2ca5297aa2ce62a8239c07177408791165014_4
20180928_140231 50 1 3 10000 100000 117661523 0 10 0 10 0 0 9 10000 1 TOTAL 0 0 0 0 0 0 0 0 0 50000 30000 100 10000 1 2 0 2 70 0.201 0.094 ../hl/test/log/doc50cop3shlf1lif10000_af10000s1tTOTAL_gf0i0d0m0_sh30000i100s1m10000_svrdeflif50000simlen0_seed117661523.log 28066 hl-extractinstructions.txt 20180928_140303 0.6_20170522 GenuineIntel_fam6mod69step1cor2spd2394.000 0ae2ca5297aa2ce62a8239c07177408791165014_5
20180928_140243 50 1 3 10000 100000 105731136 0 10 0 0 10 0 9 10000 1 TOTAL 0 0 0 0 0 0 0 0 0 50000 30000 100 10000 1 2 0 4 83 0.205 0.109 ../hl/test/log/doc50cop3shlf1lif10000_af10000s1tTOTAL_gf0i0d0m0_sh30000i100s1m10000_svrdeflif50000simlen0_seed105731136.log 29104 hl-extractinstructions.txt 20180928_140315 0.6_20170522 GenuineIntel_fam6mod69step1cor2spd2394.000 0ae2ca5297aa2ce62a8239c07177408791165014_6
20180928_140255 50 1 3 10000 100000 967561224 0 10 0 0 10 0 9 10000 1 TOTAL 0 0 0 0 0 0 0 0 0 50000 30000 100 10000 1 2 3 5 75 0.209 0.110 ../hl/test/log/doc50cop3shlf1lif10000_af10000s1tTOTAL_gf0i0d0m0_sh30000i100s1m10000_svrdeflif50000simlen0_seed967561224.log 29574 hl-extractinstructions.txt 20180928_140327 0.6_20170522 GenuineIntel_fam6mod69step1cor2spd2394.000 0ae2ca5297aa2ce62a8239c07177408791165014_7
20180928_140307 50 1 3 10000 100000 420477893 0 10 0 0 10 0 9 10000 1 TOTAL 0 0 0 0 0 0 0 0 0 50000 30000 100 10000 1 2 2 7 79 0.212 0.109 ../hl/test/log/doc50cop3shlf1lif10000_af10000s1tTOTAL_gf0i0d0m0_sh30000i100s1m10000_svrdeflif50000simlen0_seed420477893.log 30573 hl-extractinstructions.txt 20180928_140339 0.6_20170522 GenuineIntel_fam6mod69step1cor2spd2394.000 0ae2ca5297aa2ce62a8239c07177408791165014_8
20180928_140319 50 1 3 10000 100000 263688301 0 10 0 0 10 0 9 10000 1 TOTAL 0 0 0 0 0 0 0 0 0 50000 30000 100 10000 1 2 2 4 72 0.204 0.110 ../hl/test/log/doc50cop3shlf1lif10000_af10000s1tTOTAL_gf0i0d0m0_sh30000i100s1m10000_svrdeflif50000simlen0_seed263688301.log 29058 hl-extractinstructions.txt 20180928_140351 0.6_20170522 GenuineIntel_fam6mod69step1cor2spd2394.000 0ae2ca5297aa2ce62a8239c07177408791165014_9
20180928_140331 50 1 3 10000 100000 50746969 0 10 0 10 0 0 9 10000 1 TOTAL 0 0 0 0 0 0 0 0 0 50000 30000 100 10000 1 2 1 3 76 0.198 0.110 ../hl/test/log/doc50cop3shlf1lif10000_af10000s1tTOTAL_gf0i0d0m0_sh30000i100s1m10000_svrdeflif50000simlen0_seed50746969.log 28579 hl-extractinstructions.txt 20180928_140403 0.6_20170522 GenuineIntel_fam6mod69step1cor2spd2394.000 0ae2ca5297aa2ce62a8239c07177408791165014_10
20180928_140343 50 1 3 10000 100000 533657980 0 10 0 0 10 0 9 10000 1 TOTAL 0 0 0 0 0 0 0 0 0 50000 30000 100 10000 1 2 0 4 70 0.209 0.110 ../hl/test/log/doc50cop3shlf1lif10000_af10000s1tTOTAL_gf0i0d0m0_sh30000i100s1m10000_svrdeflif50000simlen0_seed533657980.log 29021 hl-extractinstructions.txt 20180928_140415 0.6_20170522 GenuineIntel_fam6mod69step1cor2spd2394.000 0ae2ca5297aa2ce62a8239c07177408791165014_11
20180928_140355 50 1 3 10000 100000 711283608 0 10 0 0 10 0 9 10000 1 TOTAL 0 0 0 0 0 0 0 0 0 50000 30000 100 10000 1 2 1 6 79 0.214 0.110 ../hl/test/log/doc50cop3shlf1lif10000_af10000s1tTOTAL_gf0i0d0m0_sh30000i100s1m10000_svrdeflif50000simlen0_seed711283608.log 30066 hl-extractinstructions.txt 20180928_140427 0.6_20170522 GenuineIntel_fam6mod69step1cor2spd2394.000 0ae2ca5297aa2ce62a8239c07177408791165014_12
20180928_140407 50 1 3 10000 100000 597296547 0 10 0 0 10 0 9 10000 1 TOTAL 0 0 0 0 0 0 0 0 0 50000 30000 100 10000 1 2 0 5 75 0.226 0.125 ../hl/test/log/doc50cop3shlf1lif10000_af10000s1tTOTAL_gf0i0d0m0_sh30000i100s1m10000_svrdeflif50000simlen0_seed597296547.log 29553 hl-extractinstructions.txt 20180928_140439 0.6_20170522 GenuineIntel_fam6mod69step1cor2spd2394.000 0ae2ca5297aa2ce62a8239c07177408791165014_13
20180928_140419 50 1 3 10000 100000 664375964 0 10 0 0 10 0 9 10000 1 TOTAL 0 0 0 0 0 0 0 0 0 50000 30000 100 10000 1 2 3 6 75 0.214 0.110 ../hl/test/log/doc50cop3shlf1lif10000_af10000s1tTOTAL_gf0i0d0m0_sh30000i100s1m10000_svrdeflif50000simlen0_seed664375964.log 30063 hl-extractinstructions.txt 20180928_140450 0.6_20170522 GenuineIntel_fam6mod69step1cor2spd2394.000 0ae2ca5297aa2ce62a8239c07177408791165014_14
20180928_140431 50 1 3 10000 100000 258760793 0 10 0 0 10 0 9 10000 1 TOTAL 0 0 0 0 0 0 0 0 0 50000 30000 100 10000 1 2 3 8 80 0.214 0.109 ../hl/test/log/doc50cop3shlf1lif10000_af10000s1tTOTAL_gf0i0d0m0_sh30000i100s1m10000_svrdeflif50000simlen0_seed258760793.log 31067 hl-extractinstructions.txt 20180928_140502 0.6_20170522 GenuineIntel_fam6mod69step1cor2spd2394.000 0ae2ca5297aa2ce62a8239c07177408791165014_15
20180928_140443 50 1 3 10000 100000 666549275 0 10 0 0 10 0 9 10000 1 TOTAL 0 0 0 0 0 0 0 0 0 50000 30000 100 10000 1 2 2 4 79 0.207 0.109 ../hl/test/log/doc50cop3shlf1lif10000_af10000s1tTOTAL_gf0i0d0m0_sh30000i100s1m10000_svrdeflif50000simlen0_seed666549275.log 29104 hl-extractinstructions.txt 20180928_140514 0.6_20170522 GenuineIntel_fam6mod69step1cor2spd2394.000 0ae2ca5297aa2ce62a8239c07177408791165014_16
20180928_140454 50 1 3 10000 100000 376517787 0 10 0 0 10 0 9 10000 1 TOTAL 0 0 0 0 0 0 0 0 0 50000 30000 100 10000 1 2 1 5 83 0.208 0.109 ../hl/test/log/doc50cop3shlf1lif10000_af10000s1tTOTAL_gf0i0d0m0_sh30000i100s1m10000_svrdeflif50000simlen0_seed376517787.log 29610 hl-extractinstructions.txt 20180928_140526 0.6_20170522 GenuineIntel_fam6mod69step1cor2spd2394.000 0ae2ca5297aa2ce62a8239c07177408791165014_17
20180928_140506 50 1 3 10000 100000 817713633 0 10 0 10 0 0 9 10000 1 TOTAL 0 0 0 0 0 0 0 0 0 50000 30000 100 10000 1 2 2 2 73 0.201 0.109 ../hl/test/log/doc50cop3shlf1lif10000_af10000s1tTOTAL_gf0i0d0m0_sh30000i100s1m10000_svrdeflif50000simlen0_seed817713633.log 28097 hl-extractinstructions.txt 20180928_140538 0.6_20170522 GenuineIntel_fam6mod69step1cor2spd2394.000 0ae2ca5297aa2ce62a8239c07177408791165014_18
20180928_140518 50 1 3 10000 100000 519606501 0 10 0 0 10 0 9 10000 1 TOTAL 0 0 0 0 0 0 0 0 0 50000 30000 100 10000 1 2 0 5 80 0.213 0.110 ../hl/test/log/doc50cop3shlf1lif10000_af10000s1tTOTAL_gf0i0d0m0_sh30000i100s1m10000_svrdeflif50000simlen0_seed519606501.log 29584 hl-extractinstructions.txt 20180928_140550 0.6_20170522 GenuineIntel_fam6mod69step1cor2spd2394.000 0ae2ca5297aa2ce62a8239c07177408791165014_19
20180928_140530 50 1 3 10000 100000 715258232 0 10 0 0 10 0 9 10000 1 TOTAL 0 0 0 0 0 0 0 0 0 50000 30000 100 10000 1 2 2 6 84 0.214 0.110 ../hl/test/log/doc50cop3shlf1lif10000_af10000s1tTOTAL_gf0i0d0m0_sh30000i100s1m10000_svrdeflif50000simlen0_seed715258232.log 30114 hl-extractinstructions.txt 20180928_140602 0.6_20170522 GenuineIntel_fam6mod69step1cor2spd2394.000 0ae2ca5297aa2ce62a8239c07177408791165014_20
20180928_140542 50 1 3 10000 100000 792850679 0 10 0 0 10 0 9 10000 1 TOTAL 0 0 0 0 0 0 0 0 0 50000 30000 100 10000 1 2 0 6 77 0.203 0.110 ../hl/test/log/doc50cop3shlf1lif10000_af10000s1tTOTAL_gf0i0d0m0_sh30000i100s1m10000_svrdeflif50000simlen0_seed792850679.log 30047 hl-extractinstructions.txt 20180928_140613 0.6_20170522 GenuineIntel_fam6mod69step1cor2spd2394.000 0ae2ca5297aa2ce62a8239c07177408791165014_21
