timestamp docsize shelfsize copies lifem simlength seed lost docstotal docsokay docsrepairedmajority docsrepairedminority docslost auditcycles auditfrequency auditsegments audittype auditrepairs auditmajority auditminority auditlost glitchfreq glitchimpact glitchdecay glitchmaxlife nglitches serverdefaultlife shockfreq shockimpact shockmaxlife shockspan shocktype nshocks deadserversactive deadserversall walltime cputime logfilename logfilesize instructionfilename todaysdatetime extractorversion cpuinfo mongoid
20180929_004508 50 1 3 10000 100000 919028296 10 10 0 0 0 10 9 10000 1 TOTAL 0 0 0 10 0 0 0 0 0 10000 10000 80 10000 1 2 6 3 100 0.185 0.016 ../hl/test/log/doc50cop3shlf1lif10000_af10000s1tTOTAL_gf0i0d0m0_sh10000i80s1m10000_svrdeflif10000simlen0_seed919028296.log 27214 hl-extractinstructions.txt 20180929_004539 0.6_20170522 GenuineIntel_fam6mod69step1cor2spd2394.000 d0aeda45e563a436f62ab0553cc09c3c526961ae_1
20180929_004510 50 1 3 10000 100000 103765041 10 10 0 0 0 10 9 10000 1 TOTAL 0 0 0 10 0 0 0 0 0 10000 10000 80 10000 1 2 4 10 102 0.177 0.063 ../hl/test/log/doc50cop3shlf1lif10000_af10000s1tTOTAL_gf0i0d0m0_sh10000i80s1m10000_svrdeflif10000simlen0_seed103765041.log 30678 hl-extractinstructions.txt 20180929_004541 0.6_20170522 GenuineIntel_fam6mod69step1cor2spd2394.000 d0aeda45e563a436f62ab0553cc09c3c526961ae_2
20180929_004511 50 1 3 10000 100000 141246882 10 10 0 0 0 10 9 10000 1 TOTAL 0 0 0 10 0 0 0 0 0 10000 10000 80 10000 1 2 6 3 100 0.141 0.016 ../hl/test/log/doc50cop3shlf1lif10000_af10000s1tTOTAL_gf0i0d0m0_sh10000i80s1m10000_svrdeflif10000simlen0_seed141246882.log 27209 hl-extractinstructions.txt 20180929_004543 0.6_20170522 GenuineIntel_fam6mod69step1cor2spd2394.000 d0aeda45e563a436f62ab0553cc09c3c526961ae_3
20180929_004513 50 1 3 10000 100000 681028781 10 10 0 0 0 10 9 10000 1 TOTAL 0 0 0 10 0 0 0 0 0 10000 10000 80 10000 1 2 5 3 100 0.132 0.031 ../hl/test/log/doc50cop3shlf1lif10000_af10000s1tTOTAL_gf0i0d0m0_sh10000i80s1m10000_svrdeflif10000simlen0_seed681028781.log 27206 hl-extractinstructions.txt 20180929_004544 0.6_20170522 GenuineIntel_fam6mod69step1cor2spd2394.000 d0aeda45e563a436f62ab0553cc09c3c526961ae_4
20180929_004514 50 1 3 10000 100000 117661523 10 10 0 0 0 10 9 10000 1 TOTAL 0 0 0 10 0 0 0 0 0 10000 10000 80 10000 1 2 4 4 100 0.112 0.047 ../hl/test/log/doc50cop3shlf1lif10000_af10000s1tTOTAL_gf0i0d0m0_sh10000i80s1m10000_svrdeflif10000simlen0_seed117661523.log 27714 hl-extractinstructions.txt 20180929_004545 0.6_20170522 GenuineIntel_fam6mod69step1cor2spd2394.000 d0aeda45e563a436f62ab0553cc09c3c526961ae_5
20180929_004526 50 1 3 10000 100000 105731136 10 10 0 0 0 10 9 10000 1 TOTAL 0 0 0 10 0 0 0 0 0 10000 10000 80 10000 1 2 4 11 103 0.112 0.031 ../hl/test/log/doc50cop3shlf1lif10000_af10000s1tTOTAL_gf0i0d0m0_sh10000i80s1m10000_svrdeflif10000simlen0_seed105731136.log 31187 hl-extractinstructions.txt 20180929_004557 0.6_20170522 GenuineIntel_fam6mod69step1cor2spd2394.000 d0aeda45e563a436f62ab0553cc09c3c526961ae_6
20180929_004631 50 1 3 10000 100000 967561224 10 10 0 0 0 10 9 10000 1 TOTAL 0 0 0 10 0 0 0 0 0 10000 10000 80 10000 1 2 5 10 102 0.161 0.063 ../hl/test/log/doc50cop3shlf1lif10000_af10000s1tTOTAL_gf0i0d0m0_sh10000i80s1m10000_svrdeflif10000simlen0_seed967561224.log 30688 hl-extractinstructions.txt 20180929_004702 0.6_20170522 GenuineIntel_fam6mod69step1cor2spd2394.000 d0aeda45e563a436f62ab0553cc09c3c526961ae_7
20180929_004632 50 1 3 10000 100000 420477893 10 10 0 0 0 10 9 10000 1 TOTAL 0 0 0 10 0 0 0 0 0 10000 10000 80 10000 1 2 5 9 102 0.260 0.093 ../hl/test/log/doc50cop3shlf1lif10000_af10000s1tTOTAL_gf0i0d0m0_sh10000i80s1m10000_svrdeflif10000simlen0_seed420477893.log 30190 hl-extractinstructions.txt 20180929_004704 0.6_20170522 GenuineIntel_fam6mod69step1cor2spd2394.000 d0aeda45e563a436f62ab0553cc09c3c526961ae_8
20180929_004634 50 1 3 10000 100000 263688301 0 10 0 0 10 0 9 10000 1 TOTAL 0 0 0 0 0 0 0 0 0 10000 10000 80 10000 1 2 3 18 109 0.121 0.047 ../hl/test/log/doc50cop3shlf1lif10000_af10000s1tTOTAL_gf0i0d0m0_sh10000i80s1m10000_svrdeflif10000simlen0_seed263688301.log 35200 hl-extractinstructions.txt 20180929_004706 0.6_20170522 GenuineIntel_fam6mod69step1cor2spd2394.000 d0aeda45e563a436f62ab0553cc09c3c526961ae_9
20180929_004646 50 1 3 10000 100000 50746969 10 10 0 0 0 10 9 10000 1 TOTAL 0 0 0 10 0 0 0 0 0 10000 10000 80 10000 1 2 5 3 100 0.134 0.016 ../hl/test/log/doc50cop3shlf1lif10000_af10000s1tTOTAL_gf0i0d0m0_sh10000i80s1m10000_svrdeflif10000simlen0_seed50746969.log 27203 hl-extractinstructions.txt 20180929_004717 0.6_20170522 GenuineIntel_fam6mod69step1cor2spd2394.000 d0aeda45e563a436f62ab0553cc09c3c526961ae_10
20180929_004647 50 1 3 10000 100000 533657980 10 10 0 0 0 10 9 10000 1 TOTAL 0 0 0 10 0 0 0 0 0 10000 10000 80 10000 1 2 2 12 103 0.102 0.031 ../hl/test/log/doc50cop3shlf1lif10000_af10000s1tTOTAL_gf0i0d0m0_sh10000i80s1m10000_svrdeflif10000simlen0_seed533657980.log 31691 hl-extractinstructions.txt 20180929_004719 0.6_20170522 GenuineIntel_fam6mod69step1cor2spd2394.000 d0aeda45e563a436f62ab0553cc09c3c526961ae_11
20180929_004659 50 1 3 10000 100000 711283608 10 10 0 0 0 10 9 10000 1 TOTAL 0 0 0 10 0 0 0 0 0 10000 10000 80 10000 1 2 3 5 100 0.089 0.016 ../hl/test/log/doc50cop3shlf1lif10000_af10000s1tTOTAL_gf0i0d0m0_sh10000i80s1m10000_svrdeflif10000simlen0_seed711283608.log 28192 hl-extractinstructions.txt 20180929_004731 0.6_20170522 GenuineIntel_fam6mod69step1cor2spd2394.000 d0aeda45e563a436f62ab0553cc09c3c526961ae_12
20180929_004754 50 1 3 10000 100000 597296547 10 10 0 0 0 10 9 10000 1 TOTAL 0 0 0 10 0 0 0 0 0 10000 10000 80 10000 1 2 3 15 105 0.249 0.093 ../hl/test/log/doc50cop3shlf1lif10000_af10000s1tTOTAL_gf0i0d0m0_sh10000i80s1m10000_svrdeflif10000simlen0_seed597296547.log 33185 hl-extractinstructions.txt 20180929_004825 0.6_20170522 GenuineIntel_fam6mod69step1cor2spd2394.000 d0aeda45e563a436f62ab0553cc09c3c526961ae_13
20180929_004806 50 1 3 10000 100000 664375964 10 10 0 0 0 10 9 10000 1 TOTAL 0 0 0 10 0 0 0 0 0 10000 10000 80 10000 1 2 4 19 107 0.227 0.078 ../hl/test/log/doc50cop3shlf1lif10000_af10000s1tTOTAL_gf0i0d0m0_sh10000i80s1m10000_svrdeflif10000simlen0_seed664375964.log 35200 hl-extractinstructions.txt 20180929_004837 0.6_20170522 GenuineIntel_fam6mod69step1cor2spd2394.000 d0aeda45e563a436f62ab0553cc09c3c526961ae_14
20180929_004808 50 1 3 10000 100000 258760793 0 10 0 0 10 0 9 10000 1 TOTAL 0 0 0 0 0 0 0 0 0 10000 10000 80 10000 1 2 4 17 107 0.276 0.110 ../hl/test/log/doc50cop3shlf1lif10000_af10000s1tTOTAL_gf0i0d0m0_sh10000i80s1m10000_svrdeflif10000simlen0_seed258760793.log 34678 hl-extractinstructions.txt 20180929_004840 0.6_20170522 GenuineIntel_fam6mod69step1cor2spd2394.000 d0aeda45e563a436f62ab0553cc09c3c526961ae_15
20180929_004809 50 1 3 10000 100000 666549275 10 10 0 0 0 10 9 10000 1 TOTAL 0 0 0 10 0 0 0 0 0 10000 10000 80 10000 1 2 5 12 104 0.169 0.047 ../hl/test/log/doc50cop3shlf1lif10000_af10000s1tTOTAL_gf0i0d0m0_sh10000i80s1m10000_svrdeflif10000simlen0_seed666549275.log 31706 hl-extractinstructions.txt 20180929_004841 0.6_20170522 GenuineIntel_fam6mod69step1cor2spd2394.000 d0aeda45e563a436f62ab0553cc09c3c526961ae_16
20180929_004821 50 1 3 10000 100000 376517787 10 10 0 0 0 10 9 10000 1 TOTAL 0 0 0 10 0 0 0 0 0 10000 10000 80 10000 1 2 4 9 102 0.127 0.016 ../hl/test/log/doc50cop3shlf1lif10000_af10000s1tTOTAL_gf0i0d0m0_sh10000i80s1m10000_svrdeflif10000simlen0_seed376517787.log 30203 hl-extractinstructions.txt 20180929_004852 0.6_20170522 GenuineIntel_fam6mod69step1cor2spd2394.000 d0aeda45e563a436f62ab0553cc09c3c526961ae_17
20180929_004833 50 1 3 10000 100000 817713633 10 10 0 0 0 10 9 10000 1 TOTAL 0 0 0 10 0 0 0 0 0 10000 10000 80 10000 1 2 5 4 100 0.089 0.015 ../hl/test/log/doc50cop3shlf1lif10000_af10000s1tTOTAL_gf0i0d0m0_sh10000i80s1m10000_svrdeflif10000simlen0_seed817713633.log 27709 hl-extractinstructions.txt 20180929_004904 0.6_20170522 GenuineIntel_fam6mod69step1cor2spd2394.000 d0aeda45e563a436f62ab0553cc09c3c526961ae_18
20180929_004906 50 1 3 10000 100000 519606501 10 10 0 0 0 10 9 10000 1 TOTAL 0 0 0 10 0 0 0 0 0 10000 10000 80 10000 1 2 1 16 106 0.116 0.031 ../hl/test/log/doc50cop3shlf1lif10000_af10000s1tTOTAL_gf0i0d0m0_sh10000i80s1m10000_svrdeflif10000simlen0_seed519606501.log 33679 hl-extractinstructions.txt 20180929_004937 0.6_20170522 GenuineIntel_fam6mod69step1cor2spd2394.000 d0aeda45e563a436f62ab0553cc09c3c526961ae_19
20180929_004928 50 1 3 10000 100000 715258232 0 10 0 0 10 0 9 10000 1 TOTAL 0 0 0 0 0 0 0 0 0 10000 10000 80 10000 1 2 3 17 108 0.115 0.047 ../hl/test/log/doc50cop3shlf1lif10000_af10000s1tTOTAL_gf0i0d0m0_sh10000i80s1m10000_svrdeflif10000simlen0_seed715258232.log 34696 hl-extractinstructions.txt 20180929_004959 0.6_20170522 GenuineIntel_fam6mod69step1cor2spd2394.000 d0aeda45e563a436f62ab0553cc09c3c526961ae_20
20180929_004940 50 1 3 10000 100000 792850679 10 10 0 0 0 10 9 10000 1 TOTAL 0 0 0 10 0 0 0 0 0 10000 10000 80 10000 1 2 4 13 102 0.175 0.062 ../hl/test/log/doc50cop3shlf1lif10000_af10000s1tTOTAL_gf0i0d0m0_sh10000i80s1m10000_svrdeflif10000simlen0_seed792850679.log 32157 hl-extractinstructions.txt 20180929_005012 0.6_20170522 GenuineIntel_fam6mod69step1cor2spd2394.000 d0aeda45e563a436f62ab0553cc09c3c526961ae_21
20180929_004952 50 1 3 10000 100000 919028296 10 10 0 0 0 10 9 10000 1 TOTAL 0 0 0 10 0 0 0 0 0 10000 10000 100 10000 1 2 6 3 100 0.151 0.047 ../hl/test/log/doc50cop3shlf1lif10000_af10000s1tTOTAL_gf0i0d0m0_sh10000i100s1m10000_svrdeflif10000simlen0_seed919028296.log 27216 hl-extractinstructions.txt 20180929_005024 0.6_20170522 GenuineIntel_fam6mod69step1cor2spd2394.000 bc9e162c1e8a2d3e24e38ff618a6b4127f50146a_1
20180929_004954 50 1 3 10000 100000 103765041 10 10 0 0 0 10 9 10000 1 TOTAL 0 0 0 10 0 0 0 0 0 10000 10000 100 10000 1 2 4 10 102 0.096 0.031 ../hl/test/log/doc50cop3shlf1lif10000_af10000s1tTOTAL_gf0i0d0m0_sh10000i100s1m10000_svrdeflif10000simlen0_seed103765041.log 30680 hl-extractinstructions.txt 20180929_005025 0.6_20170522 GenuineIntel_fam6mod69step1cor2spd2394.000 bc9e162c1e8a2d3e24e38ff618a6b4127f50146a_2
20180929_005006 50 1 3 10000 100000 141246882 10 10 0 0 0 10 9 10000 1 TOTAL 0 0 0 10 0 0 0 0 0 10000 10000 100 10000 1 2 6 3 100 0.095 0.015 ../hl/test/log/doc50cop3shlf1lif10000_af10000s1tTOTAL_gf0i0d0m0_sh10000i100s1m10000_svrdeflif10000simlen0_seed141246882.log 27211 hl-extractinstructions.txt 20180929_005037 0.6_20170522 GenuineIntel_fam6mod69step1cor2spd2394.000 bc9e162c1e8a2d3e24e38ff618a6b4127f50146a_3
20180929_005018 50 1 3 10000 100000 681028781 10 10 0 0 0 10 9 10000 1 TOTAL 0 0 0 10 0 0 0 0 0 10000 10000 100 10000 1 2 5 3 100 0.115 0.016 ../hl/test/log/doc50cop3shlf1lif10000_af10000s1tTOTAL_gf0i0d0m0_sh10000i100s1m10000_svrdeflif10000simlen0_seed681028781.log 27208 hl-extractinstructions.txt 20180929_005049 0.6_20170522 GenuineIntel_fam6mod69step1cor2spd2394.000 bc9e162c1e8a2d3e24e38ff618a6b4127f50146a_4
20180929_005040 50 1 3 10000 100000 117661523 10 10 0 0 0 10 9 10000 1 TOTAL 0 0 0 10 0 0 0 0 0 10000 10000 100 10000 1 2 4 4 100 0.093 0.031 ../hl/test/log/doc50cop3shlf1lif10000_af10000s1tTOTAL_gf0i0d0m0_sh10000i100s1m10000_svrdeflif10000simlen0_seed117661523.log 27716 hl-extractinstructions.txt 20180929_005111 0.6_20170522 GenuineIntel_fam6mod69step1cor2spd2394.000 bc9e162c1e8a2d3e24e38ff618a6b4127f50146a_5
20180929_005052 50 1 3 10000 100000 105731136 10 10 0 0 0 10 9 10000 1 TOTAL 0 0 0 10 0 0 0 0 0 10000 10000 100 10000 1 2 4 11 103 0.106 0.031 ../hl/test/log/doc50cop3shlf1lif10000_af10000s1tTOTAL_gf0i0d0m0_sh10000i100s1m10000_svrdeflif10000simlen0_seed105731136.log 31189 hl-extractinstructions.txt 20180929_005123 0.6_20170522 GenuineIntel_fam6mod69step1cor2spd2394.000 bc9e162c1e8a2d3e24e38ff618a6b4127f50146a_6
20180929_005104 50 1 3 10000 100000 967561224 10 10 0 0 0 10 9 10000 1 TOTAL 0 0 0 10 0 0 0 0 0 10000 10000 100 10000 1 2 5 13 102 0.106 0.032 ../hl/test/log/doc50cop3shlf1lif10000_af10000s1tTOTAL_gf0i0d0m0_sh10000i100s1m10000_svrdeflif10000simlen0_seed967561224.log 32171 hl-extractinstructions.txt 20180929_005135 0.6_20170522 GenuineIntel_fam6mod69step1cor2spd2394.000 bc9e162c1e8a2d3e24e38ff618a6b4127f50146a_7
20180929_005116 50 1 3 10000 100000 420477893 10 10 0 0 0 10 9 10000 1 TOTAL 0 0 0 10 0 0 0 0 0 10000 10000 100 10000 1 2 5 9 102 0.119 0.016 ../hl/test/log/doc50cop3shlf1lif10000_af10000s1tTOTAL_gf0i0d0m0_sh10000i100s1m10000_svrdeflif10000simlen0_seed420477893.log 30192 hl-extractinstructions.txt 20180929_005147 0.6_20170522 GenuineIntel_fam6mod69step1cor2spd2394.000 bc9e162c1e8a2d3e24e38ff618a6b4127f50146a_8
20180929_005128 50 1 3 10000 100000 263688301 10 10 0 0 0 10 9 10000 1 TOTAL 0 0 0 10 0 0 0 0 0 10000 10000 100 10000 1 2 2 11 102 0.109 0.031 ../hl/test/log/doc50cop3shlf1lif10000_af10000s1tTOTAL_gf0i0d0m0_sh10000i100s1m10000_svrdeflif10000simlen0_seed263688301.log 31186 hl-extractinstructions.txt 20180929_005159 0.6_20170522 GenuineIntel_fam6mod69step1cor2spd2394.000 bc9e162c1e8a2d3e24e38ff618a6b4127f50146a_9
20180929_005140 50 1 3 10000 100000 50746969 10 10 0 0 0 10 9 10000 1 TOTAL 0 0 0 10 0 0 0 0 0 10000 10000 100 10000 1 2 5 3 100 0.101 0.016 ../hl/test/log/doc50cop3shlf1lif10000_af10000s1tTOTAL_gf0i0d0m0_sh10000i100s1m10000_svrdeflif10000simlen0_seed50746969.log 27205 hl-extractinstructions.txt 20180929_005211 0.6_20170522 GenuineIntel_fam6mod69step1cor2spd2394.000 bc9e162c1e8a2d3e24e38ff618a6b4127f50146a_10
20180929_005152 50 1 3 10000 100000 533657980 10 10 0 0 0 10 9 10000 1 TOTAL 0 0 0 10 0 0 0 0 0 10000 10000 100 10000 1 2 2 12 103 0.125 0.031 ../hl/test/log/doc50cop3shlf1lif10000_af10000s1tTOTAL_gf0i0d0m0_sh10000i100s1m10000_svrdeflif10000simlen0_seed533657980.log 31693 hl-extractinstructions.txt 20180929_005223 0.6_20170522 GenuineIntel_fam6mod69step1cor2spd2394.000 bc9e162c1e8a2d3e24e38ff618a6b4127f50146a_11
20180929_005204 50 1 3 10000 100000 711283608 10 10 0 0 0 10 9 10000 1 TOTAL 0 0 0 10 0 0 0 0 0 10000 10000 100 10000 1 2 3 5 100 0.115 0.031 ../hl/test/log/doc50cop3shlf1lif10000_af10000s1tTOTAL_gf0i0d0m0_sh10000i100s1m10000_svrdeflif10000simlen0_seed711283608.log 28194 hl-extractinstructions.txt 20180929_005235 0.6_20170522 GenuineIntel_fam6mod69step1cor2spd2394.000 bc9e162c1e8a2d3e24e38ff618a6b4127f50146a_12
20180929_005216 50 1 3 10000 100000 597296547 10 10 0 0 0 10 9 10000 1 TOTAL 0 0 0 10 0 0 0 0 0 10000 10000 100 10000 1 2 3 15 105 0.187 0.078 ../hl/test/log/doc50cop3shlf1lif10000_af10000s1tTOTAL_gf0i0d0m0_sh10000i100s1m10000_svrdeflif10000simlen0_seed597296547.log 33187 hl-extractinstructions.txt 20180929_005247 0.6_20170522 GenuineIntel_fam6mod69step1cor2spd2394.000 bc9e162c1e8a2d3e24e38ff618a6b4127f50146a_13
20180929_005228 50 1 3 10000 100000 664375964 10 10 0 0 0 10 9 10000 1 TOTAL 0 0 0 10 0 0 0 0 0 10000 10000 100 10000 1 2 4 19 107 0.121 0.047 ../hl/test/log/doc50cop3shlf1lif10000_af10000s1tTOTAL_gf0i0d0m0_sh10000i100s1m10000_svrdeflif10000simlen0_seed664375964.log 35202 hl-extractinstructions.txt 20180929_005259 0.6_20170522 GenuineIntel_fam6mod69step1cor2spd2394.000 bc9e162c1e8a2d3e24e38ff618a6b4127f50146a_14
20180929_005239 50 1 3 10000 100000 258760793 0 10 0 0 10 0 9 10000 1 TOTAL 0 0 0 0 0 0 0 0 0 10000 10000 100 10000 1 2 4 17 107 0.117 0.046 ../hl/test/log/doc50cop3shlf1lif10000_af10000s1tTOTAL_gf0i0d0m0_sh10000i100s1m10000_svrdeflif10000simlen0_seed258760793.log 34689 hl-extractinstructions.txt 20180929_005311 0.6_20170522 GenuineIntel_fam6mod69step1cor2spd2394.000 bc9e162c1e8a2d3e24e38ff618a6b4127f50146a_15
20180929_005251 50 1 3 10000 100000 666549275 10 10 0 0 0 10 9 10000 1 TOTAL 0 0 0 10 0 0 0 0 0 10000 10000 100 10000 1 2 5 12 104 0.113 0.031 ../hl/test/log/doc50cop3shlf1lif10000_af10000s1tTOTAL_gf0i0d0m0_sh10000i100s1m10000_svrdeflif10000simlen0_seed666549275.log 31708 hl-extractinstructions.txt 20180929_005323 0.6_20170522 GenuineIntel_fam6mod69step1cor2spd2394.000 bc9e162c1e8a2d3e24e38ff618a6b4127f50146a_16
20180929_005303 50 1 3 10000 100000 376517787 10 10 0 0 0 10 9 10000 1 TOTAL 0 0 0 10 0 0 0 0 0 10000 10000 100 10000 1 2 4 9 102 0.131 0.032 ../hl/test/log/doc50cop3shlf1lif10000_af10000s1tTOTAL_gf0i0d0m0_sh10000i100s1m10000_svrdeflif10000simlen0_seed376517787.log 30205 hl-extractinstructions.txt 20180929_005335 0.6_20170522 GenuineIntel_fam6mod69step1cor2spd2394.000 bc9e162c1e8a2d3e24e38ff618a6b4127f50146a_17
20180929_005315 50 1 3 10000 100000 817713633 10 10 0 0 0 10 9 10000 1 TOTAL 0 0 0 10 0 0 0 0 0 10000 10000 100 10000 1 2 6 12 104 0.102 0.031 ../hl/test/log/doc50cop3shlf1lif10000_af10000s1tTOTAL_gf0i0d0m0_sh10000i100s1m10000_svrdeflif10000simlen0_seed817713633.log 31717 hl-extractinstructions.txt 20180929_005347 0.6_20170522 GenuineIntel_fam6mod69step1cor2spd2394.000 bc9e162c1e8a2d3e24e38ff618a6b4127f50146a_18
20180929_005327 50 1 3 10000 100000 519606501 10 10 0 0 0 10 9 10000 1 TOTAL 0 0 0 10 0 0 0 0 0 10000 10000 100 10000 1 2 1 16 106 0.138 0.030 ../hl/test/log/doc50cop3shlf1lif10000_af10000s1tTOTAL_gf0i0d0m0_sh10000i100s1m10000_svrdeflif10000simlen0_seed519606501.log 33680 hl-extractinstructions.txt 20180929_005359 0.6_20170522 GenuineIntel_fam6mod69step1cor2spd2394.000 bc9e162c1e8a2d3e24e38ff618a6b4127f50146a_19
20180929_005339 50 1 3 10000 100000 715258232 10 10 0 0 0 10 9 10000 1 TOTAL 0 0 0 10 0 0 0 0 0 10000 10000 100 10000 1 2 3 8 99 0.107 0.047 ../hl/test/log/doc50cop3shlf1lif10000_af10000s1tTOTAL_gf0i0d0m0_sh10000i100s1m10000_svrdeflif10000simlen0_seed715258232.log 29677 hl-extractinstructions.txt 20180929_005411 0.6_20170522 GenuineIntel_fam6mod69step1cor2spd2394.000 bc9e162c1e8a2d3e24e38ff618a6b4127f50146a_20
20180929_005351 50 1 3 10000 100000 792850679 10 10 0 0 0 10 9 10000 1 TOTAL 0 0 0 10 0 0 0 0 0 10000 10000 100 10000 1 2 4 13 102 0.108 0.031 ../hl/test/log/doc50cop3shlf1lif10000_af10000s1tTOTAL_gf0i0d0m0_sh10000i100s1m10000_svrdeflif10000simlen0_seed792850679.log 32159 hl-extractinstructions.txt 20180929_005423 0.6_20170522 GenuineIntel_fam6mod69step1cor2spd2394.000 bc9e162c1e8a2d3e24e38ff618a6b4127f50146a_21
20180929_005403 50 1 3 10000 100000 919028296 10 10 0 0 0 10 9 10000 1 TOTAL 0 0 0 10 0 0 0 0 0 20000 10000 80 10000 1 2 5 3 97 0.101 0.015 ../hl/test/log/doc50cop3shlf1lif10000_af10000s1tTOTAL_gf0i0d0m0_sh10000i80s1m10000_svrdeflif20000simlen0_seed919028296.log 27225 hl-extractinstructions.txt 20180929_005434 0.6_20170522 GenuineIntel_fam6mod69step1cor2spd2394.000 9ea12544200164a4026cc62464afef9f6fd7e477_1
20180929_005415 50 1 3 10000 100000 103765041 0 10 0 0 10 0 9 10000 1 TOTAL 0 0 0 0 0 0 0 0 0 20000 10000 80 10000 1 2 2 6 97 0.123 0.047 ../hl/test/log/doc50cop3shlf1lif10000_af10000s1tTOTAL_gf0i0d0m0_sh10000i80s1m10000_svrdeflif20000simlen0_seed103765041.log 30156 hl-extractinstructions.txt 20180929_005447 0.6_20170522 GenuineIntel_fam6mod69step1cor2spd2394.000 9ea12544200164a4026cc62464afef9f6fd7e477_2
20180929_005427 50 1 3 10000 100000 141246882 10 10 0 0 0 10 9 10000 1 TOTAL 0 0 0 10 0 0 0 0 0 20000 10000 80 10000 1 2 6 3 97 0.085 0.031 ../hl/test/log/doc50cop3shlf1lif10000_af10000s1tTOTAL_gf0i0d0m0_sh10000i80s1m10000_svrdeflif20000simlen0_seed141246882.log 27216 hl-extractinstructions.txt 20180929_005458 0.6_20170522 GenuineIntel_fam6mod69step1cor2spd2394.000 9ea12544200164a4026cc62464afef9f6fd7e477_3
20180929_005439 50 1 3 10000 100000 681028781 10 10 0 0 0 10 9 10000 1 TOTAL 0 0 0 10 0 0 0 0 0 20000 10000 80 10000 1 2 3 5 97 0.109 0.015 ../hl/test/log/doc50cop3shlf1lif10000_af10000s1tTOTAL_gf0i0d0m0_sh10000i80s1m10000_svrdeflif20000simlen0_seed681028781.log 28189 hl-extractinstructions.txt 20180929_005510 0.6_20170522 GenuineIntel_fam6mod69step1cor2spd2394.000 9ea12544200164a4026cc62464afef9f6fd7e477_4
20180929_005451 50 1 3 10000 100000 117661523 10 10 0 0 0 10 9 10000 1 TOTAL 0 0 0 10 0 0 0 0 0 20000 10000 80 10000 1 2 3 10 98 0.103 0.031 ../hl/test/log/doc50cop3shlf1lif10000_af10000s1tTOTAL_gf0i0d0m0_sh10000i80s1m10000_svrdeflif20000simlen0_seed117661523.log 30688 hl-extractinstructions.txt 20180929_005522 0.6_20170522 GenuineIntel_fam6mod69step1cor2spd2394.000 9ea12544200164a4026cc62464afef9f6fd7e477_5
20180929_005503 50 1 3 10000 100000 105731136 0 10 0 0 10 0 9 10000 1 TOTAL 0 0 0 0 0 0 0 0 0 20000 10000 80 10000 1 2 4 16 105 0.108 0.031 ../hl/test/log/doc50cop3shlf1lif10000_af10000s1tTOTAL_gf0i0d0m0_sh10000i80s1m10000_svrdeflif20000simlen0_seed105731136.log 34195 hl-extractinstructions.txt 20180929_005534 0.6_20170522 GenuineIntel_fam6mod69step1cor2spd2394.000 9ea12544200164a4026cc62464afef9f6fd7e477_6
20180929_005515 50 1 3 10000 100000 967561224 0 10 0 0 10 0 9 10000 1 TOTAL 0 0 0 0 0 0 0 0 0 20000 10000 80 10000 1 2 2 11 102 0.105 0.031 ../hl/test/log/doc50cop3shlf1lif10000_af10000s1tTOTAL_gf0i0d0m0_sh10000i80s1m10000_svrdeflif20000simlen0_seed967561224.log 31694 hl-extractinstructions.txt 20180929_005546 0.6_20170522 GenuineIntel_fam6mod69step1cor2spd2394.000 9ea12544200164a4026cc62464afef9f6fd7e477_7
20180929_005527 50 1 3 10000 100000 420477893 0 10 0 0 10 0 9 10000 1 TOTAL 0 0 0 0 0 0 0 0 0 20000 10000 80 10000 1 2 5 14 102 0.118 0.047 ../hl/test/log/doc50cop3shlf1lif10000_af10000s1tTOTAL_gf0i0d0m0_sh10000i80s1m10000_svrdeflif20000simlen0_seed420477893.log 33673 hl-extractinstructions.txt 20180929_005558 0.6_20170522 GenuineIntel_fam6mod69step1cor2spd2394.000 9ea12544200164a4026cc62464afef9f6fd7e477_8
20180929_005539 50 1 3 10000 100000 263688301 0 10 0 0 10 0 9 10000 1 TOTAL 0 0 0 0 0 0 0 0 0 20000 10000 80 10000 1 2 2 8 97 0.111 0.032 ../hl/test/log/doc50cop3shlf1lif10000_af10000s1tTOTAL_gf0i0d0m0_sh10000i80s1m10000_svrdeflif20000simlen0_seed263688301.log 31138 hl-extractinstructions.txt 20180929_005610 0.6_20170522 GenuineIntel_fam6mod69step1cor2spd2394.000 9ea12544200164a4026cc62464afef9f6fd7e477_9
20180929_005551 50 1 3 10000 100000 50746969 10 10 0 0 0 10 9 10000 1 TOTAL 0 0 0 10 0 0 0 0 0 20000 10000 80 10000 1 2 4 11 99 0.114 0.031 ../hl/test/log/doc50cop3shlf1lif10000_af10000s1tTOTAL_gf0i0d0m0_sh10000i80s1m10000_svrdeflif20000simlen0_seed50746969.log 31163 hl-extractinstructions.txt 20180929_005622 0.6_20170522 GenuineIntel_fam6mod69step1cor2spd2394.000 9ea12544200164a4026cc62464afef9f6fd7e477_10
20180929_005603 50 1 3 10000 100000 533657980 0 10 0 0 10 0 9 10000 1 TOTAL 0 0 0 0 0 0 0 0 0 20000 10000 80 10000 1 2 5 8 97 0.104 0.031 ../hl/test/log/doc50cop3shlf1lif10000_af10000s1tTOTAL_gf0i0d0m0_sh10000i80s1m10000_svrdeflif20000simlen0_seed533657980.log 31142 hl-extractinstructions.txt 20180929_005634 0.6_20170522 GenuineIntel_fam6mod69step1cor2spd2394.000 9ea12544200164a4026cc62464afef9f6fd7e477_11
20180929_005615 50 1 3 10000 100000 711283608 10 10 0 0 0 10 9 10000 1 TOTAL 0 0 0 10 0 0 0 0 0 20000 10000 80 10000 1 2 4 9 97 0.144 0.062 ../hl/test/log/doc50cop3shlf1lif10000_af10000s1tTOTAL_gf0i0d0m0_sh10000i80s1m10000_svrdeflif20000simlen0_seed711283608.log 30174 hl-extractinstructions.txt 20180929_005646 0.6_20170522 GenuineIntel_fam6mod69step1cor2spd2394.000 9ea12544200164a4026cc62464afef9f6fd7e477_12
20180929_005626 50 1 3 10000 100000 597296547 0 10 0 0 10 0 9 10000 1 TOTAL 0 0 0 0 0 0 0 0 0 20000 10000 80 10000 1 2 1 12 100 0.115 0.031 ../hl/test/log/doc50cop3shlf1lif10000_af10000s1tTOTAL_gf0i0d0m0_sh10000i80s1m10000_svrdeflif20000simlen0_seed597296547.log 32636 hl-extractinstructions.txt 20180929_005658 0.6_20170522 GenuineIntel_fam6mod69step1cor2spd2394.000 9ea12544200164a4026cc62464afef9f6fd7e477_13
20180929_005638 50 1 3 10000 100000 664375964 0 10 0 0 10 0 9 10000 1 TOTAL 0 0 0 0 0 0 0 0 0 20000 10000 80 10000 1 2 6 10 96 0.108 0.031 ../hl/test/log/doc50cop3shlf1lif10000_af10000s1tTOTAL_gf0i0d0m0_sh10000i80s1m10000_svrdeflif20000simlen0_seed664375964.log 32142 hl-extractinstructions.txt 20180929_005710 0.6_20170522 GenuineIntel_fam6mod69step1cor2spd2394.000 9ea12544200164a4026cc62464afef9f6fd7e477_14
20180929_005650 50 1 3 10000 100000 258760793 0 10 0 0 10 0 9 10000 1 TOTAL 0 0 0 0 0 0 0 0 0 20000 10000 80 10000 1 2 5 8 96 0.102 0.032 ../hl/test/log/doc50cop3shlf1lif10000_af10000s1tTOTAL_gf0i0d0m0_sh10000i80s1m10000_svrdeflif20000simlen0_seed258760793.log 31147 hl-extractinstructions.txt 20180929_005722 0.6_20170522 GenuineIntel_fam6mod69step1cor2spd2394.000 9ea12544200164a4026cc62464afef9f6fd7e477_15
20180929_005702 50 1 3 10000 100000 666549275 0 10 0 0 10 0 9 10000 1 TOTAL 0 0 0 0 0 0 0 0 0 20000 10000 80 10000 1 2 5 8 99 0.102 0.031 ../hl/test/log/doc50cop3shlf1lif10000_af10000s1tTOTAL_gf0i0d0m0_sh10000i80s1m10000_svrdeflif20000simlen0_seed666549275.log 30678 hl-extractinstructions.txt 20180929_005734 0.6_20170522 GenuineIntel_fam6mod69step1cor2spd2394.000 9ea12544200164a4026cc62464afef9f6fd7e477_16
20180929_005714 50 1 3 10000 100000 376517787 0 10 0 0 10 0 9 10000 1 TOTAL 0 0 0 0 0 0 0 0 0 20000 10000 80 10000 1 2 4 10 99 0.139 0.031 ../hl/test/log/doc50cop3shlf1lif10000_af10000s1tTOTAL_gf0i0d0m0_sh10000i80s1m10000_svrdeflif20000simlen0_seed376517787.log 31666 hl-extractinstructions.txt 20180929_005746 0.6_20170522 GenuineIntel_fam6mod69step1cor2spd2394.000 9ea12544200164a4026cc62464afef9f6fd7e477_17
20180929_005726 50 1 3 10000 100000 817713633 0 10 0 0 10 0 9 10000 1 TOTAL 0 0 0 0 0 0 0 0 0 20000 10000 80 10000 1 2 5 11 101 0.117 0.046 ../hl/test/log/doc50cop3shlf1lif10000_af10000s1tTOTAL_gf0i0d0m0_sh10000i80s1m10000_svrdeflif20000simlen0_seed817713633.log 32193 hl-extractinstructions.txt 20180929_005758 0.6_20170522 GenuineIntel_fam6mod69step1cor2spd2394.000 9ea12544200164a4026cc62464afef9f6fd7e477_18
20180929_005738 50 1 3 10000 100000 519606501 0 10 0 0 10 0 9 10000 1 TOTAL 0 0 0 0 0 0 0 0 0 20000 10000 80 10000 1 2 2 12 99 0.117 0.047 ../hl/test/log/doc50cop3shlf1lif10000_af10000s1tTOTAL_gf0i0d0m0_sh10000i80s1m10000_svrdeflif20000simlen0_seed519606501.log 32631 hl-extractinstructions.txt 20180929_005809 0.6_20170522 GenuineIntel_fam6mod69step1cor2spd2394.000 9ea12544200164a4026cc62464afef9f6fd7e477_19
20180929_005750 50 1 3 10000 100000 715258232 0 10 0 0 10 0 9 10000 1 TOTAL 0 0 0 0 0 0 0 0 0 20000 10000 80 10000 1 2 4 12 100 0.108 0.031 ../hl/test/log/doc50cop3shlf1lif10000_af10000s1tTOTAL_gf0i0d0m0_sh10000i80s1m10000_svrdeflif20000simlen0_seed715258232.log 32191 hl-extractinstructions.txt 20180929_005821 0.6_20170522 GenuineIntel_fam6mod69step1cor2spd2394.000 9ea12544200164a4026cc62464afef9f6fd7e477_20
20180929_005802 50 1 3 10000 100000 792850679 0 10 0 0 10 0 9 10000 1 TOTAL 0 0 0 0 0 0 0 0 0 20000 10000 80 10000 1 2 3 16 104 0.129 0.031 ../hl/test/log/doc50cop3shlf1lif10000_af10000s1tTOTAL_gf0i0d0m0_sh10000i80s1m10000_svrdeflif20000simlen0_seed792850679.log 34171 hl-extractinstructions.txt 20180929_005834 0.6_20170522 GenuineIntel_fam6mod69step1cor2spd2394.000 9ea12544200164a4026cc62464afef9f6fd7e477_21
20180929_005814 50 1 3 10000 100000 919028296 0 10 0 0 10 0 9 10000 1 TOTAL 0 0 0 0 0 0 0 0 0 20000 10000 100 10000 1 2 4 12 97 0.113 0.047 ../hl/test/log/doc50cop3shlf1lif10000_af10000s1tTOTAL_gf0i0d0m0_sh10000i100s1m10000_svrdeflif20000simlen0_seed919028296.log 33120 hl-extractinstructions.txt 20180929_005846 0.6_20170522 GenuineIntel_fam6mod69step1cor2spd2394.000 0fce05200cef302f57d9448c83e00840e887a20a_1
20180929_005826 50 1 3 10000 100000 103765041 0 10 0 0 10 0 9 10000 1 TOTAL 0 0 0 0 0 0 0 0 0 20000 10000 100 10000 1 2 2 6 97 0.111 0.031 ../hl/test/log/doc50cop3shlf1lif10000_af10000s1tTOTAL_gf0i0d0m0_sh10000i100s1m10000_svrdeflif20000simlen0_seed103765041.log 30158 hl-extractinstructions.txt 20180929_005858 0.6_20170522 GenuineIntel_fam6mod69step1cor2spd2394.000 0fce05200cef302f57d9448c83e00840e887a20a_2
20180929_005838 50 1 3 10000 100000 141246882 10 10 0 0 0 10 9 10000 1 TOTAL 0 0 0 10 0 0 0 0 0 20000 10000 100 10000 1 2 6 3 97 0.096 0.015 ../hl/test/log/doc50cop3shlf1lif10000_af10000s1tTOTAL_gf0i0d0m0_sh10000i100s1m10000_svrdeflif20000simlen0_seed141246882.log 27218 hl-extractinstructions.txt 20180929_005909 0.6_20170522 GenuineIntel_fam6mod69step1cor2spd2394.000 0fce05200cef302f57d9448c83e00840e887a20a_3
20180929_005850 50 1 3 10000 100000 681028781 10 10 0 0 0 10 9 10000 1 TOTAL 0 0 0 10 0 0 0 0 0 20000 10000 100 10000 1 2 3 5 97 0.095 0.015 ../hl/test/log/doc50cop3shlf1lif10000_af10000s1tTOTAL_gf0i0d0m0_sh10000i100s1m10000_svrdeflif20000simlen0_seed681028781.log 28191 hl-extractinstructions.txt 20180929_005921 0.6_20170522 GenuineIntel_fam6mod69step1cor2spd2394.000 0fce05200cef302f57d9448c83e00840e887a20a_4
20180929_005902 50 1 3 10000 100000 117661523 10 10 0 0 0 10 9 10000 1 TOTAL 0 0 0 10 0 0 0 0 0 20000 10000 100 10000 1 2 3 10 98 0.105 0.031 ../hl/test/log/doc50cop3shlf1lif10000_af10000s1tTOTAL_gf0i0d0m0_sh10000i100s1m10000_svrdeflif20000simlen0_seed117661523.log 30690 hl-extractinstructions.txt 20180929_005933 0.6_20170522 GenuineIntel_fam6mod69step1cor2spd2394.000 0fce05200cef302f57d9448c83e00840e887a20a_5
20180929_005914 50 1 3 10000 100000 105731136 0 10 0 0 10 0 9 10000 1 TOTAL 0 0 0 0 0 0 0 0 0 20000 10000 100 10000 1 2 4 16 105 0.107 0.016 ../hl/test/log/doc50cop3shlf1lif10000_af10000s1tTOTAL_gf0i0d0m0_sh10000i100s1m10000_svrdeflif20000simlen0_seed105731136.log 34197 hl-extractinstructions.txt 20180929_005945 0.6_20170522 GenuineIntel_fam6mod69step1cor2spd2394.000 0fce05200cef302f57d9448c83e00840e887a20a_6
20180929_005926 50 1 3 10000 100000 967561224 0 10 0 0 10 0 9 10000 1 TOTAL 0 0 0 0 0 0 0 0 0 20000 10000 100 10000 1 2 2 11 102 0.126 0.016 ../hl/test/log/doc50cop3shlf1lif10000_af10000s1tTOTAL_gf0i0d0m0_sh10000i100s1m10000_svrdeflif20000simlen0_seed967561224.log 31696 hl-extractinstructions.txt 20180929_005957 0.6_20170522 GenuineIntel_fam6mod69step1cor2spd2394.000 0fce05200cef302f57d9448c83e00840e887a20a_7
20180929_005938 50 1 3 10000 100000 420477893 0 10 0 0 10 0 9 10000 1 TOTAL 0 0 0 0 0 0 0 0 0 20000 10000 100 10000 1 2 5 14 102 0.108 0.031 ../hl/test/log/doc50cop3shlf1lif10000_af10000s1tTOTAL_gf0i0d0m0_sh10000i100s1m10000_svrdeflif20000simlen0_seed420477893.log 33675 hl-extractinstructions.txt 20180929_010009 0.6_20170522 GenuineIntel_fam6mod69step1cor2spd2394.000 0fce05200cef302f57d9448c83e00840e887a20a_8
20180929_005950 50 1 3 10000 100000 263688301 0 10 0 0 10 0 9 10000 1 TOTAL 0 0 0 0 0 0 0 0 0 20000 10000 100 10000 1 2 4 10 97 0.113 0.031 ../hl/test/log/doc50cop3shlf1lif10000_af10000s1tTOTAL_gf0i0d0m0_sh10000i100s1m10000_svrdeflif20000simlen0_seed263688301.log 32138 hl-extractinstructions.txt 20180929_010021 0.6_20170522 GenuineIntel_fam6mod69step1cor2spd2394.000 0fce05200cef302f57d9448c83e00840e887a20a_9
20180929_010002 50 1 3 10000 100000 50746969 10 10 0 0 0 10 9 10000 1 TOTAL 0 0 0 10 0 0 0 0 0 20000 10000 100 10000 1 2 4 11 99 0.108 0.032 ../hl/test/log/doc50cop3shlf1lif10000_af10000s1tTOTAL_gf0i0d0m0_sh10000i100s1m10000_svrdeflif20000simlen0_seed50746969.log 31165 hl-extractinstructions.txt 20180929_010033 0.6_20170522 GenuineIntel_fam6mod69step1cor2spd2394.000 0fce05200cef302f57d9448c83e00840e887a20a_10
20180929_010014 50 1 3 10000 100000 533657980 0 10 0 0 10 0 9 10000 1 TOTAL 0 0 0 0 0 0 0 0 0 20000 10000 100 10000 1 2 3 8 96 0.116 0.016 ../hl/test/log/doc50cop3shlf1lif10000_af10000s1tTOTAL_gf0i0d0m0_sh10000i100s1m10000_svrdeflif20000simlen0_seed533657980.log 31130 hl-extractinstructions.txt 20180929_010045 0.6_20170522 GenuineIntel_fam6mod69step1cor2spd2394.000 0fce05200cef302f57d9448c83e00840e887a20a_11
20180929_010026 50 1 3 10000 100000 711283608 10 10 0 0 0 10 9 10000 1 TOTAL 0 0 0 10 0 0 0 0 0 20000 10000 100 10000 1 2 4 9 97 0.097 0.015 ../hl/test/log/doc50cop3shlf1lif10000_af10000s1tTOTAL_gf0i0d0m0_sh10000i100s1m10000_svrdeflif20000simlen0_seed711283608.log 30176 hl-extractinstructions.txt 20180929_010057 0.6_20170522 GenuineIntel_fam6mod69step1cor2spd2394.000 0fce05200cef302f57d9448c83e00840e887a20a_12
20180929_010038 50 1 3 10000 100000 597296547 0 10 0 0 10 0 9 10000 1 TOTAL 0 0 0 0 0 0 0 0 0 20000 10000 100 10000 1 2 1 12 100 0.117 0.047 ../hl/test/log/doc50cop3shlf1lif10000_af10000s1tTOTAL_gf0i0d0m0_sh10000i100s1m10000_svrdeflif20000simlen0_seed597296547.log 32638 hl-extractinstructions.txt 20180929_010109 0.6_20170522 GenuineIntel_fam6mod69step1cor2spd2394.000 0fce05200cef302f57d9448c83e00840e887a20a_13
20180929_010050 50 1 3 10000 100000 664375964 0 10 0 0 10 0 9 10000 1 TOTAL 0 0 0 0 0 0 0 0 0 20000 10000 100 10000 1 2 6 10 96 0.117 0.032 ../hl/test/log/doc50cop3shlf1lif10000_af10000s1tTOTAL_gf0i0d0m0_sh10000i100s1m10000_svrdeflif20000simlen0_seed664375964.log 32144 hl-extractinstructions.txt 20180929_010121 0.6_20170522 GenuineIntel_fam6mod69step1cor2spd2394.000 0fce05200cef302f57d9448c83e00840e887a20a_14
20180929_010102 50 1 3 10000 100000 258760793 0 10 0 0 10 0 9 10000 1 TOTAL 0 0 0 0 0 0 0 0 0 20000 10000 100 10000 1 2 5 8 96 0.173 0.062 ../hl/test/log/doc50cop3shlf1lif10000_af10000s1tTOTAL_gf0i0d0m0_sh10000i100s1m10000_svrdeflif20000simlen0_seed258760793.log 31149 hl-extractinstructions.txt 20180929_010133 0.6_20170522 GenuineIntel_fam6mod69step1cor2spd2394.000 0fce05200cef302f57d9448c83e00840e887a20a_15
20180929_010114 50 1 3 10000 100000 666549275 0 10 0 0 10 0 9 10000 1 TOTAL 0 0 0 0 0 0 0 0 0 20000 10000 100 10000 1 2 5 11 102 0.113 0.031 ../hl/test/log/doc50cop3shlf1lif10000_af10000s1tTOTAL_gf0i0d0m0_sh10000i100s1m10000_svrdeflif20000simlen0_seed666549275.log 31712 hl-extractinstructions.txt 20180929_010145 0.6_20170522 GenuineIntel_fam6mod69step1cor2spd2394.000 0fce05200cef302f57d9448c83e00840e887a20a_16
20180929_010126 50 1 3 10000 100000 376517787 0 10 0 0 10 0 9 10000 1 TOTAL 0 0 0 0 0 0 0 0 0 20000 10000 100 10000 1 2 4 10 99 0.104 0.031 ../hl/test/log/doc50cop3shlf1lif10000_af10000s1tTOTAL_gf0i0d0m0_sh10000i100s1m10000_svrdeflif20000simlen0_seed376517787.log 31668 hl-extractinstructions.txt 20180929_010157 0.6_20170522 GenuineIntel_fam6mod69step1cor2spd2394.000 0fce05200cef302f57d9448c83e00840e887a20a_17
20180929_010138 50 1 3 10000 100000 817713633 0 10 0 0 10 0 9 10000 1 TOTAL 0 0 0 0 0 0 0 0 0 20000 10000 100 10000 1 2 6 14 99 0.109 0.031 ../hl/test/log/doc50cop3shlf1lif10000_af10000s1tTOTAL_gf0i0d0m0_sh10000i100s1m10000_svrdeflif20000simlen0_seed817713633.log 33647 hl-extractinstructions.txt 20180929_010209 0.6_20170522 GenuineIntel_fam6mod69step1cor2spd2394.000 0fce05200cef302f57d9448c83e00840e887a20a_18
20180929_010149 50 1 3 10000 100000 519606501 0 10 0 0 10 0 9 10000 1 TOTAL 0 0 0 0 0 0 0 0 0 20000 10000 100 10000 1 2 2 12 99 0.102 0.032 ../hl/test/log/doc50cop3shlf1lif10000_af10000s1tTOTAL_gf0i0d0m0_sh10000i100s1m10000_svrdeflif20000simlen0_seed519606501.log 32633 hl-extractinstructions.txt 20180929_010221 0.6_20170522 GenuineIntel_fam6mod69step1cor2spd2394.000 0fce05200cef302f57d9448c83e00840e887a20a_19
20180929_010201 50 1 3 10000 100000 715258232 0 10 0 0 10 0 9 10000 1 TOTAL 0 0 0 0 0 0 0 0 0 20000 10000 100 10000 1 2 4 12 100 0.119 0.031 ../hl/test/log/doc50cop3shlf1lif10000_af10000s1tTOTAL_gf0i0d0m0_sh10000i100s1m10000_svrdeflif20000simlen0_seed715258232.log 32193 hl-extractinstructions.txt 20180929_010233 0.6_20170522 GenuineIntel_fam6mod69step1cor2spd2394.000 0fce05200cef302f57d9448c83e00840e887a20a_20
20180929_010213 50 1 3 10000 100000 792850679 0 10 0 0 10 0 9 10000 1 TOTAL 0 0 0 0 0 0 0 0 0 20000 10000 100 10000 1 2 3 16 104 0.111 0.032 ../hl/test/log/doc50cop3shlf1lif10000_af10000s1tTOTAL_gf0i0d0m0_sh10000i100s1m10000_svrdeflif20000simlen0_seed792850679.log 34173 hl-extractinstructions.txt 20180929_010245 0.6_20170522 GenuineIntel_fam6mod69step1cor2spd2394.000 0fce05200cef302f57d9448c83e00840e887a20a_21
20180929_010225 50 1 3 10000 100000 919028296 10 10 0 0 0 10 9 10000 1 TOTAL 0 0 0 10 0 0 0 0 0 10000 20000 80 10000 1 2 3 3 100 0.094 0.016 ../hl/test/log/doc50cop3shlf1lif10000_af10000s1tTOTAL_gf0i0d0m0_sh20000i80s1m10000_svrdeflif10000simlen0_seed919028296.log 27214 hl-extractinstructions.txt 20180929_010257 0.6_20170522 GenuineIntel_fam6mod69step1cor2spd2394.000 55c17b12793248e0db00c9c8ace9aa3c520b9c84_1
20180929_010237 50 1 3 10000 100000 103765041 10 10 0 0 0 10 9 10000 1 TOTAL 0 0 0 10 0 0 0 0 0 10000 20000 80 10000 1 2 2 6 100 0.209 0.062 ../hl/test/log/doc50cop3shlf1lif10000_af10000s1tTOTAL_gf0i0d0m0_sh20000i80s1m10000_svrdeflif10000simlen0_seed103765041.log 28680 hl-extractinstructions.txt 20180929_010309 0.6_20170522 GenuineIntel_fam6mod69step1cor2spd2394.000 55c17b12793248e0db00c9c8ace9aa3c520b9c84_2
20180929_010249 50 1 3 10000 100000 141246882 10 10 0 0 0 10 9 10000 1 TOTAL 0 0 0 10 0 0 0 0 0 10000 20000 80 10000 1 2 3 3 100 0.103 0.015 ../hl/test/log/doc50cop3shlf1lif10000_af10000s1tTOTAL_gf0i0d0m0_sh20000i80s1m10000_svrdeflif10000simlen0_seed141246882.log 27205 hl-extractinstructions.txt 20180929_010321 0.6_20170522 GenuineIntel_fam6mod69step1cor2spd2394.000 55c17b12793248e0db00c9c8ace9aa3c520b9c84_3
20180929_010301 50 1 3 10000 100000 681028781 10 10 0 0 0 10 9 10000 1 TOTAL 0 0 0 10 0 0 0 0 0 10000 20000 80 10000 1 2 1 3 100 0.096 0.016 ../hl/test/log/doc50cop3shlf1lif10000_af10000s1tTOTAL_gf0i0d0m0_sh20000i80s1m10000_svrdeflif10000simlen0_seed681028781.log 27202 hl-extractinstructions.txt 20180929_010333 0.6_20170522 GenuineIntel_fam6mod69step1cor2spd2394.000 55c17b12793248e0db00c9c8ace9aa3c520b9c84_4
20180929_010313 50 1 3 10000 100000 117661523 10 10 0 0 0 10 9 10000 1 TOTAL 0 0 0 10 0 0 0 0 0 10000 20000 80 10000 1 2 2 4 100 0.124 0.016 ../hl/test/log/doc50cop3shlf1lif10000_af10000s1tTOTAL_gf0i0d0m0_sh20000i80s1m10000_svrdeflif10000simlen0_seed117661523.log 27714 hl-extractinstructions.txt 20180929_010345 0.6_20170522 GenuineIntel_fam6mod69step1cor2spd2394.000 55c17b12793248e0db00c9c8ace9aa3c520b9c84_5
20180929_010325 50 1 3 10000 100000 105731136 10 10 0 0 0 10 9 10000 1 TOTAL 0 0 0 10 0 0 0 0 0 10000 20000 80 10000 1 2 1 12 104 0.110 0.031 ../hl/test/log/doc50cop3shlf1lif10000_af10000s1tTOTAL_gf0i0d0m0_sh20000i80s1m10000_svrdeflif10000simlen0_seed105731136.log 31679 hl-extractinstructions.txt 20180929_010357 0.6_20170522 GenuineIntel_fam6mod69step1cor2spd2394.000 55c17b12793248e0db00c9c8ace9aa3c520b9c84_6
20180929_010337 50 1 3 10000 100000 967561224 10 10 0 0 0 10 9 10000 1 TOTAL 0 0 0 10 0 0 0 0 0 10000 20000 80 10000 1 2 3 11 102 0.102 0.031 ../hl/test/log/doc50cop3shlf1lif10000_af10000s1tTOTAL_gf0i0d0m0_sh20000i80s1m10000_svrdeflif10000simlen0_seed967561224.log 31179 hl-extractinstructions.txt 20180929_010408 0.6_20170522 GenuineIntel_fam6mod69step1cor2spd2394.000 55c17b12793248e0db00c9c8ace9aa3c520b9c84_7
20180929_010349 50 1 3 10000 100000 420477893 10 10 0 0 0 10 9 10000 1 TOTAL 0 0 0 10 0 0 0 0 0 10000 20000 80 10000 1 2 3 14 106 0.105 0.031 ../hl/test/log/doc50cop3shlf1lif10000_af10000s1tTOTAL_gf0i0d0m0_sh20000i80s1m10000_svrdeflif10000simlen0_seed420477893.log 32695 hl-extractinstructions.txt 20180929_010420 0.6_20170522 GenuineIntel_fam6mod69step1cor2spd2394.000 55c17b12793248e0db00c9c8ace9aa3c520b9c84_8
20180929_010401 50 1 3 10000 100000 263688301 0 10 0 0 10 0 9 10000 1 TOTAL 0 0 0 0 0 0 0 0 0 10000 20000 80 10000 1 2 2 19 109 0.124 0.031 ../hl/test/log/doc50cop3shlf1lif10000_af10000s1tTOTAL_gf0i0d0m0_sh20000i80s1m10000_svrdeflif10000simlen0_seed263688301.log 35685 hl-extractinstructions.txt 20180929_010433 0.6_20170522 GenuineIntel_fam6mod69step1cor2spd2394.000 55c17b12793248e0db00c9c8ace9aa3c520b9c84_9
20180929_010413 50 1 3 10000 100000 50746969 10 10 0 0 0 10 9 10000 1 TOTAL 0 0 0 10 0 0 0 0 0 10000 20000 80 10000 1 2 5 3 100 0.087 0.015 ../hl/test/log/doc50cop3shlf1lif10000_af10000s1tTOTAL_gf0i0d0m0_sh20000i80s1m10000_svrdeflif10000simlen0_seed50746969.log 27203 hl-extractinstructions.txt 20180929_010444 0.6_20170522 GenuineIntel_fam6mod69step1cor2spd2394.000 55c17b12793248e0db00c9c8ace9aa3c520b9c84_10
20180929_010425 50 1 3 10000 100000 533657980 10 10 0 0 0 10 9 10000 1 TOTAL 0 0 0 10 0 0 0 0 0 10000 20000 80 10000 1 2 1 11 103 0.115 0.047 ../hl/test/log/doc50cop3shlf1lif10000_af10000s1tTOTAL_gf0i0d0m0_sh20000i80s1m10000_svrdeflif10000simlen0_seed533657980.log 31188 hl-extractinstructions.txt 20180929_010456 0.6_20170522 GenuineIntel_fam6mod69step1cor2spd2394.000 55c17b12793248e0db00c9c8ace9aa3c520b9c84_11
20180929_010437 50 1 3 10000 100000 711283608 10 10 0 0 0 10 9 10000 1 TOTAL 0 0 0 10 0 0 0 0 0 10000 20000 80 10000 1 2 3 16 104 0.109 0.031 ../hl/test/log/doc50cop3shlf1lif10000_af10000s1tTOTAL_gf0i0d0m0_sh20000i80s1m10000_svrdeflif10000simlen0_seed711283608.log 33672 hl-extractinstructions.txt 20180929_010508 0.6_20170522 GenuineIntel_fam6mod69step1cor2spd2394.000 55c17b12793248e0db00c9c8ace9aa3c520b9c84_12
20180929_010449 50 1 3 10000 100000 597296547 0 10 0 0 10 0 9 10000 1 TOTAL 0 0 0 0 0 0 0 0 0 10000 20000 80 10000 1 2 0 18 108 0.106 0.031 ../hl/test/log/doc50cop3shlf1lif10000_af10000s1tTOTAL_gf0i0d0m0_sh20000i80s1m10000_svrdeflif10000simlen0_seed597296547.log 35171 hl-extractinstructions.txt 20180929_010520 0.6_20170522 GenuineIntel_fam6mod69step1cor2spd2394.000 55c17b12793248e0db00c9c8ace9aa3c520b9c84_13
20180929_010501 50 1 3 10000 100000 664375964 10 10 0 0 0 10 9 10000 1 TOTAL 0 0 0 10 0 0 0 0 0 10000 20000 80 10000 1 2 4 8 99 0.106 0.015 ../hl/test/log/doc50cop3shlf1lif10000_af10000s1tTOTAL_gf0i0d0m0_sh20000i80s1m10000_svrdeflif10000simlen0_seed664375964.log 29676 hl-extractinstructions.txt 20180929_010532 0.6_20170522 GenuineIntel_fam6mod69step1cor2spd2394.000 55c17b12793248e0db00c9c8ace9aa3c520b9c84_14
20180929_010513 50 1 3 10000 100000 258760793 0 10 0 0 10 0 9 10000 1 TOTAL 0 0 0 0 0 0 0 0 0 10000 20000 80 10000 1 2 4 17 107 0.149 0.047 ../hl/test/log/doc50cop3shlf1lif10000_af10000s1tTOTAL_gf0i0d0m0_sh20000i80s1m10000_svrdeflif10000simlen0_seed258760793.log 34688 hl-extractinstructions.txt 20180929_010544 0.6_20170522 GenuineIntel_fam6mod69step1cor2spd2394.000 55c17b12793248e0db00c9c8ace9aa3c520b9c84_15
20180929_010525 50 1 3 10000 100000 666549275 10 10 0 0 0 10 9 10000 1 TOTAL 0 0 0 10 0 0 0 0 0 10000 20000 80 10000 1 2 4 12 104 0.104 0.032 ../hl/test/log/doc50cop3shlf1lif10000_af10000s1tTOTAL_gf0i0d0m0_sh20000i80s1m10000_svrdeflif10000simlen0_seed666549275.log 31700 hl-extractinstructions.txt 20180929_010556 0.6_20170522 GenuineIntel_fam6mod69step1cor2spd2394.000 55c17b12793248e0db00c9c8ace9aa3c520b9c84_16
20180929_010537 50 1 3 10000 100000 376517787 10 10 0 0 0 10 9 10000 1 TOTAL 0 0 0 10 0 0 0 0 0 10000 20000 80 10000 1 2 3 10 102 0.106 0.031 ../hl/test/log/doc50cop3shlf1lif10000_af10000s1tTOTAL_gf0i0d0m0_sh20000i80s1m10000_svrdeflif10000simlen0_seed376517787.log 30690 hl-extractinstructions.txt 20180929_010608 0.6_20170522 GenuineIntel_fam6mod69step1cor2spd2394.000 55c17b12793248e0db00c9c8ace9aa3c520b9c84_17
20180929_010548 50 1 3 10000 100000 817713633 10 10 0 0 0 10 9 10000 1 TOTAL 0 0 0 10 0 0 0 0 0 10000 20000 80 10000 1 2 5 4 100 0.094 0.031 ../hl/test/log/doc50cop3shlf1lif10000_af10000s1tTOTAL_gf0i0d0m0_sh20000i80s1m10000_svrdeflif10000simlen0_seed817713633.log 27715 hl-extractinstructions.txt 20180929_010620 0.6_20170522 GenuineIntel_fam6mod69step1cor2spd2394.000 55c17b12793248e0db00c9c8ace9aa3c520b9c84_18
20180929_010600 50 1 3 10000 100000 519606501 10 10 0 0 0 10 9 10000 1 TOTAL 0 0 0 10 0 0 0 0 0 10000 20000 80 10000 1 2 0 16 106 0.112 0.031 ../hl/test/log/doc50cop3shlf1lif10000_af10000s1tTOTAL_gf0i0d0m0_sh20000i80s1m10000_svrdeflif10000simlen0_seed519606501.log 33673 hl-extractinstructions.txt 20180929_010632 0.6_20170522 GenuineIntel_fam6mod69step1cor2spd2394.000 55c17b12793248e0db00c9c8ace9aa3c520b9c84_19
20180929_010612 50 1 3 10000 100000 715258232 10 10 0 0 0 10 9 10000 1 TOTAL 0 0 0 10 0 0 0 0 0 10000 20000 80 10000 1 2 3 6 99 0.116 0.031 ../hl/test/log/doc50cop3shlf1lif10000_af10000s1tTOTAL_gf0i0d0m0_sh20000i80s1m10000_svrdeflif10000simlen0_seed715258232.log 28684 hl-extractinstructions.txt 20180929_010644 0.6_20170522 GenuineIntel_fam6mod69step1cor2spd2394.000 55c17b12793248e0db00c9c8ace9aa3c520b9c84_20
20180929_010624 50 1 3 10000 100000 792850679 10 10 0 0 0 10 9 10000 1 TOTAL 0 0 0 10 0 0 0 0 0 10000 20000 80 10000 1 2 1 13 102 0.110 0.016 ../hl/test/log/doc50cop3shlf1lif10000_af10000s1tTOTAL_gf0i0d0m0_sh20000i80s1m10000_svrdeflif10000simlen0_seed792850679.log 32144 hl-extractinstructions.txt 20180929_010656 0.6_20170522 GenuineIntel_fam6mod69step1cor2spd2394.000 55c17b12793248e0db00c9c8ace9aa3c520b9c84_21
20180929_010636 50 1 3 10000 100000 919028296 10 10 0 0 0 10 9 10000 1 TOTAL 0 0 0 10 0 0 0 0 0 10000 20000 100 10000 1 2 3 3 100 0.094 0.016 ../hl/test/log/doc50cop3shlf1lif10000_af10000s1tTOTAL_gf0i0d0m0_sh20000i100s1m10000_svrdeflif10000simlen0_seed919028296.log 27216 hl-extractinstructions.txt 20180929_010708 0.6_20170522 GenuineIntel_fam6mod69step1cor2spd2394.000 bf6c12408621d20c5f5c7edcda83aa81f8718f44_1
20180929_010648 50 1 3 10000 100000 103765041 10 10 0 0 0 10 9 10000 1 TOTAL 0 0 0 10 0 0 0 0 0 10000 20000 100 10000 1 2 2 6 100 0.099 0.016 ../hl/test/log/doc50cop3shlf1lif10000_af10000s1tTOTAL_gf0i0d0m0_sh20000i100s1m10000_svrdeflif10000simlen0_seed103765041.log 28682 hl-extractinstructions.txt 20180929_010720 0.6_20170522 GenuineIntel_fam6mod69step1cor2spd2394.000 bf6c12408621d20c5f5c7edcda83aa81f8718f44_2
20180929_010700 50 1 3 10000 100000 141246882 10 10 0 0 0 10 9 10000 1 TOTAL 0 0 0 10 0 0 0 0 0 10000 20000 100 10000 1 2 3 3 100 0.092 0.016 ../hl/test/log/doc50cop3shlf1lif10000_af10000s1tTOTAL_gf0i0d0m0_sh20000i100s1m10000_svrdeflif10000simlen0_seed141246882.log 27207 hl-extractinstructions.txt 20180929_010732 0.6_20170522 GenuineIntel_fam6mod69step1cor2spd2394.000 bf6c12408621d20c5f5c7edcda83aa81f8718f44_3
20180929_010712 50 1 3 10000 100000 681028781 10 10 0 0 0 10 9 10000 1 TOTAL 0 0 0 10 0 0 0 0 0 10000 20000 100 10000 1 2 1 3 100 0.095 0.015 ../hl/test/log/doc50cop3shlf1lif10000_af10000s1tTOTAL_gf0i0d0m0_sh20000i100s1m10000_svrdeflif10000simlen0_seed681028781.log 27204 hl-extractinstructions.txt 20180929_010744 0.6_20170522 GenuineIntel_fam6mod69step1cor2spd2394.000 bf6c12408621d20c5f5c7edcda83aa81f8718f44_4
20180929_010724 50 1 3 10000 100000 117661523 10 10 0 0 0 10 9 10000 1 TOTAL 0 0 0 10 0 0 0 0 0 10000 20000 100 10000 1 2 2 4 100 0.102 0.016 ../hl/test/log/doc50cop3shlf1lif10000_af10000s1tTOTAL_gf0i0d0m0_sh20000i100s1m10000_svrdeflif10000simlen0_seed117661523.log 27716 hl-extractinstructions.txt 20180929_010755 0.6_20170522 GenuineIntel_fam6mod69step1cor2spd2394.000 bf6c12408621d20c5f5c7edcda83aa81f8718f44_5
20180929_010736 50 1 3 10000 100000 105731136 10 10 0 0 0 10 9 10000 1 TOTAL 0 0 0 10 0 0 0 0 0 10000 20000 100 10000 1 2 1 12 104 0.107 0.016 ../hl/test/log/doc50cop3shlf1lif10000_af10000s1tTOTAL_gf0i0d0m0_sh20000i100s1m10000_svrdeflif10000simlen0_seed105731136.log 31681 hl-extractinstructions.txt 20180929_010808 0.6_20170522 GenuineIntel_fam6mod69step1cor2spd2394.000 bf6c12408621d20c5f5c7edcda83aa81f8718f44_6
20180929_010748 50 1 3 10000 100000 967561224 10 10 0 0 0 10 9 10000 1 TOTAL 0 0 0 10 0 0 0 0 0 10000 20000 100 10000 1 2 3 11 102 0.103 0.031 ../hl/test/log/doc50cop3shlf1lif10000_af10000s1tTOTAL_gf0i0d0m0_sh20000i100s1m10000_svrdeflif10000simlen0_seed967561224.log 31181 hl-extractinstructions.txt 20180929_010820 0.6_20170522 GenuineIntel_fam6mod69step1cor2spd2394.000 bf6c12408621d20c5f5c7edcda83aa81f8718f44_7
20180929_010800 50 1 3 10000 100000 420477893 10 10 0 0 0 10 9 10000 1 TOTAL 0 0 0 10 0 0 0 0 0 10000 20000 100 10000 1 2 4 16 108 0.136 0.031 ../hl/test/log/doc50cop3shlf1lif10000_af10000s1tTOTAL_gf0i0d0m0_sh20000i100s1m10000_svrdeflif10000simlen0_seed420477893.log 33719 hl-extractinstructions.txt 20180929_010832 0.6_20170522 GenuineIntel_fam6mod69step1cor2spd2394.000 bf6c12408621d20c5f5c7edcda83aa81f8718f44_8
20180929_010812 50 1 3 10000 100000 263688301 10 10 0 0 0 10 9 10000 1 TOTAL 0 0 0 10 0 0 0 0 0 10000 20000 100 10000 1 2 3 12 102 0.101 0.031 ../hl/test/log/doc50cop3shlf1lif10000_af10000s1tTOTAL_gf0i0d0m0_sh20000i100s1m10000_svrdeflif10000simlen0_seed263688301.log 31679 hl-extractinstructions.txt 20180929_010843 0.6_20170522 GenuineIntel_fam6mod69step1cor2spd2394.000 bf6c12408621d20c5f5c7edcda83aa81f8718f44_9
20180929_010824 50 1 3 10000 100000 50746969 10 10 0 0 0 10 9 10000 1 TOTAL 0 0 0 10 0 0 0 0 0 10000 20000 100 10000 1 2 5 3 100 0.096 0.031 ../hl/test/log/doc50cop3shlf1lif10000_af10000s1tTOTAL_gf0i0d0m0_sh20000i100s1m10000_svrdeflif10000simlen0_seed50746969.log 27205 hl-extractinstructions.txt 20180929_010855 0.6_20170522 GenuineIntel_fam6mod69step1cor2spd2394.000 bf6c12408621d20c5f5c7edcda83aa81f8718f44_10
20180929_010836 50 1 3 10000 100000 533657980 10 10 0 0 0 10 9 10000 1 TOTAL 0 0 0 10 0 0 0 0 0 10000 20000 100 10000 1 2 1 11 103 0.112 0.031 ../hl/test/log/doc50cop3shlf1lif10000_af10000s1tTOTAL_gf0i0d0m0_sh20000i100s1m10000_svrdeflif10000simlen0_seed533657980.log 31190 hl-extractinstructions.txt 20180929_010907 0.6_20170522 GenuineIntel_fam6mod69step1cor2spd2394.000 bf6c12408621d20c5f5c7edcda83aa81f8718f44_11
20180929_010848 50 1 3 10000 100000 711283608 10 10 0 0 0 10 9 10000 1 TOTAL 0 0 0 10 0 0 0 0 0 10000 20000 100 10000 1 2 3 16 104 0.129 0.032 ../hl/test/log/doc50cop3shlf1lif10000_af10000s1tTOTAL_gf0i0d0m0_sh20000i100s1m10000_svrdeflif10000simlen0_seed711283608.log 33674 hl-extractinstructions.txt 20180929_010919 0.6_20170522 GenuineIntel_fam6mod69step1cor2spd2394.000 bf6c12408621d20c5f5c7edcda83aa81f8718f44_12
20180929_010900 50 1 3 10000 100000 597296547 0 10 0 0 10 0 9 10000 1 TOTAL 0 0 0 0 0 0 0 0 0 10000 20000 100 10000 1 2 0 18 108 0.129 0.047 ../hl/test/log/doc50cop3shlf1lif10000_af10000s1tTOTAL_gf0i0d0m0_sh20000i100s1m10000_svrdeflif10000simlen0_seed597296547.log 35173 hl-extractinstructions.txt 20180929_010931 0.6_20170522 GenuineIntel_fam6mod69step1cor2spd2394.000 bf6c12408621d20c5f5c7edcda83aa81f8718f44_13
20180929_010912 50 1 3 10000 100000 664375964 10 10 0 0 0 10 9 10000 1 TOTAL 0 0 0 10 0 0 0 0 0 10000 20000 100 10000 1 2 4 8 99 0.103 0.015 ../hl/test/log/doc50cop3shlf1lif10000_af10000s1tTOTAL_gf0i0d0m0_sh20000i100s1m10000_svrdeflif10000simlen0_seed664375964.log 29678 hl-extractinstructions.txt 20180929_010943 0.6_20170522 GenuineIntel_fam6mod69step1cor2spd2394.000 bf6c12408621d20c5f5c7edcda83aa81f8718f44_14
20180929_010924 50 1 3 10000 100000 258760793 0 10 0 0 10 0 9 10000 1 TOTAL 0 0 0 0 0 0 0 0 0 10000 20000 100 10000 1 2 4 17 107 0.119 0.047 ../hl/test/log/doc50cop3shlf1lif10000_af10000s1tTOTAL_gf0i0d0m0_sh20000i100s1m10000_svrdeflif10000simlen0_seed258760793.log 34690 hl-extractinstructions.txt 20180929_010955 0.6_20170522 GenuineIntel_fam6mod69step1cor2spd2394.000 bf6c12408621d20c5f5c7edcda83aa81f8718f44_15
20180929_010936 50 1 3 10000 100000 666549275 10 10 0 0 0 10 9 10000 1 TOTAL 0 0 0 10 0 0 0 0 0 10000 20000 100 10000 1 2 3 12 103 0.102 0.032 ../hl/test/log/doc50cop3shlf1lif10000_af10000s1tTOTAL_gf0i0d0m0_sh20000i100s1m10000_svrdeflif10000simlen0_seed666549275.log 31682 hl-extractinstructions.txt 20180929_011007 0.6_20170522 GenuineIntel_fam6mod69step1cor2spd2394.000 bf6c12408621d20c5f5c7edcda83aa81f8718f44_16
20180929_010947 50 1 3 10000 100000 376517787 10 10 0 0 0 10 9 10000 1 TOTAL 0 0 0 10 0 0 0 0 0 10000 20000 100 10000 1 2 3 13 104 0.113 0.032 ../hl/test/log/doc50cop3shlf1lif10000_af10000s1tTOTAL_gf0i0d0m0_sh20000i100s1m10000_svrdeflif10000simlen0_seed376517787.log 32200 hl-extractinstructions.txt 20180929_011019 0.6_20170522 GenuineIntel_fam6mod69step1cor2spd2394.000 bf6c12408621d20c5f5c7edcda83aa81f8718f44_17
20180929_010959 50 1 3 10000 100000 817713633 10 10 0 0 0 10 9 10000 1 TOTAL 0 0 0 10 0 0 0 0 0 10000 20000 100 10000 1 2 5 4 100 0.105 0.016 ../hl/test/log/doc50cop3shlf1lif10000_af10000s1tTOTAL_gf0i0d0m0_sh20000i100s1m10000_svrdeflif10000simlen0_seed817713633.log 27717 hl-extractinstructions.txt 20180929_011031 0.6_20170522 GenuineIntel_fam6mod69step1cor2spd2394.000 bf6c12408621d20c5f5c7edcda83aa81f8718f44_18
20180929_011011 50 1 3 10000 100000 519606501 10 10 0 0 0 10 9 10000 1 TOTAL 0 0 0 10 0 0 0 0 0 10000 20000 100 10000 1 2 0 16 106 0.118 0.047 ../hl/test/log/doc50cop3shlf1lif10000_af10000s1tTOTAL_gf0i0d0m0_sh20000i100s1m10000_svrdeflif10000simlen0_seed519606501.log 33675 hl-extractinstructions.txt 20180929_011043 0.6_20170522 GenuineIntel_fam6mod69step1cor2spd2394.000 bf6c12408621d20c5f5c7edcda83aa81f8718f44_19
20180929_011023 50 1 3 10000 100000 715258232 10 10 0 0 0 10 9 10000 1 TOTAL 0 0 0 10 0 0 0 0 0 10000 20000 100 10000 1 2 3 6 99 0.100 0.031 ../hl/test/log/doc50cop3shlf1lif10000_af10000s1tTOTAL_gf0i0d0m0_sh20000i100s1m10000_svrdeflif10000simlen0_seed715258232.log 28686 hl-extractinstructions.txt 20180929_011055 0.6_20170522 GenuineIntel_fam6mod69step1cor2spd2394.000 bf6c12408621d20c5f5c7edcda83aa81f8718f44_20
20180929_011035 50 1 3 10000 100000 792850679 10 10 0 0 0 10 9 10000 1 TOTAL 0 0 0 10 0 0 0 0 0 10000 20000 100 10000 1 2 1 13 102 0.113 0.031 ../hl/test/log/doc50cop3shlf1lif10000_af10000s1tTOTAL_gf0i0d0m0_sh20000i100s1m10000_svrdeflif10000simlen0_seed792850679.log 32146 hl-extractinstructions.txt 20180929_011107 0.6_20170522 GenuineIntel_fam6mod69step1cor2spd2394.000 bf6c12408621d20c5f5c7edcda83aa81f8718f44_21
20180929_011047 50 1 3 10000 100000 919028296 0 10 0 0 10 0 9 10000 1 TOTAL 0 0 0 0 0 0 0 0 0 20000 20000 80 10000 1 2 4 12 97 0.111 0.031 ../hl/test/log/doc50cop3shlf1lif10000_af10000s1tTOTAL_gf0i0d0m0_sh20000i80s1m10000_svrdeflif20000simlen0_seed919028296.log 33118 hl-extractinstructions.txt 20180929_011119 0.6_20170522 GenuineIntel_fam6mod69step1cor2spd2394.000 28966d44495b2b697b5c2582255246662def141e_1
20180929_011059 50 1 3 10000 100000 103765041 0 10 0 0 10 0 9 10000 1 TOTAL 0 0 0 0 0 0 0 0 0 20000 20000 80 10000 1 2 2 6 97 0.108 0.016 ../hl/test/log/doc50cop3shlf1lif10000_af10000s1tTOTAL_gf0i0d0m0_sh20000i80s1m10000_svrdeflif20000simlen0_seed103765041.log 30157 hl-extractinstructions.txt 20180929_011131 0.6_20170522 GenuineIntel_fam6mod69step1cor2spd2394.000 28966d44495b2b697b5c2582255246662def141e_2
20180929_011111 50 1 3 10000 100000 141246882 0 10 0 0 10 0 9 10000 1 TOTAL 0 0 0 0 0 0 0 0 0 20000 20000 80 10000 1 2 5 10 97 0.104 0.032 ../hl/test/log/doc50cop3shlf1lif10000_af10000s1tTOTAL_gf0i0d0m0_sh20000i80s1m10000_svrdeflif20000simlen0_seed141246882.log 32119 hl-extractinstructions.txt 20180929_011142 0.6_20170522 GenuineIntel_fam6mod69step1cor2spd2394.000 28966d44495b2b697b5c2582255246662def141e_3
20180929_011123 50 1 3 10000 100000 681028781 10 10 0 0 0 10 9 10000 1 TOTAL 0 0 0 10 0 0 0 0 0 20000 20000 80 10000 1 2 2 5 97 0.103 0.031 ../hl/test/log/doc50cop3shlf1lif10000_af10000s1tTOTAL_gf0i0d0m0_sh20000i80s1m10000_svrdeflif20000simlen0_seed681028781.log 28189 hl-extractinstructions.txt 20180929_011154 0.6_20170522 GenuineIntel_fam6mod69step1cor2spd2394.000 28966d44495b2b697b5c2582255246662def141e_4
20180929_011135 50 1 3 10000 100000 117661523 10 10 0 0 0 10 9 10000 1 TOTAL 0 0 0 10 0 0 0 0 0 20000 20000 80 10000 1 2 2 5 98 0.101 0.016 ../hl/test/log/doc50cop3shlf1lif10000_af10000s1tTOTAL_gf0i0d0m0_sh20000i80s1m10000_svrdeflif20000simlen0_seed117661523.log 28209 hl-extractinstructions.txt 20180929_011207 0.6_20170522 GenuineIntel_fam6mod69step1cor2spd2394.000 28966d44495b2b697b5c2582255246662def141e_5
20180929_011147 50 1 3 10000 100000 105731136 0 10 0 0 10 0 9 10000 1 TOTAL 0 0 0 0 0 0 0 0 0 20000 20000 80 10000 1 2 1 11 103 0.114 0.032 ../hl/test/log/doc50cop3shlf1lif10000_af10000s1tTOTAL_gf0i0d0m0_sh20000i80s1m10000_svrdeflif20000simlen0_seed105731136.log 32176 hl-extractinstructions.txt 20180929_011219 0.6_20170522 GenuineIntel_fam6mod69step1cor2spd2394.000 28966d44495b2b697b5c2582255246662def141e_6
20180929_011159 50 1 3 10000 100000 967561224 0 10 0 0 10 0 9 10000 1 TOTAL 0 0 0 0 0 0 0 0 0 20000 20000 80 10000 1 2 2 12 102 0.115 0.031 ../hl/test/log/doc50cop3shlf1lif10000_af10000s1tTOTAL_gf0i0d0m0_sh20000i80s1m10000_svrdeflif20000simlen0_seed967561224.log 32186 hl-extractinstructions.txt 20180929_011230 0.6_20170522 GenuineIntel_fam6mod69step1cor2spd2394.000 28966d44495b2b697b5c2582255246662def141e_7
20180929_011211 50 1 3 10000 100000 420477893 0 10 0 0 10 0 9 10000 1 TOTAL 0 0 0 0 0 0 0 0 0 20000 20000 80 10000 1 2 3 13 103 0.104 0.031 ../hl/test/log/doc50cop3shlf1lif10000_af10000s1tTOTAL_gf0i0d0m0_sh20000i80s1m10000_svrdeflif20000simlen0_seed420477893.log 33181 hl-extractinstructions.txt 20180929_011242 0.6_20170522 GenuineIntel_fam6mod69step1cor2spd2394.000 28966d44495b2b697b5c2582255246662def141e_8
20180929_011223 50 1 3 10000 100000 263688301 0 10 0 0 10 0 9 10000 1 TOTAL 0 0 0 0 0 0 0 0 0 20000 20000 80 10000 1 2 1 7 96 0.106 0.031 ../hl/test/log/doc50cop3shlf1lif10000_af10000s1tTOTAL_gf0i0d0m0_sh20000i80s1m10000_svrdeflif20000simlen0_seed263688301.log 30632 hl-extractinstructions.txt 20180929_011255 0.6_20170522 GenuineIntel_fam6mod69step1cor2spd2394.000 28966d44495b2b697b5c2582255246662def141e_9
20180929_011235 50 1 3 10000 100000 50746969 10 10 0 0 0 10 9 10000 1 TOTAL 0 0 0 10 0 0 0 0 0 20000 20000 80 10000 1 2 3 11 99 0.099 0.031 ../hl/test/log/doc50cop3shlf1lif10000_af10000s1tTOTAL_gf0i0d0m0_sh20000i80s1m10000_svrdeflif20000simlen0_seed50746969.log 31162 hl-extractinstructions.txt 20180929_011306 0.6_20170522 GenuineIntel_fam6mod69step1cor2spd2394.000 28966d44495b2b697b5c2582255246662def141e_10
20180929_011247 50 1 3 10000 100000 533657980 0 10 0 0 10 0 9 10000 1 TOTAL 0 0 0 0 0 0 0 0 0 20000 20000 80 10000 1 2 1 6 95 0.107 0.047 ../hl/test/log/doc50cop3shlf1lif10000_af10000s1tTOTAL_gf0i0d0m0_sh20000i80s1m10000_svrdeflif20000simlen0_seed533657980.log 30123 hl-extractinstructions.txt 20180929_011318 0.6_20170522 GenuineIntel_fam6mod69step1cor2spd2394.000 28966d44495b2b697b5c2582255246662def141e_11
20180929_011259 50 1 3 10000 100000 711283608 0 10 0 0 10 0 9 10000 1 TOTAL 0 0 0 0 0 0 0 0 0 20000 20000 80 10000 1 2 1 10 97 0.119 0.031 ../hl/test/log/doc50cop3shlf1lif10000_af10000s1tTOTAL_gf0i0d0m0_sh20000i80s1m10000_svrdeflif20000simlen0_seed711283608.log 32109 hl-extractinstructions.txt 20180929_011330 0.6_20170522 GenuineIntel_fam6mod69step1cor2spd2394.000 28966d44495b2b697b5c2582255246662def141e_12
20180929_011311 50 1 3 10000 100000 597296547 0 10 0 0 10 0 9 10000 1 TOTAL 0 0 0 0 0 0 0 0 0 20000 20000 80 10000 1 2 0 10 98 0.107 0.032 ../hl/test/log/doc50cop3shlf1lif10000_af10000s1tTOTAL_gf0i0d0m0_sh20000i80s1m10000_svrdeflif20000simlen0_seed597296547.log 32110 hl-extractinstructions.txt 20180929_011342 0.6_20170522 GenuineIntel_fam6mod69step1cor2spd2394.000 28966d44495b2b697b5c2582255246662def141e_13
20180929_011323 50 1 3 10000 100000 664375964 0 10 0 0 10 0 9 10000 1 TOTAL 0 0 0 0 0 0 0 0 0 20000 20000 80 10000 1 2 3 9 96 0.108 0.032 ../hl/test/log/doc50cop3shlf1lif10000_af10000s1tTOTAL_gf0i0d0m0_sh20000i80s1m10000_svrdeflif20000simlen0_seed664375964.log 31629 hl-extractinstructions.txt 20180929_011354 0.6_20170522 GenuineIntel_fam6mod69step1cor2spd2394.000 28966d44495b2b697b5c2582255246662def141e_14
20180929_011335 50 1 3 10000 100000 258760793 0 10 0 0 10 0 9 10000 1 TOTAL 0 0 0 0 0 0 0 0 0 20000 20000 80 10000 1 2 3 7 95 0.145 0.031 ../hl/test/log/doc50cop3shlf1lif10000_af10000s1tTOTAL_gf0i0d0m0_sh20000i80s1m10000_svrdeflif20000simlen0_seed258760793.log 30635 hl-extractinstructions.txt 20180929_011406 0.6_20170522 GenuineIntel_fam6mod69step1cor2spd2394.000 28966d44495b2b697b5c2582255246662def141e_15
20180929_011347 50 1 3 10000 100000 666549275 0 10 0 0 10 0 9 10000 1 TOTAL 0 0 0 0 0 0 0 0 0 20000 20000 80 10000 1 2 4 12 102 0.136 0.032 ../hl/test/log/doc50cop3shlf1lif10000_af10000s1tTOTAL_gf0i0d0m0_sh20000i80s1m10000_svrdeflif20000simlen0_seed666549275.log 32198 hl-extractinstructions.txt 20180929_011418 0.6_20170522 GenuineIntel_fam6mod69step1cor2spd2394.000 28966d44495b2b697b5c2582255246662def141e_16
20180929_011359 50 1 3 10000 100000 376517787 0 10 0 0 10 0 9 10000 1 TOTAL 0 0 0 0 0 0 0 0 0 20000 20000 80 10000 1 2 1 6 96 0.110 0.031 ../hl/test/log/doc50cop3shlf1lif10000_af10000s1tTOTAL_gf0i0d0m0_sh20000i80s1m10000_svrdeflif20000simlen0_seed376517787.log 30133 hl-extractinstructions.txt 20180929_011430 0.6_20170522 GenuineIntel_fam6mod69step1cor2spd2394.000 28966d44495b2b697b5c2582255246662def141e_17
20180929_011411 50 1 3 10000 100000 817713633 0 10 0 0 10 0 9 10000 1 TOTAL 0 0 0 0 0 0 0 0 0 20000 20000 80 10000 1 2 5 16 102 0.115 0.047 ../hl/test/log/doc50cop3shlf1lif10000_af10000s1tTOTAL_gf0i0d0m0_sh20000i80s1m10000_svrdeflif20000simlen0_seed817713633.log 34179 hl-extractinstructions.txt 20180929_011442 0.6_20170522 GenuineIntel_fam6mod69step1cor2spd2394.000 28966d44495b2b697b5c2582255246662def141e_18
20180929_011423 50 1 3 10000 100000 519606501 0 10 0 0 10 0 9 10000 1 TOTAL 0 0 0 0 0 0 0 0 0 20000 20000 80 10000 1 2 0 12 99 0.121 0.031 ../hl/test/log/doc50cop3shlf1lif10000_af10000s1tTOTAL_gf0i0d0m0_sh20000i80s1m10000_svrdeflif20000simlen0_seed519606501.log 32619 hl-extractinstructions.txt 20180929_011454 0.6_20170522 GenuineIntel_fam6mod69step1cor2spd2394.000 28966d44495b2b697b5c2582255246662def141e_19
20180929_011435 50 1 3 10000 100000 715258232 0 10 0 0 10 0 9 10000 1 TOTAL 0 0 0 0 0 0 0 0 0 20000 20000 80 10000 1 2 2 7 97 0.102 0.015 ../hl/test/log/doc50cop3shlf1lif10000_af10000s1tTOTAL_gf0i0d0m0_sh20000i80s1m10000_svrdeflif20000simlen0_seed715258232.log 30646 hl-extractinstructions.txt 20180929_011506 0.6_20170522 GenuineIntel_fam6mod69step1cor2spd2394.000 28966d44495b2b697b5c2582255246662def141e_20
20180929_011447 50 1 3 10000 100000 792850679 0 10 0 0 10 0 9 10000 1 TOTAL 0 0 0 0 0 0 0 0 0 20000 20000 80 10000 1 2 1 15 102 0.133 0.047 ../hl/test/log/doc50cop3shlf1lif10000_af10000s1tTOTAL_gf0i0d0m0_sh20000i80s1m10000_svrdeflif20000simlen0_seed792850679.log 33642 hl-extractinstructions.txt 20180929_011518 0.6_20170522 GenuineIntel_fam6mod69step1cor2spd2394.000 28966d44495b2b697b5c2582255246662def141e_21
20180929_011459 50 1 3 10000 100000 919028296 0 10 0 0 10 0 9 10000 1 TOTAL 0 0 0 0 0 0 0 0 0 20000 20000 100 10000 1 2 4 12 97 0.117 0.032 ../hl/test/log/doc50cop3shlf1lif10000_af10000s1tTOTAL_gf0i0d0m0_sh20000i100s1m10000_svrdeflif20000simlen0_seed919028296.log 33120 hl-extractinstructions.txt 20180929_011530 0.6_20170522 GenuineIntel_fam6mod69step1cor2spd2394.000 9f553d47d6f040ac1580411fa4486f133874ddbc_1
20180929_011510 50 1 3 10000 100000 103765041 0 10 0 0 10 0 9 10000 1 TOTAL 0 0 0 0 0 0 0 0 0 20000 20000 100 10000 1 2 2 6 97 0.096 0.031 ../hl/test/log/doc50cop3shlf1lif10000_af10000s1tTOTAL_gf0i0d0m0_sh20000i100s1m10000_svrdeflif20000simlen0_seed103765041.log 30159 hl-extractinstructions.txt 20180929_011542 0.6_20170522 GenuineIntel_fam6mod69step1cor2spd2394.000 9f553d47d6f040ac1580411fa4486f133874ddbc_2
20180929_011523 50 1 3 10000 100000 141246882 0 10 0 0 10 0 9 10000 1 TOTAL 0 0 0 0 0 0 0 0 0 20000 20000 100 10000 1 2 6 12 99 0.130 0.031 ../hl/test/log/doc50cop3shlf1lif10000_af10000s1tTOTAL_gf0i0d0m0_sh20000i100s1m10000_svrdeflif20000simlen0_seed141246882.log 32654 hl-extractinstructions.txt 20180929_011554 0.6_20170522 GenuineIntel_fam6mod69step1cor2spd2394.000 9f553d47d6f040ac1580411fa4486f133874ddbc_3
20180929_011535 50 1 3 10000 100000 681028781 10 10 0 0 0 10 9 10000 1 TOTAL 0 0 0 10 0 0 0 0 0 20000 20000 100 10000 1 2 2 5 97 0.149 0.046 ../hl/test/log/doc50cop3shlf1lif10000_af10000s1tTOTAL_gf0i0d0m0_sh20000i100s1m10000_svrdeflif20000simlen0_seed681028781.log 28191 hl-extractinstructions.txt 20180929_011606 0.6_20170522 GenuineIntel_fam6mod69step1cor2spd2394.000 9f553d47d6f040ac1580411fa4486f133874ddbc_4
20180929_011546 50 1 3 10000 100000 117661523 10 10 0 0 0 10 9 10000 1 TOTAL 0 0 0 10 0 0 0 0 0 20000 20000 100 10000 1 2 2 5 98 0.095 0.031 ../hl/test/log/doc50cop3shlf1lif10000_af10000s1tTOTAL_gf0i0d0m0_sh20000i100s1m10000_svrdeflif20000simlen0_seed117661523.log 28211 hl-extractinstructions.txt 20180929_011618 0.6_20170522 GenuineIntel_fam6mod69step1cor2spd2394.000 9f553d47d6f040ac1580411fa4486f133874ddbc_5
20180929_011558 50 1 3 10000 100000 105731136 0 10 0 0 10 0 9 10000 1 TOTAL 0 0 0 0 0 0 0 0 0 20000 20000 100 10000 1 2 1 11 103 0.108 0.031 ../hl/test/log/doc50cop3shlf1lif10000_af10000s1tTOTAL_gf0i0d0m0_sh20000i100s1m10000_svrdeflif20000simlen0_seed105731136.log 32178 hl-extractinstructions.txt 20180929_011630 0.6_20170522 GenuineIntel_fam6mod69step1cor2spd2394.000 9f553d47d6f040ac1580411fa4486f133874ddbc_6
20180929_011610 50 1 3 10000 100000 967561224 0 10 0 0 10 0 9 10000 1 TOTAL 0 0 0 0 0 0 0 0 0 20000 20000 100 10000 1 2 2 12 102 0.109 0.031 ../hl/test/log/doc50cop3shlf1lif10000_af10000s1tTOTAL_gf0i0d0m0_sh20000i100s1m10000_svrdeflif20000simlen0_seed967561224.log 32188 hl-extractinstructions.txt 20180929_011642 0.6_20170522 GenuineIntel_fam6mod69step1cor2spd2394.000 9f553d47d6f040ac1580411fa4486f133874ddbc_7
20180929_011622 50 1 3 10000 100000 420477893 0 10 0 0 10 0 9 10000 1 TOTAL 0 0 0 0 0 0 0 0 0 20000 20000 100 10000 1 2 3 13 103 0.116 0.032 ../hl/test/log/doc50cop3shlf1lif10000_af10000s1tTOTAL_gf0i0d0m0_sh20000i100s1m10000_svrdeflif20000simlen0_seed420477893.log 33183 hl-extractinstructions.txt 20180929_011654 0.6_20170522 GenuineIntel_fam6mod69step1cor2spd2394.000 9f553d47d6f040ac1580411fa4486f133874ddbc_8
20180929_011634 50 1 3 10000 100000 263688301 0 10 0 0 10 0 9 10000 1 TOTAL 0 0 0 0 0 0 0 0 0 20000 20000 100 10000 1 2 1 7 96 0.108 0.031 ../hl/test/log/doc50cop3shlf1lif10000_af10000s1tTOTAL_gf0i0d0m0_sh20000i100s1m10000_svrdeflif20000simlen0_seed263688301.log 30634 hl-extractinstructions.txt 20180929_011706 0.6_20170522 GenuineIntel_fam6mod69step1cor2spd2394.000 9f553d47d6f040ac1580411fa4486f133874ddbc_9
20180929_011646 50 1 3 10000 100000 50746969 10 10 0 0 0 10 9 10000 1 TOTAL 0 0 0 10 0 0 0 0 0 20000 20000 100 10000 1 2 3 11 99 0.106 0.032 ../hl/test/log/doc50cop3shlf1lif10000_af10000s1tTOTAL_gf0i0d0m0_sh20000i100s1m10000_svrdeflif20000simlen0_seed50746969.log 31164 hl-extractinstructions.txt 20180929_011718 0.6_20170522 GenuineIntel_fam6mod69step1cor2spd2394.000 9f553d47d6f040ac1580411fa4486f133874ddbc_10
20180929_011658 50 1 3 10000 100000 533657980 0 10 0 0 10 0 9 10000 1 TOTAL 0 0 0 0 0 0 0 0 0 20000 20000 100 10000 1 2 1 6 95 0.102 0.015 ../hl/test/log/doc50cop3shlf1lif10000_af10000s1tTOTAL_gf0i0d0m0_sh20000i100s1m10000_svrdeflif20000simlen0_seed533657980.log 30125 hl-extractinstructions.txt 20180929_011729 0.6_20170522 GenuineIntel_fam6mod69step1cor2spd2394.000 9f553d47d6f040ac1580411fa4486f133874ddbc_11
20180929_011710 50 1 3 10000 100000 711283608 0 10 0 0 10 0 9 10000 1 TOTAL 0 0 0 0 0 0 0 0 0 20000 20000 100 10000 1 2 1 10 97 0.115 0.031 ../hl/test/log/doc50cop3shlf1lif10000_af10000s1tTOTAL_gf0i0d0m0_sh20000i100s1m10000_svrdeflif20000simlen0_seed711283608.log 32111 hl-extractinstructions.txt 20180929_011742 0.6_20170522 GenuineIntel_fam6mod69step1cor2spd2394.000 9f553d47d6f040ac1580411fa4486f133874ddbc_12
20180929_011722 50 1 3 10000 100000 597296547 0 10 0 0 10 0 9 10000 1 TOTAL 0 0 0 0 0 0 0 0 0 20000 20000 100 10000 1 2 0 10 98 0.116 0.031 ../hl/test/log/doc50cop3shlf1lif10000_af10000s1tTOTAL_gf0i0d0m0_sh20000i100s1m10000_svrdeflif20000simlen0_seed597296547.log 32112 hl-extractinstructions.txt 20180929_011754 0.6_20170522 GenuineIntel_fam6mod69step1cor2spd2394.000 9f553d47d6f040ac1580411fa4486f133874ddbc_13
20180929_011734 50 1 3 10000 100000 664375964 0 10 0 0 10 0 9 10000 1 TOTAL 0 0 0 0 0 0 0 0 0 20000 20000 100 10000 1 2 3 9 96 0.100 0.031 ../hl/test/log/doc50cop3shlf1lif10000_af10000s1tTOTAL_gf0i0d0m0_sh20000i100s1m10000_svrdeflif20000simlen0_seed664375964.log 31631 hl-extractinstructions.txt 20180929_011805 0.6_20170522 GenuineIntel_fam6mod69step1cor2spd2394.000 9f553d47d6f040ac1580411fa4486f133874ddbc_14
20180929_011746 50 1 3 10000 100000 258760793 0 10 0 0 10 0 9 10000 1 TOTAL 0 0 0 0 0 0 0 0 0 20000 20000 100 10000 1 2 3 7 95 0.103 0.031 ../hl/test/log/doc50cop3shlf1lif10000_af10000s1tTOTAL_gf0i0d0m0_sh20000i100s1m10000_svrdeflif20000simlen0_seed258760793.log 30637 hl-extractinstructions.txt 20180929_011817 0.6_20170522 GenuineIntel_fam6mod69step1cor2spd2394.000 9f553d47d6f040ac1580411fa4486f133874ddbc_15
20180929_011758 50 1 3 10000 100000 666549275 0 10 0 0 10 0 9 10000 1 TOTAL 0 0 0 0 0 0 0 0 0 20000 20000 100 10000 1 2 4 12 102 0.108 0.031 ../hl/test/log/doc50cop3shlf1lif10000_af10000s1tTOTAL_gf0i0d0m0_sh20000i100s1m10000_svrdeflif20000simlen0_seed666549275.log 32200 hl-extractinstructions.txt 20180929_011829 0.6_20170522 GenuineIntel_fam6mod69step1cor2spd2394.000 9f553d47d6f040ac1580411fa4486f133874ddbc_16
20180929_011810 50 1 3 10000 100000 376517787 0 10 0 0 10 0 9 10000 1 TOTAL 0 0 0 0 0 0 0 0 0 20000 20000 100 10000 1 2 1 6 96 0.094 0.031 ../hl/test/log/doc50cop3shlf1lif10000_af10000s1tTOTAL_gf0i0d0m0_sh20000i100s1m10000_svrdeflif20000simlen0_seed376517787.log 30135 hl-extractinstructions.txt 20180929_011841 0.6_20170522 GenuineIntel_fam6mod69step1cor2spd2394.000 9f553d47d6f040ac1580411fa4486f133874ddbc_17
20180929_011822 50 1 3 10000 100000 817713633 0 10 0 0 10 0 9 10000 1 TOTAL 0 0 0 0 0 0 0 0 0 20000 20000 100 10000 1 2 5 16 102 0.113 0.031 ../hl/test/log/doc50cop3shlf1lif10000_af10000s1tTOTAL_gf0i0d0m0_sh20000i100s1m10000_svrdeflif20000simlen0_seed817713633.log 34181 hl-extractinstructions.txt 20180929_011853 0.6_20170522 GenuineIntel_fam6mod69step1cor2spd2394.000 9f553d47d6f040ac1580411fa4486f133874ddbc_18
20180929_011834 50 1 3 10000 100000 519606501 0 10 0 0 10 0 9 10000 1 TOTAL 0 0 0 0 0 0 0 0 0 20000 20000 100 10000 1 2 0 12 99 0.118 0.031 ../hl/test/log/doc50cop3shlf1lif10000_af10000s1tTOTAL_gf0i0d0m0_sh20000i100s1m10000_svrdeflif20000simlen0_seed519606501.log 32621 hl-extractinstructions.txt 20180929_011905 0.6_20170522 GenuineIntel_fam6mod69step1cor2spd2394.000 9f553d47d6f040ac1580411fa4486f133874ddbc_19
20180929_011845 50 1 3 10000 100000 715258232 0 10 0 0 10 0 9 10000 1 TOTAL 0 0 0 0 0 0 0 0 0 20000 20000 100 10000 1 2 4 11 100 0.117 0.031 ../hl/test/log/doc50cop3shlf1lif10000_af10000s1tTOTAL_gf0i0d0m0_sh20000i100s1m10000_svrdeflif20000simlen0_seed715258232.log 31702 hl-extractinstructions.txt 20180929_011917 0.6_20170522 GenuineIntel_fam6mod69step1cor2spd2394.000 9f553d47d6f040ac1580411fa4486f133874ddbc_20
20180929_011857 50 1 3 10000 100000 792850679 0 10 0 0 10 0 9 10000 1 TOTAL 0 0 0 0 0 0 0 0 0 20000 20000 100 10000 1 2 1 15 102 0.107 0.031 ../hl/test/log/doc50cop3shlf1lif10000_af10000s1tTOTAL_gf0i0d0m0_sh20000i100s1m10000_svrdeflif20000simlen0_seed792850679.log 33644 hl-extractinstructions.txt 20180929_011929 0.6_20170522 GenuineIntel_fam6mod69step1cor2spd2394.000 9f553d47d6f040ac1580411fa4486f133874ddbc_21
