../hl/tabs/shocktest3_freq2yr_lenvar_seed21_analysis_20170324_00.txt 20170324_215920EDT 
shocktest3 HL copies=var Audit=1yr Glitch=0 Shock=2yr len=1yr lifem=var seed21 


Summary losses (midmeans), normal order

    shockfreq impact duration span lifem copies lost midmean median Nreps
1       20000     50    10000    1    10      1     10000.00  10000    21
2       20000     50    10000    1    10      2       866.27    773    21
3       20000     50    10000    1    10      3       133.09     41    21
4       20000     50    10000    1    10      4         7.27      4    21
5       20000     50    10000    1    10      5         0.27      0    21
6       20000     50    10000    1    20      1     10000.00  10000    21
7       20000     50    10000    1    20      2       524.09    515    21
8       20000     50    10000    1    20      3        54.45     12    21
9       20000     50    10000    1    20      4         1.64      2    21
10      20000     50    10000    1    20      5         0.00      0    21
11      20000     50    10000    1    30      1     10000.00  10000    21
12      20000     50    10000    1    30      2       331.36    345    21
13      20000     50    10000    1    30      3        74.18    107    21
14      20000     50    10000    1    30      4         0.27      0    21
15      20000     50    10000    1    30      5         0.00      0    21
16      20000     50    10000    1    50      1     10000.00  10000    21
17      20000     50    10000    1    50      2       214.18    212    21
18      20000     50    10000    1    50      3        17.27      2    21
19      20000     50    10000    1    50      4         0.00      0    21
20      20000     50    10000    1    50      5         0.00      0    21
21      20000     50    10000    1   100      1     10000.00  10000    21
22      20000     50    10000    1   100      2        91.09     97    21
23      20000     50    10000    1   100      3         8.18      1    21
24      20000     50    10000    1   100      4         0.00      0    21
25      20000     50    10000    1   100      5         0.00      0    21
26      20000     50    10000    1   200      1     10000.00  10000    21
27      20000     50    10000    1   200      2        46.64     46    21
28      20000     50    10000    1   200      3         3.55      0    21
29      20000     50    10000    1   200      4         0.00      0    21
30      20000     50    10000    1   200      5         0.00      0    21
31      20000     50    10000    1   300      1     10000.00  10000    21
32      20000     50    10000    1   300      2        25.00     26    21
33      20000     50    10000    1   300      3         2.45      0    21
34      20000     50    10000    1   300      4         0.00      0    21
35      20000     50    10000    1   300      5         0.00      0    21
36      20000     50    10000    1   500      1     10000.00  10000    21
37      20000     50    10000    1   500      2        15.27     14    21
38      20000     50    10000    1   500      3         1.27      0    21
39      20000     50    10000    1   500      4         0.00      0    21
40      20000     50    10000    1   500      5         0.00      0    21
41      20000     50    10000    1  1000      1     10000.00  10000    21
42      20000     50    10000    1  1000      2         9.27     10    21
43      20000     50    10000    1  1000      3         0.36      0    21
44      20000     50    10000    1  1000      4         0.00      0    21
45      20000     50    10000    1  1000      5         0.00      0    21
46      20000     50    10000    2    10      1     10000.00  10000    21
47      20000     50    10000    2    10      2      4413.00   1625    21
48      20000     50    10000    2    10      3       273.45    350    21
49      20000     50    10000    2    10      4        11.73     12    21
50      20000     50    10000    2    10      5         1.36      1    21
51      20000     50    10000    2    20      1     10000.00  10000    21
52      20000     50    10000    2    20      2      2377.45    716    21
53      20000     50    10000    2    20      3        90.36     21    21
54      20000     50    10000    2    20      4         2.64      3    21
55      20000     50    10000    2    20      5         0.00      0    21
56      20000     50    10000    2    30      1     10000.00  10000    21
57      20000     50    10000    2    30      2      3020.82    466    21
58      20000     50    10000    2    30      3        52.91      7    21
59      20000     50    10000    2    30      4         0.82      1    21
60      20000     50    10000    2    30      5         0.00      0    21
61      20000     50    10000    2    50      1     10000.00  10000    21
62      20000     50    10000    2    50      2       228.73    247    21
63      20000     50    10000    2    50      3        48.45     62    21
64      20000     50    10000    2    50      4         0.00      0    21
65      20000     50    10000    2    50      5         0.00      0    21
66      20000     50    10000    2   100      1     10000.00  10000    21
67      20000     50    10000    2   100      2        99.64     99    21
68      20000     50    10000    2   100      3         8.18      1    21
69      20000     50    10000    2   100      4         0.00      0    21
70      20000     50    10000    2   100      5         0.00      0    21
71      20000     50    10000    2   200      1     10000.00  10000    21
72      20000     50    10000    2   200      2      4574.91     76    21
73      20000     50    10000    2   200      3        12.45     14    21
74      20000     50    10000    2   200      4         0.00      0    21
75      20000     50    10000    2   200      5         0.00      0    21
76      20000     50    10000    2   300      1     10000.00  10000    21
77      20000     50    10000    2   300      2      2756.82     47    21
78      20000     50    10000    2   300      3         6.18      9    21
79      20000     50    10000    2   300      4         0.00      0    21
80      20000     50    10000    2   300      5         0.00      0    21
81      20000     50    10000    2   500      1     10000.00  10000    21
82      20000     50    10000    2   500      2      3656.91     40    21
83      20000     50    10000    2   500      3         2.91      1    21
84      20000     50    10000    2   500      4         0.00      0    21
85      20000     50    10000    2   500      5         0.00      0    21
86      20000     50    10000    2  1000      1     10000.00  10000    21
87      20000     50    10000    2  1000      2      1828.64     14    21
88      20000     50    10000    2  1000      3         1.00      0    21
89      20000     50    10000    2  1000      4         0.00      0    21
90      20000     50    10000    2  1000      5         0.00      0    21
91      20000     50    10000    3    10      1     10000.00  10000    21
92      20000     50    10000    3    10      2      4413.00   1625    21
93      20000     50    10000    3    10      3       368.09    371    21
94      20000     50    10000    3    10      4       105.36     22    21
95      20000     50    10000    3    10      5         3.00      1    21
96      20000     50    10000    3    20      1     10000.00  10000    21
97      20000     50    10000    3    20      2      2377.45    716    21
98      20000     50    10000    3    20      3       247.55    202    21
99      20000     50    10000    3    20      4         4.27      3    21
100     20000     50    10000    3    20      5         0.09      0    21
101     20000     50    10000    3    30      1     10000.00  10000    21
102     20000     50    10000    3    30      2      3020.82    466    21
103     20000     50    10000    3    30      3       140.09    119    21
104     20000     50    10000    3    30      4         2.73      3    21
105     20000     50    10000    3    30      5         0.00      0    21
106     20000     50    10000    3    50      1     10000.00  10000    21
107     20000     50    10000    3    50      2       228.73    247    21
108     20000     50    10000    3    50      3        60.73     64    21
109     20000     50    10000    3    50      4         0.09      0    21
110     20000     50    10000    3    50      5         0.00      0    21
111     20000     50    10000    3   100      1     10000.00  10000    21
112     20000     50    10000    3   100      2        99.64     99    21
113     20000     50    10000    3   100      3        42.91     37    21
114     20000     50    10000    3   100      4         0.18      0    21
115     20000     50    10000    3   100      5         0.00      0    21
116     20000     50    10000    3   200      1     10000.00  10000    21
117     20000     50    10000    3   200      2      4574.91     76    21
118     20000     50    10000    3   200      3        20.09     19    21
119     20000     50    10000    3   200      4         0.00      0    21
120     20000     50    10000    3   200      5         0.00      0    21
121     20000     50    10000    3   300      1     10000.00  10000    21
122     20000     50    10000    3   300      2      2756.82     47    21
123     20000     50    10000    3   300      3         9.27     10    21
124     20000     50    10000    3   300      4         0.00      0    21
125     20000     50    10000    3   300      5         0.00      0    21
126     20000     50    10000    3   500      1     10000.00  10000    21
127     20000     50    10000    3   500      2      3656.91     40    21
128     20000     50    10000    3   500      3         8.45      7    21
129     20000     50    10000    3   500      4         0.00      0    21
130     20000     50    10000    3   500      5         0.00      0    21
131     20000     50    10000    3  1000      1     10000.00  10000    21
132     20000     50    10000    3  1000      2      1828.64     14    21
133     20000     50    10000    3  1000      3         4.55      4    21
134     20000     50    10000    3  1000      4         0.00      0    21
135     20000     50    10000    3  1000      5         0.00      0    21
136     20000    100    10000    1    10      1     10000.00  10000    21
137     20000    100    10000    1    10      2      1477.64   1385    21
138     20000    100    10000    1    10      3       143.27     60    21
139     20000    100    10000    1    10      4        12.73     14    21
140     20000    100    10000    1    10      5         0.55      1    21
141     20000    100    10000    1    20      1     10000.00  10000    21
142     20000    100    10000    1    20      2       764.73    726    21
143     20000    100    10000    1    20      3        70.91     21    21
144     20000    100    10000    1    20      4         2.64      3    21
145     20000    100    10000    1    20      5         0.00      0    21
146     20000    100    10000    1    30      1     10000.00  10000    21
147     20000    100    10000    1    30      2       483.27    455    21
148     20000    100    10000    1    30      3        65.27    105    21
149     20000    100    10000    1    30      4         1.64      1    21
150     20000    100    10000    1    30      5         0.00      0    21
151     20000    100    10000    1    50      1     10000.00  10000    21
152     20000    100    10000    1    50      2       280.18    271    21
153     20000    100    10000    1    50      3        36.73     60    21
154     20000    100    10000    1    50      4         0.09      0    21
155     20000    100    10000    1    50      5         0.00      0    21
156     20000    100    10000    1   100      1     10000.00  10000    21
157     20000    100    10000    1   100      2       154.82    160    21
158     20000    100    10000    1   100      3        17.18     27    21
159     20000    100    10000    1   100      4         0.00      0    21
160     20000    100    10000    1   100      5         0.00      0    21
161     20000    100    10000    1   200      1     10000.00  10000    21
162     20000    100    10000    1   200      2        75.00     73    21
163     20000    100    10000    1   200      3         4.00      0    21
164     20000    100    10000    1   200      4         0.00      0    21
165     20000    100    10000    1   200      5         0.00      0    21
166     20000    100    10000    1   300      1     10000.00  10000    21
167     20000    100    10000    1   300      2        44.55     45    21
168     20000    100    10000    1   300      3         4.45      0    21
169     20000    100    10000    1   300      4         0.00      0    21
170     20000    100    10000    1   300      5         0.00      0    21
171     20000    100    10000    1   500      1     10000.00  10000    21
172     20000    100    10000    1   500      2        29.36     29    21
173     20000    100    10000    1   500      3         0.27      0    21
174     20000    100    10000    1   500      4         0.00      0    21
175     20000    100    10000    1   500      5         0.00      0    21
176     20000    100    10000    1  1000      1     10000.00  10000    21
177     20000    100    10000    1  1000      2        14.64     15    21
178     20000    100    10000    1  1000      3         1.00      0    21
179     20000    100    10000    1  1000      4         0.00      0    21
180     20000    100    10000    1  1000      5         0.00      0    21
181     20000    100    10000    2    10      1     10000.00  10000    21
182     20000    100    10000    2    10      2     10000.00  10000    21
183     20000    100    10000    2    10      3      1030.09   1023    21
184     20000    100    10000    2    10      4        43.73     44    21
185     20000    100    10000    2    10      5         7.55      9    21
186     20000    100    10000    2    20      1     10000.00  10000    21
187     20000    100    10000    2    20      2     10000.00  10000    21
188     20000    100    10000    2    20      3       458.73    519    21
189     20000    100    10000    2    20      4        86.45     26    21
190     20000    100    10000    2    20      5         1.18      0    21
191     20000    100    10000    2    30      1     10000.00  10000    21
192     20000    100    10000    2    30      2     10000.00  10000    21
193     20000    100    10000    2    30      3       355.82    344    21
194     20000    100    10000    2    30      4        42.91      6    21
195     20000    100    10000    2    30      5         0.73      0    21
196     20000    100    10000    2    50      1     10000.00  10000    21
197     20000    100    10000    2    50      2     10000.00  10000    21
198     20000    100    10000    2    50      3       200.00    209    21
199     20000    100    10000    2    50      4        12.91      2    21
200     20000    100    10000    2    50      5         0.00      0    21
201     20000    100    10000    2   100      1     10000.00  10000    21
202     20000    100    10000    2   100      2     10000.00  10000    21
203     20000    100    10000    2   100      3        92.82     92    21
204     20000    100    10000    2   100      4         9.18      2    21
205     20000    100    10000    2   100      5         0.00      0    21
206     20000    100    10000    2   200      1     10000.00  10000    21
207     20000    100    10000    2   200      2     10000.00  10000    21
208     20000    100    10000    2   200      3        45.27     47    21
209     20000    100    10000    2   200      4         1.91      0    21
210     20000    100    10000    2   200      5         0.00      0    21
211     20000    100    10000    2   300      1     10000.00  10000    21
212     20000    100    10000    2   300      2     10000.00  10000    21
213     20000    100    10000    2   300      3        31.91     29    21
214     20000    100    10000    2   300      4         0.36      0    21
215     20000    100    10000    2   300      5         0.00      0    21
216     20000    100    10000    2   500      1     10000.00  10000    21
217     20000    100    10000    2   500      2     10000.00  10000    21
218     20000    100    10000    2   500      3        21.18     21    21
219     20000    100    10000    2   500      4         0.27      0    21
220     20000    100    10000    2   500      5         0.00      0    21
221     20000    100    10000    2  1000      1     10000.00  10000    21
222     20000    100    10000    2  1000      2     10000.00  10000    21
223     20000    100    10000    2  1000      3        10.64     11    21
224     20000    100    10000    2  1000      4         0.55      0    21
225     20000    100    10000    2  1000      5         0.00      0    21
226     20000    100    10000    3    10      1     10000.00  10000    21
227     20000    100    10000    3    10      2     10000.00  10000    21
228     20000    100    10000    3    10      3     10000.00  10000    21
229     20000    100    10000    3    10      4      1068.36   1022    21
230     20000    100    10000    3    10      5       130.55     51    21
231     20000    100    10000    3    20      1     10000.00  10000    21
232     20000    100    10000    3    20      2     10000.00  10000    21
233     20000    100    10000    3    20      3     10000.00  10000    21
234     20000    100    10000    3    20      4       481.27    483    21
235     20000    100    10000    3    20      5        64.45      9    21
236     20000    100    10000    3    30      1     10000.00  10000    21
237     20000    100    10000    3    30      2     10000.00  10000    21
238     20000    100    10000    3    30      3     10000.00  10000    21
239     20000    100    10000    3    30      4      1284.09    433    21
240     20000    100    10000    3    30      5        25.55      7    21
241     20000    100    10000    3    50      1     10000.00  10000    21
242     20000    100    10000    3    50      2     10000.00  10000    21
243     20000    100    10000    3    50      3     10000.00  10000    21
244     20000    100    10000    3    50      4      1988.18    218    21
245     20000    100    10000    3    50      5         1.91      1    21
246     20000    100    10000    3   100      1     10000.00  10000    21
247     20000    100    10000    3   100      2     10000.00  10000    21
248     20000    100    10000    3   100      3     10000.00  10000    21
249     20000    100    10000    3   100      4        97.27     97    21
250     20000    100    10000    3   100      5         5.73      0    21
251     20000    100    10000    3   200      1     10000.00  10000    21
252     20000    100    10000    3   200      2     10000.00  10000    21
253     20000    100    10000    3   200      3     10000.00  10000    21
254     20000    100    10000    3   200      4        51.45     50    21
255     20000    100    10000    3   200      5         2.55      0    21
256     20000    100    10000    3   300      1     10000.00  10000    21
257     20000    100    10000    3   300      2     10000.00  10000    21
258     20000    100    10000    3   300      3     10000.00  10000    21
259     20000    100    10000    3   300      4        34.27     30    21
260     20000    100    10000    3   300      5         2.64      0    21
261     20000    100    10000    3   500      1     10000.00  10000    21
262     20000    100    10000    3   500      2     10000.00  10000    21
263     20000    100    10000    3   500      3     10000.00  10000    21
264     20000    100    10000    3   500      4       928.64     19    21
265     20000    100    10000    3   500      5         1.18      0    21
266     20000    100    10000    3  1000      1     10000.00  10000    21
267     20000    100    10000    3  1000      2     10000.00  10000    21
268     20000    100    10000    3  1000      3     10000.00  10000    21
269     20000    100    10000    3  1000      4        12.64     14    21
270     20000    100    10000    3  1000      5         1.27      0    21
../hl/tabs/shocktest3_freq2yr_lenvar_seed21_analysis_20170324_00.txt 20170324_215920EDT 
shocktest3 HL copies=var Audit=1yr Glitch=0 Shock=2yr len=1yr lifem=var seed21 


Summary losses (midmeans), span before copies

    shockfreq impact duration span lifem copies lost midmean median Nreps
1       20000     50    10000    1    10      1     10000.00  10000    21
2       20000     50    10000    1    20      1     10000.00  10000    21
3       20000     50    10000    1    30      1     10000.00  10000    21
4       20000     50    10000    1    50      1     10000.00  10000    21
5       20000     50    10000    1   100      1     10000.00  10000    21
6       20000     50    10000    1   200      1     10000.00  10000    21
7       20000     50    10000    1   300      1     10000.00  10000    21
8       20000     50    10000    1   500      1     10000.00  10000    21
9       20000     50    10000    1  1000      1     10000.00  10000    21
10      20000     50    10000    1    10      2       866.27    773    21
11      20000     50    10000    1    20      2       524.09    515    21
12      20000     50    10000    1    30      2       331.36    345    21
13      20000     50    10000    1    50      2       214.18    212    21
14      20000     50    10000    1   100      2        91.09     97    21
15      20000     50    10000    1   200      2        46.64     46    21
16      20000     50    10000    1   300      2        25.00     26    21
17      20000     50    10000    1   500      2        15.27     14    21
18      20000     50    10000    1  1000      2         9.27     10    21
19      20000     50    10000    1    10      3       133.09     41    21
20      20000     50    10000    1    20      3        54.45     12    21
21      20000     50    10000    1    30      3        74.18    107    21
22      20000     50    10000    1    50      3        17.27      2    21
23      20000     50    10000    1   100      3         8.18      1    21
24      20000     50    10000    1   200      3         3.55      0    21
25      20000     50    10000    1   300      3         2.45      0    21
26      20000     50    10000    1   500      3         1.27      0    21
27      20000     50    10000    1  1000      3         0.36      0    21
28      20000     50    10000    1    10      4         7.27      4    21
29      20000     50    10000    1    20      4         1.64      2    21
30      20000     50    10000    1    30      4         0.27      0    21
31      20000     50    10000    1    50      4         0.00      0    21
32      20000     50    10000    1   100      4         0.00      0    21
33      20000     50    10000    1   200      4         0.00      0    21
34      20000     50    10000    1   300      4         0.00      0    21
35      20000     50    10000    1   500      4         0.00      0    21
36      20000     50    10000    1  1000      4         0.00      0    21
37      20000     50    10000    1    10      5         0.27      0    21
38      20000     50    10000    1    20      5         0.00      0    21
39      20000     50    10000    1    30      5         0.00      0    21
40      20000     50    10000    1    50      5         0.00      0    21
41      20000     50    10000    1   100      5         0.00      0    21
42      20000     50    10000    1   200      5         0.00      0    21
43      20000     50    10000    1   300      5         0.00      0    21
44      20000     50    10000    1   500      5         0.00      0    21
45      20000     50    10000    1  1000      5         0.00      0    21
46      20000     50    10000    2    10      1     10000.00  10000    21
47      20000     50    10000    2    20      1     10000.00  10000    21
48      20000     50    10000    2    30      1     10000.00  10000    21
49      20000     50    10000    2    50      1     10000.00  10000    21
50      20000     50    10000    2   100      1     10000.00  10000    21
51      20000     50    10000    2   200      1     10000.00  10000    21
52      20000     50    10000    2   300      1     10000.00  10000    21
53      20000     50    10000    2   500      1     10000.00  10000    21
54      20000     50    10000    2  1000      1     10000.00  10000    21
55      20000     50    10000    2    10      2      4413.00   1625    21
56      20000     50    10000    2    20      2      2377.45    716    21
57      20000     50    10000    2    30      2      3020.82    466    21
58      20000     50    10000    2    50      2       228.73    247    21
59      20000     50    10000    2   100      2        99.64     99    21
60      20000     50    10000    2   200      2      4574.91     76    21
61      20000     50    10000    2   300      2      2756.82     47    21
62      20000     50    10000    2   500      2      3656.91     40    21
63      20000     50    10000    2  1000      2      1828.64     14    21
64      20000     50    10000    2    10      3       273.45    350    21
65      20000     50    10000    2    20      3        90.36     21    21
66      20000     50    10000    2    30      3        52.91      7    21
67      20000     50    10000    2    50      3        48.45     62    21
68      20000     50    10000    2   100      3         8.18      1    21
69      20000     50    10000    2   200      3        12.45     14    21
70      20000     50    10000    2   300      3         6.18      9    21
71      20000     50    10000    2   500      3         2.91      1    21
72      20000     50    10000    2  1000      3         1.00      0    21
73      20000     50    10000    2    10      4        11.73     12    21
74      20000     50    10000    2    20      4         2.64      3    21
75      20000     50    10000    2    30      4         0.82      1    21
76      20000     50    10000    2    50      4         0.00      0    21
77      20000     50    10000    2   100      4         0.00      0    21
78      20000     50    10000    2   200      4         0.00      0    21
79      20000     50    10000    2   300      4         0.00      0    21
80      20000     50    10000    2   500      4         0.00      0    21
81      20000     50    10000    2  1000      4         0.00      0    21
82      20000     50    10000    2    10      5         1.36      1    21
83      20000     50    10000    2    20      5         0.00      0    21
84      20000     50    10000    2    30      5         0.00      0    21
85      20000     50    10000    2    50      5         0.00      0    21
86      20000     50    10000    2   100      5         0.00      0    21
87      20000     50    10000    2   200      5         0.00      0    21
88      20000     50    10000    2   300      5         0.00      0    21
89      20000     50    10000    2   500      5         0.00      0    21
90      20000     50    10000    2  1000      5         0.00      0    21
91      20000     50    10000    3    10      1     10000.00  10000    21
92      20000     50    10000    3    20      1     10000.00  10000    21
93      20000     50    10000    3    30      1     10000.00  10000    21
94      20000     50    10000    3    50      1     10000.00  10000    21
95      20000     50    10000    3   100      1     10000.00  10000    21
96      20000     50    10000    3   200      1     10000.00  10000    21
97      20000     50    10000    3   300      1     10000.00  10000    21
98      20000     50    10000    3   500      1     10000.00  10000    21
99      20000     50    10000    3  1000      1     10000.00  10000    21
100     20000     50    10000    3    10      2      4413.00   1625    21
101     20000     50    10000    3    20      2      2377.45    716    21
102     20000     50    10000    3    30      2      3020.82    466    21
103     20000     50    10000    3    50      2       228.73    247    21
104     20000     50    10000    3   100      2        99.64     99    21
105     20000     50    10000    3   200      2      4574.91     76    21
106     20000     50    10000    3   300      2      2756.82     47    21
107     20000     50    10000    3   500      2      3656.91     40    21
108     20000     50    10000    3  1000      2      1828.64     14    21
109     20000     50    10000    3    10      3       368.09    371    21
110     20000     50    10000    3    20      3       247.55    202    21
111     20000     50    10000    3    30      3       140.09    119    21
112     20000     50    10000    3    50      3        60.73     64    21
113     20000     50    10000    3   100      3        42.91     37    21
114     20000     50    10000    3   200      3        20.09     19    21
115     20000     50    10000    3   300      3         9.27     10    21
116     20000     50    10000    3   500      3         8.45      7    21
117     20000     50    10000    3  1000      3         4.55      4    21
118     20000     50    10000    3    10      4       105.36     22    21
119     20000     50    10000    3    20      4         4.27      3    21
120     20000     50    10000    3    30      4         2.73      3    21
121     20000     50    10000    3    50      4         0.09      0    21
122     20000     50    10000    3   100      4         0.18      0    21
123     20000     50    10000    3   200      4         0.00      0    21
124     20000     50    10000    3   300      4         0.00      0    21
125     20000     50    10000    3   500      4         0.00      0    21
126     20000     50    10000    3  1000      4         0.00      0    21
127     20000     50    10000    3    10      5         3.00      1    21
128     20000     50    10000    3    20      5         0.09      0    21
129     20000     50    10000    3    30      5         0.00      0    21
130     20000     50    10000    3    50      5         0.00      0    21
131     20000     50    10000    3   100      5         0.00      0    21
132     20000     50    10000    3   200      5         0.00      0    21
133     20000     50    10000    3   300      5         0.00      0    21
134     20000     50    10000    3   500      5         0.00      0    21
135     20000     50    10000    3  1000      5         0.00      0    21
136     20000    100    10000    1    10      1     10000.00  10000    21
137     20000    100    10000    1    20      1     10000.00  10000    21
138     20000    100    10000    1    30      1     10000.00  10000    21
139     20000    100    10000    1    50      1     10000.00  10000    21
140     20000    100    10000    1   100      1     10000.00  10000    21
141     20000    100    10000    1   200      1     10000.00  10000    21
142     20000    100    10000    1   300      1     10000.00  10000    21
143     20000    100    10000    1   500      1     10000.00  10000    21
144     20000    100    10000    1  1000      1     10000.00  10000    21
145     20000    100    10000    1    10      2      1477.64   1385    21
146     20000    100    10000    1    20      2       764.73    726    21
147     20000    100    10000    1    30      2       483.27    455    21
148     20000    100    10000    1    50      2       280.18    271    21
149     20000    100    10000    1   100      2       154.82    160    21
150     20000    100    10000    1   200      2        75.00     73    21
151     20000    100    10000    1   300      2        44.55     45    21
152     20000    100    10000    1   500      2        29.36     29    21
153     20000    100    10000    1  1000      2        14.64     15    21
154     20000    100    10000    1    10      3       143.27     60    21
155     20000    100    10000    1    20      3        70.91     21    21
156     20000    100    10000    1    30      3        65.27    105    21
157     20000    100    10000    1    50      3        36.73     60    21
158     20000    100    10000    1   100      3        17.18     27    21
159     20000    100    10000    1   200      3         4.00      0    21
160     20000    100    10000    1   300      3         4.45      0    21
161     20000    100    10000    1   500      3         0.27      0    21
162     20000    100    10000    1  1000      3         1.00      0    21
163     20000    100    10000    1    10      4        12.73     14    21
164     20000    100    10000    1    20      4         2.64      3    21
165     20000    100    10000    1    30      4         1.64      1    21
166     20000    100    10000    1    50      4         0.09      0    21
167     20000    100    10000    1   100      4         0.00      0    21
168     20000    100    10000    1   200      4         0.00      0    21
169     20000    100    10000    1   300      4         0.00      0    21
170     20000    100    10000    1   500      4         0.00      0    21
171     20000    100    10000    1  1000      4         0.00      0    21
172     20000    100    10000    1    10      5         0.55      1    21
173     20000    100    10000    1    20      5         0.00      0    21
174     20000    100    10000    1    30      5         0.00      0    21
175     20000    100    10000    1    50      5         0.00      0    21
176     20000    100    10000    1   100      5         0.00      0    21
177     20000    100    10000    1   200      5         0.00      0    21
178     20000    100    10000    1   300      5         0.00      0    21
179     20000    100    10000    1   500      5         0.00      0    21
180     20000    100    10000    1  1000      5         0.00      0    21
181     20000    100    10000    2    10      1     10000.00  10000    21
182     20000    100    10000    2    20      1     10000.00  10000    21
183     20000    100    10000    2    30      1     10000.00  10000    21
184     20000    100    10000    2    50      1     10000.00  10000    21
185     20000    100    10000    2   100      1     10000.00  10000    21
186     20000    100    10000    2   200      1     10000.00  10000    21
187     20000    100    10000    2   300      1     10000.00  10000    21
188     20000    100    10000    2   500      1     10000.00  10000    21
189     20000    100    10000    2  1000      1     10000.00  10000    21
190     20000    100    10000    2    10      2     10000.00  10000    21
191     20000    100    10000    2    20      2     10000.00  10000    21
192     20000    100    10000    2    30      2     10000.00  10000    21
193     20000    100    10000    2    50      2     10000.00  10000    21
194     20000    100    10000    2   100      2     10000.00  10000    21
195     20000    100    10000    2   200      2     10000.00  10000    21
196     20000    100    10000    2   300      2     10000.00  10000    21
197     20000    100    10000    2   500      2     10000.00  10000    21
198     20000    100    10000    2  1000      2     10000.00  10000    21
199     20000    100    10000    2    10      3      1030.09   1023    21
200     20000    100    10000    2    20      3       458.73    519    21
201     20000    100    10000    2    30      3       355.82    344    21
202     20000    100    10000    2    50      3       200.00    209    21
203     20000    100    10000    2   100      3        92.82     92    21
204     20000    100    10000    2   200      3        45.27     47    21
205     20000    100    10000    2   300      3        31.91     29    21
206     20000    100    10000    2   500      3        21.18     21    21
207     20000    100    10000    2  1000      3        10.64     11    21
208     20000    100    10000    2    10      4        43.73     44    21
209     20000    100    10000    2    20      4        86.45     26    21
210     20000    100    10000    2    30      4        42.91      6    21
211     20000    100    10000    2    50      4        12.91      2    21
212     20000    100    10000    2   100      4         9.18      2    21
213     20000    100    10000    2   200      4         1.91      0    21
214     20000    100    10000    2   300      4         0.36      0    21
215     20000    100    10000    2   500      4         0.27      0    21
216     20000    100    10000    2  1000      4         0.55      0    21
217     20000    100    10000    2    10      5         7.55      9    21
218     20000    100    10000    2    20      5         1.18      0    21
219     20000    100    10000    2    30      5         0.73      0    21
220     20000    100    10000    2    50      5         0.00      0    21
221     20000    100    10000    2   100      5         0.00      0    21
222     20000    100    10000    2   200      5         0.00      0    21
223     20000    100    10000    2   300      5         0.00      0    21
224     20000    100    10000    2   500      5         0.00      0    21
225     20000    100    10000    2  1000      5         0.00      0    21
226     20000    100    10000    3    10      1     10000.00  10000    21
227     20000    100    10000    3    20      1     10000.00  10000    21
228     20000    100    10000    3    30      1     10000.00  10000    21
229     20000    100    10000    3    50      1     10000.00  10000    21
230     20000    100    10000    3   100      1     10000.00  10000    21
231     20000    100    10000    3   200      1     10000.00  10000    21
232     20000    100    10000    3   300      1     10000.00  10000    21
233     20000    100    10000    3   500      1     10000.00  10000    21
234     20000    100    10000    3  1000      1     10000.00  10000    21
235     20000    100    10000    3    10      2     10000.00  10000    21
236     20000    100    10000    3    20      2     10000.00  10000    21
237     20000    100    10000    3    30      2     10000.00  10000    21
238     20000    100    10000    3    50      2     10000.00  10000    21
239     20000    100    10000    3   100      2     10000.00  10000    21
240     20000    100    10000    3   200      2     10000.00  10000    21
241     20000    100    10000    3   300      2     10000.00  10000    21
242     20000    100    10000    3   500      2     10000.00  10000    21
243     20000    100    10000    3  1000      2     10000.00  10000    21
244     20000    100    10000    3    10      3     10000.00  10000    21
245     20000    100    10000    3    20      3     10000.00  10000    21
246     20000    100    10000    3    30      3     10000.00  10000    21
247     20000    100    10000    3    50      3     10000.00  10000    21
248     20000    100    10000    3   100      3     10000.00  10000    21
249     20000    100    10000    3   200      3     10000.00  10000    21
250     20000    100    10000    3   300      3     10000.00  10000    21
251     20000    100    10000    3   500      3     10000.00  10000    21
252     20000    100    10000    3  1000      3     10000.00  10000    21
253     20000    100    10000    3    10      4      1068.36   1022    21
254     20000    100    10000    3    20      4       481.27    483    21
255     20000    100    10000    3    30      4      1284.09    433    21
256     20000    100    10000    3    50      4      1988.18    218    21
257     20000    100    10000    3   100      4        97.27     97    21
258     20000    100    10000    3   200      4        51.45     50    21
259     20000    100    10000    3   300      4        34.27     30    21
260     20000    100    10000    3   500      4       928.64     19    21
261     20000    100    10000    3  1000      4        12.64     14    21
262     20000    100    10000    3    10      5       130.55     51    21
263     20000    100    10000    3    20      5        64.45      9    21
264     20000    100    10000    3    30      5        25.55      7    21
265     20000    100    10000    3    50      5         1.91      1    21
266     20000    100    10000    3   100      5         5.73      0    21
267     20000    100    10000    3   200      5         2.55      0    21
268     20000    100    10000    3   300      5         2.64      0    21
269     20000    100    10000    3   500      5         1.18      0    21
270     20000    100    10000    3  1000      5         1.27      0    21
../hl/tabs/shocktest3_freq2yr_lenvar_seed21_analysis_20170324_00.txt 20170324_215920EDT 
shocktest3 HL copies=var Audit=1yr Glitch=0 Shock=2yr len=1yr lifem=var seed21 


Summary losses (midmeans), span before life

    shockfreq impact duration span lifem copies lost midmean median Nreps
1       20000     50    10000    1    10      1     10000.00  10000    21
2       20000     50    10000    1    10      2       866.27    773    21
3       20000     50    10000    1    10      3       133.09     41    21
4       20000     50    10000    1    10      4         7.27      4    21
5       20000     50    10000    1    10      5         0.27      0    21
6       20000     50    10000    1    20      1     10000.00  10000    21
7       20000     50    10000    1    20      2       524.09    515    21
8       20000     50    10000    1    20      3        54.45     12    21
9       20000     50    10000    1    20      4         1.64      2    21
10      20000     50    10000    1    20      5         0.00      0    21
11      20000     50    10000    1    30      1     10000.00  10000    21
12      20000     50    10000    1    30      2       331.36    345    21
13      20000     50    10000    1    30      3        74.18    107    21
14      20000     50    10000    1    30      4         0.27      0    21
15      20000     50    10000    1    30      5         0.00      0    21
16      20000     50    10000    1    50      1     10000.00  10000    21
17      20000     50    10000    1    50      2       214.18    212    21
18      20000     50    10000    1    50      3        17.27      2    21
19      20000     50    10000    1    50      4         0.00      0    21
20      20000     50    10000    1    50      5         0.00      0    21
21      20000     50    10000    1   100      1     10000.00  10000    21
22      20000     50    10000    1   100      2        91.09     97    21
23      20000     50    10000    1   100      3         8.18      1    21
24      20000     50    10000    1   100      4         0.00      0    21
25      20000     50    10000    1   100      5         0.00      0    21
26      20000     50    10000    1   200      1     10000.00  10000    21
27      20000     50    10000    1   200      2        46.64     46    21
28      20000     50    10000    1   200      3         3.55      0    21
29      20000     50    10000    1   200      4         0.00      0    21
30      20000     50    10000    1   200      5         0.00      0    21
31      20000     50    10000    1   300      1     10000.00  10000    21
32      20000     50    10000    1   300      2        25.00     26    21
33      20000     50    10000    1   300      3         2.45      0    21
34      20000     50    10000    1   300      4         0.00      0    21
35      20000     50    10000    1   300      5         0.00      0    21
36      20000     50    10000    1   500      1     10000.00  10000    21
37      20000     50    10000    1   500      2        15.27     14    21
38      20000     50    10000    1   500      3         1.27      0    21
39      20000     50    10000    1   500      4         0.00      0    21
40      20000     50    10000    1   500      5         0.00      0    21
41      20000     50    10000    1  1000      1     10000.00  10000    21
42      20000     50    10000    1  1000      2         9.27     10    21
43      20000     50    10000    1  1000      3         0.36      0    21
44      20000     50    10000    1  1000      4         0.00      0    21
45      20000     50    10000    1  1000      5         0.00      0    21
46      20000     50    10000    2    10      1     10000.00  10000    21
47      20000     50    10000    2    10      2      4413.00   1625    21
48      20000     50    10000    2    10      3       273.45    350    21
49      20000     50    10000    2    10      4        11.73     12    21
50      20000     50    10000    2    10      5         1.36      1    21
51      20000     50    10000    2    20      1     10000.00  10000    21
52      20000     50    10000    2    20      2      2377.45    716    21
53      20000     50    10000    2    20      3        90.36     21    21
54      20000     50    10000    2    20      4         2.64      3    21
55      20000     50    10000    2    20      5         0.00      0    21
56      20000     50    10000    2    30      1     10000.00  10000    21
57      20000     50    10000    2    30      2      3020.82    466    21
58      20000     50    10000    2    30      3        52.91      7    21
59      20000     50    10000    2    30      4         0.82      1    21
60      20000     50    10000    2    30      5         0.00      0    21
61      20000     50    10000    2    50      1     10000.00  10000    21
62      20000     50    10000    2    50      2       228.73    247    21
63      20000     50    10000    2    50      3        48.45     62    21
64      20000     50    10000    2    50      4         0.00      0    21
65      20000     50    10000    2    50      5         0.00      0    21
66      20000     50    10000    2   100      1     10000.00  10000    21
67      20000     50    10000    2   100      2        99.64     99    21
68      20000     50    10000    2   100      3         8.18      1    21
69      20000     50    10000    2   100      4         0.00      0    21
70      20000     50    10000    2   100      5         0.00      0    21
71      20000     50    10000    2   200      1     10000.00  10000    21
72      20000     50    10000    2   200      2      4574.91     76    21
73      20000     50    10000    2   200      3        12.45     14    21
74      20000     50    10000    2   200      4         0.00      0    21
75      20000     50    10000    2   200      5         0.00      0    21
76      20000     50    10000    2   300      1     10000.00  10000    21
77      20000     50    10000    2   300      2      2756.82     47    21
78      20000     50    10000    2   300      3         6.18      9    21
79      20000     50    10000    2   300      4         0.00      0    21
80      20000     50    10000    2   300      5         0.00      0    21
81      20000     50    10000    2   500      1     10000.00  10000    21
82      20000     50    10000    2   500      2      3656.91     40    21
83      20000     50    10000    2   500      3         2.91      1    21
84      20000     50    10000    2   500      4         0.00      0    21
85      20000     50    10000    2   500      5         0.00      0    21
86      20000     50    10000    2  1000      1     10000.00  10000    21
87      20000     50    10000    2  1000      2      1828.64     14    21
88      20000     50    10000    2  1000      3         1.00      0    21
89      20000     50    10000    2  1000      4         0.00      0    21
90      20000     50    10000    2  1000      5         0.00      0    21
91      20000     50    10000    3    10      1     10000.00  10000    21
92      20000     50    10000    3    10      2      4413.00   1625    21
93      20000     50    10000    3    10      3       368.09    371    21
94      20000     50    10000    3    10      4       105.36     22    21
95      20000     50    10000    3    10      5         3.00      1    21
96      20000     50    10000    3    20      1     10000.00  10000    21
97      20000     50    10000    3    20      2      2377.45    716    21
98      20000     50    10000    3    20      3       247.55    202    21
99      20000     50    10000    3    20      4         4.27      3    21
100     20000     50    10000    3    20      5         0.09      0    21
101     20000     50    10000    3    30      1     10000.00  10000    21
102     20000     50    10000    3    30      2      3020.82    466    21
103     20000     50    10000    3    30      3       140.09    119    21
104     20000     50    10000    3    30      4         2.73      3    21
105     20000     50    10000    3    30      5         0.00      0    21
106     20000     50    10000    3    50      1     10000.00  10000    21
107     20000     50    10000    3    50      2       228.73    247    21
108     20000     50    10000    3    50      3        60.73     64    21
109     20000     50    10000    3    50      4         0.09      0    21
110     20000     50    10000    3    50      5         0.00      0    21
111     20000     50    10000    3   100      1     10000.00  10000    21
112     20000     50    10000    3   100      2        99.64     99    21
113     20000     50    10000    3   100      3        42.91     37    21
114     20000     50    10000    3   100      4         0.18      0    21
115     20000     50    10000    3   100      5         0.00      0    21
116     20000     50    10000    3   200      1     10000.00  10000    21
117     20000     50    10000    3   200      2      4574.91     76    21
118     20000     50    10000    3   200      3        20.09     19    21
119     20000     50    10000    3   200      4         0.00      0    21
120     20000     50    10000    3   200      5         0.00      0    21
121     20000     50    10000    3   300      1     10000.00  10000    21
122     20000     50    10000    3   300      2      2756.82     47    21
123     20000     50    10000    3   300      3         9.27     10    21
124     20000     50    10000    3   300      4         0.00      0    21
125     20000     50    10000    3   300      5         0.00      0    21
126     20000     50    10000    3   500      1     10000.00  10000    21
127     20000     50    10000    3   500      2      3656.91     40    21
128     20000     50    10000    3   500      3         8.45      7    21
129     20000     50    10000    3   500      4         0.00      0    21
130     20000     50    10000    3   500      5         0.00      0    21
131     20000     50    10000    3  1000      1     10000.00  10000    21
132     20000     50    10000    3  1000      2      1828.64     14    21
133     20000     50    10000    3  1000      3         4.55      4    21
134     20000     50    10000    3  1000      4         0.00      0    21
135     20000     50    10000    3  1000      5         0.00      0    21
136     20000    100    10000    1    10      1     10000.00  10000    21
137     20000    100    10000    1    10      2      1477.64   1385    21
138     20000    100    10000    1    10      3       143.27     60    21
139     20000    100    10000    1    10      4        12.73     14    21
140     20000    100    10000    1    10      5         0.55      1    21
141     20000    100    10000    1    20      1     10000.00  10000    21
142     20000    100    10000    1    20      2       764.73    726    21
143     20000    100    10000    1    20      3        70.91     21    21
144     20000    100    10000    1    20      4         2.64      3    21
145     20000    100    10000    1    20      5         0.00      0    21
146     20000    100    10000    1    30      1     10000.00  10000    21
147     20000    100    10000    1    30      2       483.27    455    21
148     20000    100    10000    1    30      3        65.27    105    21
149     20000    100    10000    1    30      4         1.64      1    21
150     20000    100    10000    1    30      5         0.00      0    21
151     20000    100    10000    1    50      1     10000.00  10000    21
152     20000    100    10000    1    50      2       280.18    271    21
153     20000    100    10000    1    50      3        36.73     60    21
154     20000    100    10000    1    50      4         0.09      0    21
155     20000    100    10000    1    50      5         0.00      0    21
156     20000    100    10000    1   100      1     10000.00  10000    21
157     20000    100    10000    1   100      2       154.82    160    21
158     20000    100    10000    1   100      3        17.18     27    21
159     20000    100    10000    1   100      4         0.00      0    21
160     20000    100    10000    1   100      5         0.00      0    21
161     20000    100    10000    1   200      1     10000.00  10000    21
162     20000    100    10000    1   200      2        75.00     73    21
163     20000    100    10000    1   200      3         4.00      0    21
164     20000    100    10000    1   200      4         0.00      0    21
165     20000    100    10000    1   200      5         0.00      0    21
166     20000    100    10000    1   300      1     10000.00  10000    21
167     20000    100    10000    1   300      2        44.55     45    21
168     20000    100    10000    1   300      3         4.45      0    21
169     20000    100    10000    1   300      4         0.00      0    21
170     20000    100    10000    1   300      5         0.00      0    21
171     20000    100    10000    1   500      1     10000.00  10000    21
172     20000    100    10000    1   500      2        29.36     29    21
173     20000    100    10000    1   500      3         0.27      0    21
174     20000    100    10000    1   500      4         0.00      0    21
175     20000    100    10000    1   500      5         0.00      0    21
176     20000    100    10000    1  1000      1     10000.00  10000    21
177     20000    100    10000    1  1000      2        14.64     15    21
178     20000    100    10000    1  1000      3         1.00      0    21
179     20000    100    10000    1  1000      4         0.00      0    21
180     20000    100    10000    1  1000      5         0.00      0    21
181     20000    100    10000    2    10      1     10000.00  10000    21
182     20000    100    10000    2    10      2     10000.00  10000    21
183     20000    100    10000    2    10      3      1030.09   1023    21
184     20000    100    10000    2    10      4        43.73     44    21
185     20000    100    10000    2    10      5         7.55      9    21
186     20000    100    10000    2    20      1     10000.00  10000    21
187     20000    100    10000    2    20      2     10000.00  10000    21
188     20000    100    10000    2    20      3       458.73    519    21
189     20000    100    10000    2    20      4        86.45     26    21
190     20000    100    10000    2    20      5         1.18      0    21
191     20000    100    10000    2    30      1     10000.00  10000    21
192     20000    100    10000    2    30      2     10000.00  10000    21
193     20000    100    10000    2    30      3       355.82    344    21
194     20000    100    10000    2    30      4        42.91      6    21
195     20000    100    10000    2    30      5         0.73      0    21
196     20000    100    10000    2    50      1     10000.00  10000    21
197     20000    100    10000    2    50      2     10000.00  10000    21
198     20000    100    10000    2    50      3       200.00    209    21
199     20000    100    10000    2    50      4        12.91      2    21
200     20000    100    10000    2    50      5         0.00      0    21
201     20000    100    10000    2   100      1     10000.00  10000    21
202     20000    100    10000    2   100      2     10000.00  10000    21
203     20000    100    10000    2   100      3        92.82     92    21
204     20000    100    10000    2   100      4         9.18      2    21
205     20000    100    10000    2   100      5         0.00      0    21
206     20000    100    10000    2   200      1     10000.00  10000    21
207     20000    100    10000    2   200      2     10000.00  10000    21
208     20000    100    10000    2   200      3        45.27     47    21
209     20000    100    10000    2   200      4         1.91      0    21
210     20000    100    10000    2   200      5         0.00      0    21
211     20000    100    10000    2   300      1     10000.00  10000    21
212     20000    100    10000    2   300      2     10000.00  10000    21
213     20000    100    10000    2   300      3        31.91     29    21
214     20000    100    10000    2   300      4         0.36      0    21
215     20000    100    10000    2   300      5         0.00      0    21
216     20000    100    10000    2   500      1     10000.00  10000    21
217     20000    100    10000    2   500      2     10000.00  10000    21
218     20000    100    10000    2   500      3        21.18     21    21
219     20000    100    10000    2   500      4         0.27      0    21
220     20000    100    10000    2   500      5         0.00      0    21
221     20000    100    10000    2  1000      1     10000.00  10000    21
222     20000    100    10000    2  1000      2     10000.00  10000    21
223     20000    100    10000    2  1000      3        10.64     11    21
224     20000    100    10000    2  1000      4         0.55      0    21
225     20000    100    10000    2  1000      5         0.00      0    21
226     20000    100    10000    3    10      1     10000.00  10000    21
227     20000    100    10000    3    10      2     10000.00  10000    21
228     20000    100    10000    3    10      3     10000.00  10000    21
229     20000    100    10000    3    10      4      1068.36   1022    21
230     20000    100    10000    3    10      5       130.55     51    21
231     20000    100    10000    3    20      1     10000.00  10000    21
232     20000    100    10000    3    20      2     10000.00  10000    21
233     20000    100    10000    3    20      3     10000.00  10000    21
234     20000    100    10000    3    20      4       481.27    483    21
235     20000    100    10000    3    20      5        64.45      9    21
236     20000    100    10000    3    30      1     10000.00  10000    21
237     20000    100    10000    3    30      2     10000.00  10000    21
238     20000    100    10000    3    30      3     10000.00  10000    21
239     20000    100    10000    3    30      4      1284.09    433    21
240     20000    100    10000    3    30      5        25.55      7    21
241     20000    100    10000    3    50      1     10000.00  10000    21
242     20000    100    10000    3    50      2     10000.00  10000    21
243     20000    100    10000    3    50      3     10000.00  10000    21
244     20000    100    10000    3    50      4      1988.18    218    21
245     20000    100    10000    3    50      5         1.91      1    21
246     20000    100    10000    3   100      1     10000.00  10000    21
247     20000    100    10000    3   100      2     10000.00  10000    21
248     20000    100    10000    3   100      3     10000.00  10000    21
249     20000    100    10000    3   100      4        97.27     97    21
250     20000    100    10000    3   100      5         5.73      0    21
251     20000    100    10000    3   200      1     10000.00  10000    21
252     20000    100    10000    3   200      2     10000.00  10000    21
253     20000    100    10000    3   200      3     10000.00  10000    21
254     20000    100    10000    3   200      4        51.45     50    21
255     20000    100    10000    3   200      5         2.55      0    21
256     20000    100    10000    3   300      1     10000.00  10000    21
257     20000    100    10000    3   300      2     10000.00  10000    21
258     20000    100    10000    3   300      3     10000.00  10000    21
259     20000    100    10000    3   300      4        34.27     30    21
260     20000    100    10000    3   300      5         2.64      0    21
261     20000    100    10000    3   500      1     10000.00  10000    21
262     20000    100    10000    3   500      2     10000.00  10000    21
263     20000    100    10000    3   500      3     10000.00  10000    21
264     20000    100    10000    3   500      4       928.64     19    21
265     20000    100    10000    3   500      5         1.18      0    21
266     20000    100    10000    3  1000      1     10000.00  10000    21
267     20000    100    10000    3  1000      2     10000.00  10000    21
268     20000    100    10000    3  1000      3     10000.00  10000    21
269     20000    100    10000    3  1000      4        12.64     14    21
270     20000    100    10000    3  1000      5         1.27      0    21
../hl/tabs/shocktest3_freq2yr_lenvar_seed21_analysis_20170324_00.txt 20170324_215920EDT 
shocktest3 HL copies=var Audit=1yr Glitch=0 Shock=2yr len=1yr lifem=var seed21 


Summary losses (midmeans), life before span

    shockfreq impact duration span lifem copies lost midmean median Nreps
1       20000     50    10000    1    10      1     10000.00  10000    21
2       20000     50    10000    1    10      2       866.27    773    21
3       20000     50    10000    1    10      3       133.09     41    21
4       20000     50    10000    1    10      4         7.27      4    21
5       20000     50    10000    1    10      5         0.27      0    21
6       20000     50    10000    2    10      1     10000.00  10000    21
7       20000     50    10000    2    10      2      4413.00   1625    21
8       20000     50    10000    2    10      3       273.45    350    21
9       20000     50    10000    2    10      4        11.73     12    21
10      20000     50    10000    2    10      5         1.36      1    21
11      20000     50    10000    3    10      1     10000.00  10000    21
12      20000     50    10000    3    10      2      4413.00   1625    21
13      20000     50    10000    3    10      3       368.09    371    21
14      20000     50    10000    3    10      4       105.36     22    21
15      20000     50    10000    3    10      5         3.00      1    21
16      20000     50    10000    1    20      1     10000.00  10000    21
17      20000     50    10000    1    20      2       524.09    515    21
18      20000     50    10000    1    20      3        54.45     12    21
19      20000     50    10000    1    20      4         1.64      2    21
20      20000     50    10000    1    20      5         0.00      0    21
21      20000     50    10000    2    20      1     10000.00  10000    21
22      20000     50    10000    2    20      2      2377.45    716    21
23      20000     50    10000    2    20      3        90.36     21    21
24      20000     50    10000    2    20      4         2.64      3    21
25      20000     50    10000    2    20      5         0.00      0    21
26      20000     50    10000    3    20      1     10000.00  10000    21
27      20000     50    10000    3    20      2      2377.45    716    21
28      20000     50    10000    3    20      3       247.55    202    21
29      20000     50    10000    3    20      4         4.27      3    21
30      20000     50    10000    3    20      5         0.09      0    21
31      20000     50    10000    1    30      1     10000.00  10000    21
32      20000     50    10000    1    30      2       331.36    345    21
33      20000     50    10000    1    30      3        74.18    107    21
34      20000     50    10000    1    30      4         0.27      0    21
35      20000     50    10000    1    30      5         0.00      0    21
36      20000     50    10000    2    30      1     10000.00  10000    21
37      20000     50    10000    2    30      2      3020.82    466    21
38      20000     50    10000    2    30      3        52.91      7    21
39      20000     50    10000    2    30      4         0.82      1    21
40      20000     50    10000    2    30      5         0.00      0    21
41      20000     50    10000    3    30      1     10000.00  10000    21
42      20000     50    10000    3    30      2      3020.82    466    21
43      20000     50    10000    3    30      3       140.09    119    21
44      20000     50    10000    3    30      4         2.73      3    21
45      20000     50    10000    3    30      5         0.00      0    21
46      20000     50    10000    1    50      1     10000.00  10000    21
47      20000     50    10000    1    50      2       214.18    212    21
48      20000     50    10000    1    50      3        17.27      2    21
49      20000     50    10000    1    50      4         0.00      0    21
50      20000     50    10000    1    50      5         0.00      0    21
51      20000     50    10000    2    50      1     10000.00  10000    21
52      20000     50    10000    2    50      2       228.73    247    21
53      20000     50    10000    2    50      3        48.45     62    21
54      20000     50    10000    2    50      4         0.00      0    21
55      20000     50    10000    2    50      5         0.00      0    21
56      20000     50    10000    3    50      1     10000.00  10000    21
57      20000     50    10000    3    50      2       228.73    247    21
58      20000     50    10000    3    50      3        60.73     64    21
59      20000     50    10000    3    50      4         0.09      0    21
60      20000     50    10000    3    50      5         0.00      0    21
61      20000     50    10000    1   100      1     10000.00  10000    21
62      20000     50    10000    1   100      2        91.09     97    21
63      20000     50    10000    1   100      3         8.18      1    21
64      20000     50    10000    1   100      4         0.00      0    21
65      20000     50    10000    1   100      5         0.00      0    21
66      20000     50    10000    2   100      1     10000.00  10000    21
67      20000     50    10000    2   100      2        99.64     99    21
68      20000     50    10000    2   100      3         8.18      1    21
69      20000     50    10000    2   100      4         0.00      0    21
70      20000     50    10000    2   100      5         0.00      0    21
71      20000     50    10000    3   100      1     10000.00  10000    21
72      20000     50    10000    3   100      2        99.64     99    21
73      20000     50    10000    3   100      3        42.91     37    21
74      20000     50    10000    3   100      4         0.18      0    21
75      20000     50    10000    3   100      5         0.00      0    21
76      20000     50    10000    1   200      1     10000.00  10000    21
77      20000     50    10000    1   200      2        46.64     46    21
78      20000     50    10000    1   200      3         3.55      0    21
79      20000     50    10000    1   200      4         0.00      0    21
80      20000     50    10000    1   200      5         0.00      0    21
81      20000     50    10000    2   200      1     10000.00  10000    21
82      20000     50    10000    2   200      2      4574.91     76    21
83      20000     50    10000    2   200      3        12.45     14    21
84      20000     50    10000    2   200      4         0.00      0    21
85      20000     50    10000    2   200      5         0.00      0    21
86      20000     50    10000    3   200      1     10000.00  10000    21
87      20000     50    10000    3   200      2      4574.91     76    21
88      20000     50    10000    3   200      3        20.09     19    21
89      20000     50    10000    3   200      4         0.00      0    21
90      20000     50    10000    3   200      5         0.00      0    21
91      20000     50    10000    1   300      1     10000.00  10000    21
92      20000     50    10000    1   300      2        25.00     26    21
93      20000     50    10000    1   300      3         2.45      0    21
94      20000     50    10000    1   300      4         0.00      0    21
95      20000     50    10000    1   300      5         0.00      0    21
96      20000     50    10000    2   300      1     10000.00  10000    21
97      20000     50    10000    2   300      2      2756.82     47    21
98      20000     50    10000    2   300      3         6.18      9    21
99      20000     50    10000    2   300      4         0.00      0    21
100     20000     50    10000    2   300      5         0.00      0    21
101     20000     50    10000    3   300      1     10000.00  10000    21
102     20000     50    10000    3   300      2      2756.82     47    21
103     20000     50    10000    3   300      3         9.27     10    21
104     20000     50    10000    3   300      4         0.00      0    21
105     20000     50    10000    3   300      5         0.00      0    21
106     20000     50    10000    1   500      1     10000.00  10000    21
107     20000     50    10000    1   500      2        15.27     14    21
108     20000     50    10000    1   500      3         1.27      0    21
109     20000     50    10000    1   500      4         0.00      0    21
110     20000     50    10000    1   500      5         0.00      0    21
111     20000     50    10000    2   500      1     10000.00  10000    21
112     20000     50    10000    2   500      2      3656.91     40    21
113     20000     50    10000    2   500      3         2.91      1    21
114     20000     50    10000    2   500      4         0.00      0    21
115     20000     50    10000    2   500      5         0.00      0    21
116     20000     50    10000    3   500      1     10000.00  10000    21
117     20000     50    10000    3   500      2      3656.91     40    21
118     20000     50    10000    3   500      3         8.45      7    21
119     20000     50    10000    3   500      4         0.00      0    21
120     20000     50    10000    3   500      5         0.00      0    21
121     20000     50    10000    1  1000      1     10000.00  10000    21
122     20000     50    10000    1  1000      2         9.27     10    21
123     20000     50    10000    1  1000      3         0.36      0    21
124     20000     50    10000    1  1000      4         0.00      0    21
125     20000     50    10000    1  1000      5         0.00      0    21
126     20000     50    10000    2  1000      1     10000.00  10000    21
127     20000     50    10000    2  1000      2      1828.64     14    21
128     20000     50    10000    2  1000      3         1.00      0    21
129     20000     50    10000    2  1000      4         0.00      0    21
130     20000     50    10000    2  1000      5         0.00      0    21
131     20000     50    10000    3  1000      1     10000.00  10000    21
132     20000     50    10000    3  1000      2      1828.64     14    21
133     20000     50    10000    3  1000      3         4.55      4    21
134     20000     50    10000    3  1000      4         0.00      0    21
135     20000     50    10000    3  1000      5         0.00      0    21
136     20000    100    10000    1    10      1     10000.00  10000    21
137     20000    100    10000    1    10      2      1477.64   1385    21
138     20000    100    10000    1    10      3       143.27     60    21
139     20000    100    10000    1    10      4        12.73     14    21
140     20000    100    10000    1    10      5         0.55      1    21
141     20000    100    10000    2    10      1     10000.00  10000    21
142     20000    100    10000    2    10      2     10000.00  10000    21
143     20000    100    10000    2    10      3      1030.09   1023    21
144     20000    100    10000    2    10      4        43.73     44    21
145     20000    100    10000    2    10      5         7.55      9    21
146     20000    100    10000    3    10      1     10000.00  10000    21
147     20000    100    10000    3    10      2     10000.00  10000    21
148     20000    100    10000    3    10      3     10000.00  10000    21
149     20000    100    10000    3    10      4      1068.36   1022    21
150     20000    100    10000    3    10      5       130.55     51    21
151     20000    100    10000    1    20      1     10000.00  10000    21
152     20000    100    10000    1    20      2       764.73    726    21
153     20000    100    10000    1    20      3        70.91     21    21
154     20000    100    10000    1    20      4         2.64      3    21
155     20000    100    10000    1    20      5         0.00      0    21
156     20000    100    10000    2    20      1     10000.00  10000    21
157     20000    100    10000    2    20      2     10000.00  10000    21
158     20000    100    10000    2    20      3       458.73    519    21
159     20000    100    10000    2    20      4        86.45     26    21
160     20000    100    10000    2    20      5         1.18      0    21
161     20000    100    10000    3    20      1     10000.00  10000    21
162     20000    100    10000    3    20      2     10000.00  10000    21
163     20000    100    10000    3    20      3     10000.00  10000    21
164     20000    100    10000    3    20      4       481.27    483    21
165     20000    100    10000    3    20      5        64.45      9    21
166     20000    100    10000    1    30      1     10000.00  10000    21
167     20000    100    10000    1    30      2       483.27    455    21
168     20000    100    10000    1    30      3        65.27    105    21
169     20000    100    10000    1    30      4         1.64      1    21
170     20000    100    10000    1    30      5         0.00      0    21
171     20000    100    10000    2    30      1     10000.00  10000    21
172     20000    100    10000    2    30      2     10000.00  10000    21
173     20000    100    10000    2    30      3       355.82    344    21
174     20000    100    10000    2    30      4        42.91      6    21
175     20000    100    10000    2    30      5         0.73      0    21
176     20000    100    10000    3    30      1     10000.00  10000    21
177     20000    100    10000    3    30      2     10000.00  10000    21
178     20000    100    10000    3    30      3     10000.00  10000    21
179     20000    100    10000    3    30      4      1284.09    433    21
180     20000    100    10000    3    30      5        25.55      7    21
181     20000    100    10000    1    50      1     10000.00  10000    21
182     20000    100    10000    1    50      2       280.18    271    21
183     20000    100    10000    1    50      3        36.73     60    21
184     20000    100    10000    1    50      4         0.09      0    21
185     20000    100    10000    1    50      5         0.00      0    21
186     20000    100    10000    2    50      1     10000.00  10000    21
187     20000    100    10000    2    50      2     10000.00  10000    21
188     20000    100    10000    2    50      3       200.00    209    21
189     20000    100    10000    2    50      4        12.91      2    21
190     20000    100    10000    2    50      5         0.00      0    21
191     20000    100    10000    3    50      1     10000.00  10000    21
192     20000    100    10000    3    50      2     10000.00  10000    21
193     20000    100    10000    3    50      3     10000.00  10000    21
194     20000    100    10000    3    50      4      1988.18    218    21
195     20000    100    10000    3    50      5         1.91      1    21
196     20000    100    10000    1   100      1     10000.00  10000    21
197     20000    100    10000    1   100      2       154.82    160    21
198     20000    100    10000    1   100      3        17.18     27    21
199     20000    100    10000    1   100      4         0.00      0    21
200     20000    100    10000    1   100      5         0.00      0    21
201     20000    100    10000    2   100      1     10000.00  10000    21
202     20000    100    10000    2   100      2     10000.00  10000    21
203     20000    100    10000    2   100      3        92.82     92    21
204     20000    100    10000    2   100      4         9.18      2    21
205     20000    100    10000    2   100      5         0.00      0    21
206     20000    100    10000    3   100      1     10000.00  10000    21
207     20000    100    10000    3   100      2     10000.00  10000    21
208     20000    100    10000    3   100      3     10000.00  10000    21
209     20000    100    10000    3   100      4        97.27     97    21
210     20000    100    10000    3   100      5         5.73      0    21
211     20000    100    10000    1   200      1     10000.00  10000    21
212     20000    100    10000    1   200      2        75.00     73    21
213     20000    100    10000    1   200      3         4.00      0    21
214     20000    100    10000    1   200      4         0.00      0    21
215     20000    100    10000    1   200      5         0.00      0    21
216     20000    100    10000    2   200      1     10000.00  10000    21
217     20000    100    10000    2   200      2     10000.00  10000    21
218     20000    100    10000    2   200      3        45.27     47    21
219     20000    100    10000    2   200      4         1.91      0    21
220     20000    100    10000    2   200      5         0.00      0    21
221     20000    100    10000    3   200      1     10000.00  10000    21
222     20000    100    10000    3   200      2     10000.00  10000    21
223     20000    100    10000    3   200      3     10000.00  10000    21
224     20000    100    10000    3   200      4        51.45     50    21
225     20000    100    10000    3   200      5         2.55      0    21
226     20000    100    10000    1   300      1     10000.00  10000    21
227     20000    100    10000    1   300      2        44.55     45    21
228     20000    100    10000    1   300      3         4.45      0    21
229     20000    100    10000    1   300      4         0.00      0    21
230     20000    100    10000    1   300      5         0.00      0    21
231     20000    100    10000    2   300      1     10000.00  10000    21
232     20000    100    10000    2   300      2     10000.00  10000    21
233     20000    100    10000    2   300      3        31.91     29    21
234     20000    100    10000    2   300      4         0.36      0    21
235     20000    100    10000    2   300      5         0.00      0    21
236     20000    100    10000    3   300      1     10000.00  10000    21
237     20000    100    10000    3   300      2     10000.00  10000    21
238     20000    100    10000    3   300      3     10000.00  10000    21
239     20000    100    10000    3   300      4        34.27     30    21
240     20000    100    10000    3   300      5         2.64      0    21
241     20000    100    10000    1   500      1     10000.00  10000    21
242     20000    100    10000    1   500      2        29.36     29    21
243     20000    100    10000    1   500      3         0.27      0    21
244     20000    100    10000    1   500      4         0.00      0    21
245     20000    100    10000    1   500      5         0.00      0    21
246     20000    100    10000    2   500      1     10000.00  10000    21
247     20000    100    10000    2   500      2     10000.00  10000    21
248     20000    100    10000    2   500      3        21.18     21    21
249     20000    100    10000    2   500      4         0.27      0    21
250     20000    100    10000    2   500      5         0.00      0    21
251     20000    100    10000    3   500      1     10000.00  10000    21
252     20000    100    10000    3   500      2     10000.00  10000    21
253     20000    100    10000    3   500      3     10000.00  10000    21
254     20000    100    10000    3   500      4       928.64     19    21
255     20000    100    10000    3   500      5         1.18      0    21
256     20000    100    10000    1  1000      1     10000.00  10000    21
257     20000    100    10000    1  1000      2        14.64     15    21
258     20000    100    10000    1  1000      3         1.00      0    21
259     20000    100    10000    1  1000      4         0.00      0    21
260     20000    100    10000    1  1000      5         0.00      0    21
261     20000    100    10000    2  1000      1     10000.00  10000    21
262     20000    100    10000    2  1000      2     10000.00  10000    21
263     20000    100    10000    2  1000      3        10.64     11    21
264     20000    100    10000    2  1000      4         0.55      0    21
265     20000    100    10000    2  1000      5         0.00      0    21
266     20000    100    10000    3  1000      1     10000.00  10000    21
267     20000    100    10000    3  1000      2     10000.00  10000    21
268     20000    100    10000    3  1000      3     10000.00  10000    21
269     20000    100    10000    3  1000      4        12.64     14    21
270     20000    100    10000    3  1000      5         1.27      0    21
