timestamp docsize shelfsize copies lifem simlength seed lost docstotal docsokay docsrepairedmajority docsrepairedminority docslost auditcycles auditfrequency auditsegments audittype auditrepairs auditmajority auditminority auditlost glitchfreq glitchimpact glitchdecay glitchmaxlife nglitches serverdefaultlife shockfreq shockimpact shockmaxlife shockspan shocktype nshocks nshockdeaths deadserversactive deadserversall walltime cputime logfilename logfilesize instructionfilename todaysdatetime extractorversion cpuinfo mongoid
20191019_000417 50 1 20 20 500000 521589958 0 10000 0 3020 6980 0 0 0 0 TOTAL 0 0 0 0 0 0 0 0 0 0 0 0 0 0 2 0 0 0 0 80.236 73.024 ../hl20191008/NOAUDIT50/log/doc50cop20shlf1lif20_af0s0tTOTAL_gf0i0d0m0_sh0i0s0m0_svrdeflif0simlen500000_seed521589958.log 51745 hl-extractinstructions.txt 20191019_000538 0.6_20170522 GenuineIntel_fam6mod62step4cor8spd2800.106 ec399a676b572a3c17a1145773d7e23f6a728283_6
20191019_000417 50 1 20 20 500000 751552608 0 10000 0 3140 6860 0 0 0 0 TOTAL 0 0 0 0 0 0 0 0 0 0 0 0 0 0 2 0 0 0 0 80.285 73.285 ../hl20191008/NOAUDIT50/log/doc50cop20shlf1lif20_af0s0tTOTAL_gf0i0d0m0_sh0i0s0m0_svrdeflif0simlen500000_seed751552608.log 51745 hl-extractinstructions.txt 20191019_000538 0.6_20170522 GenuineIntel_fam6mod62step4cor8spd2800.106 ec399a676b572a3c17a1145773d7e23f6a728283_4
20191019_000417 50 1 20 20 500000 862415775 0 10000 0 3007 6993 0 0 0 0 TOTAL 0 0 0 0 0 0 0 0 0 0 0 0 0 0 2 0 0 0 0 80.386 73.527 ../hl20191008/NOAUDIT50/log/doc50cop20shlf1lif20_af0s0tTOTAL_gf0i0d0m0_sh0i0s0m0_svrdeflif0simlen500000_seed862415775.log 51745 hl-extractinstructions.txt 20191019_000538 0.6_20170522 GenuineIntel_fam6mod62step4cor8spd2800.106 ec399a676b572a3c17a1145773d7e23f6a728283_1
20191019_000417 50 1 20 20 500000 993928726 0 10000 0 3003 6997 0 0 0 0 TOTAL 0 0 0 0 0 0 0 0 0 0 0 0 0 0 2 0 0 0 0 80.322 73.261 ../hl20191008/NOAUDIT50/log/doc50cop20shlf1lif20_af0s0tTOTAL_gf0i0d0m0_sh0i0s0m0_svrdeflif0simlen500000_seed993928726.log 51745 hl-extractinstructions.txt 20191019_000538 0.6_20170522 GenuineIntel_fam6mod62step4cor8spd2800.106 ec399a676b572a3c17a1145773d7e23f6a728283_7
20191019_000417 50 1 20 20 500000 160211880 0 10000 0 3062 6938 0 0 0 0 TOTAL 0 0 0 0 0 0 0 0 0 0 0 0 0 0 2 0 0 0 0 80.631 73.716 ../hl20191008/NOAUDIT50/log/doc50cop20shlf1lif20_af0s0tTOTAL_gf0i0d0m0_sh0i0s0m0_svrdeflif0simlen500000_seed160211880.log 51745 hl-extractinstructions.txt 20191019_000538 0.6_20170522 GenuineIntel_fam6mod62step4cor8spd2800.106 ec399a676b572a3c17a1145773d7e23f6a728283_3
20191019_000417 50 1 20 20 500000 616603922 0 10000 0 3089 6911 0 0 0 0 TOTAL 0 0 0 0 0 0 0 0 0 0 0 0 0 0 2 0 0 0 0 80.922 73.858 ../hl20191008/NOAUDIT50/log/doc50cop20shlf1lif20_af0s0tTOTAL_gf0i0d0m0_sh0i0s0m0_svrdeflif0simlen500000_seed616603922.log 51745 hl-extractinstructions.txt 20191019_000538 0.6_20170522 GenuineIntel_fam6mod62step4cor8spd2800.106 ec399a676b572a3c17a1145773d7e23f6a728283_2
20191019_000417 50 1 20 20 500000 790002907 0 10000 0 2964 7036 0 0 0 0 TOTAL 0 0 0 0 0 0 0 0 0 0 0 0 0 0 2 0 0 0 0 80.923 74.006 ../hl20191008/NOAUDIT50/log/doc50cop20shlf1lif20_af0s0tTOTAL_gf0i0d0m0_sh0i0s0m0_svrdeflif0simlen500000_seed790002907.log 51745 hl-extractinstructions.txt 20191019_000538 0.6_20170522 GenuineIntel_fam6mod62step4cor8spd2800.106 ec399a676b572a3c17a1145773d7e23f6a728283_5
20191019_000417 50 1 20 20 500000 391467625 0 10000 0 3043 6957 0 0 0 0 TOTAL 0 0 0 0 0 0 0 0 0 0 0 0 0 0 2 0 0 0 0 80.917 73.734 ../hl20191008/NOAUDIT50/log/doc50cop20shlf1lif20_af0s0tTOTAL_gf0i0d0m0_sh0i0s0m0_svrdeflif0simlen500000_seed391467625.log 51747 hl-extractinstructions.txt 20191019_000538 0.6_20170522 GenuineIntel_fam6mod62step4cor8spd2800.106 ec399a676b572a3c17a1145773d7e23f6a728283_10
20191019_000417 50 1 20 20 500000 209425884 1 10000 0 3116 6883 1 0 0 0 TOTAL 0 0 0 0 0 0 0 0 0 0 0 0 0 0 2 0 0 0 0 81.167 74.270 ../hl20191008/NOAUDIT50/log/doc50cop20shlf1lif20_af0s0tTOTAL_gf0i0d0m0_sh0i0s0m0_svrdeflif0simlen500000_seed209425884.log 51744 hl-extractinstructions.txt 20191019_000539 0.6_20170522 GenuineIntel_fam6mod62step4cor8spd2800.106 ec399a676b572a3c17a1145773d7e23f6a728283_9
20191019_000417 50 1 20 20 500000 133671816 0 10000 0 3122 6878 0 0 0 0 TOTAL 0 0 0 0 0 0 0 0 0 0 0 0 0 0 2 0 0 0 0 81.215 74.100 ../hl20191008/NOAUDIT50/log/doc50cop20shlf1lif20_af0s0tTOTAL_gf0i0d0m0_sh0i0s0m0_svrdeflif0simlen500000_seed133671816.log 51745 hl-extractinstructions.txt 20191019_000539 0.6_20170522 GenuineIntel_fam6mod62step4cor8spd2800.106 ec399a676b572a3c17a1145773d7e23f6a728283_8
20191019_000417 50 1 20 20 500000 480102295 0 10000 0 3027 6973 0 0 0 0 TOTAL 0 0 0 0 0 0 0 0 0 0 0 0 0 0 2 0 0 0 0 81.200 74.319 ../hl20191008/NOAUDIT50/log/doc50cop20shlf1lif20_af0s0tTOTAL_gf0i0d0m0_sh0i0s0m0_svrdeflif0simlen500000_seed480102295.log 51747 hl-extractinstructions.txt 20191019_000539 0.6_20170522 GenuineIntel_fam6mod62step4cor8spd2800.106 ec399a676b572a3c17a1145773d7e23f6a728283_11
20191019_000357 50 1 20 10 500000 521589958 223 10000 0 18 9759 223 0 0 0 TOTAL 0 0 0 0 0 0 0 0 0 0 0 0 0 0 2 0 0 0 0 114.702 110.711 ../hl20191008/NOAUDIT50/log/doc50cop20shlf1lif10_af0s0tTOTAL_gf0i0d0m0_sh0i0s0m0_svrdeflif0simlen500000_seed521589958.log 51768 hl-extractinstructions.txt 20191019_000552 0.6_20170522 GenuineIntel_fam6mod62step4cor8spd2800.106 50a6a55ca1414e00eb293ff1bd49188a03e3e1af_6
20191019_000357 50 1 20 10 500000 790002907 206 10000 0 7 9787 206 0 0 0 TOTAL 0 0 0 0 0 0 0 0 0 0 0 0 0 0 2 0 0 0 0 115.409 111.610 ../hl20191008/NOAUDIT50/log/doc50cop20shlf1lif10_af0s0tTOTAL_gf0i0d0m0_sh0i0s0m0_svrdeflif0simlen500000_seed790002907.log 51767 hl-extractinstructions.txt 20191019_000553 0.6_20170522 GenuineIntel_fam6mod62step4cor8spd2800.106 50a6a55ca1414e00eb293ff1bd49188a03e3e1af_5
20191019_000357 50 1 20 10 500000 616603922 209 10000 0 9 9782 209 0 0 0 TOTAL 0 0 0 0 0 0 0 0 0 0 0 0 0 0 2 0 0 0 0 116.751 112.349 ../hl20191008/NOAUDIT50/log/doc50cop20shlf1lif10_af0s0tTOTAL_gf0i0d0m0_sh0i0s0m0_svrdeflif0simlen500000_seed616603922.log 51767 hl-extractinstructions.txt 20191019_000554 0.6_20170522 GenuineIntel_fam6mod62step4cor8spd2800.106 50a6a55ca1414e00eb293ff1bd49188a03e3e1af_2
20191019_000357 50 1 20 10 500000 209425884 187 10000 0 9 9804 187 0 0 0 TOTAL 0 0 0 0 0 0 0 0 0 0 0 0 0 0 2 0 0 0 0 116.900 112.373 ../hl20191008/NOAUDIT50/log/doc50cop20shlf1lif10_af0s0tTOTAL_gf0i0d0m0_sh0i0s0m0_svrdeflif0simlen500000_seed209425884.log 51767 hl-extractinstructions.txt 20191019_000554 0.6_20170522 GenuineIntel_fam6mod62step4cor8spd2800.106 50a6a55ca1414e00eb293ff1bd49188a03e3e1af_9
20191019_000357 50 1 20 10 500000 862415775 211 10000 0 10 9779 211 0 0 0 TOTAL 0 0 0 0 0 0 0 0 0 0 0 0 0 0 2 0 0 0 0 117.123 113.204 ../hl20191008/NOAUDIT50/log/doc50cop20shlf1lif10_af0s0tTOTAL_gf0i0d0m0_sh0i0s0m0_svrdeflif0simlen500000_seed862415775.log 51768 hl-extractinstructions.txt 20191019_000554 0.6_20170522 GenuineIntel_fam6mod62step4cor8spd2800.106 50a6a55ca1414e00eb293ff1bd49188a03e3e1af_1
20191019_000357 50 1 20 10 500000 993928726 219 10000 0 13 9768 219 0 0 0 TOTAL 0 0 0 0 0 0 0 0 0 0 0 0 0 0 2 0 0 0 0 117.157 111.134 ../hl20191008/NOAUDIT50/log/doc50cop20shlf1lif10_af0s0tTOTAL_gf0i0d0m0_sh0i0s0m0_svrdeflif0simlen500000_seed993928726.log 51768 hl-extractinstructions.txt 20191019_000554 0.6_20170522 GenuineIntel_fam6mod62step4cor8spd2800.106 50a6a55ca1414e00eb293ff1bd49188a03e3e1af_7
20191019_000357 50 1 20 10 500000 160211880 198 10000 0 13 9789 198 0 0 0 TOTAL 0 0 0 0 0 0 0 0 0 0 0 0 0 0 2 0 0 0 0 118.719 114.540 ../hl20191008/NOAUDIT50/log/doc50cop20shlf1lif10_af0s0tTOTAL_gf0i0d0m0_sh0i0s0m0_svrdeflif0simlen500000_seed160211880.log 51768 hl-extractinstructions.txt 20191019_000556 0.6_20170522 GenuineIntel_fam6mod62step4cor8spd2800.106 50a6a55ca1414e00eb293ff1bd49188a03e3e1af_3
20191019_000357 50 1 20 10 500000 133671816 226 10000 0 8 9766 226 0 0 0 TOTAL 0 0 0 0 0 0 0 0 0 0 0 0 0 0 2 0 0 0 0 121.058 117.160 ../hl20191008/NOAUDIT50/log/doc50cop20shlf1lif10_af0s0tTOTAL_gf0i0d0m0_sh0i0s0m0_svrdeflif0simlen500000_seed133671816.log 51767 hl-extractinstructions.txt 20191019_000558 0.6_20170522 GenuineIntel_fam6mod62step4cor8spd2800.106 50a6a55ca1414e00eb293ff1bd49188a03e3e1af_8
20191019_000357 50 1 20 10 500000 751552608 179 10000 0 10 9811 179 0 0 0 TOTAL 0 0 0 0 0 0 0 0 0 0 0 0 0 0 2 0 0 0 0 121.699 117.404 ../hl20191008/NOAUDIT50/log/doc50cop20shlf1lif10_af0s0tTOTAL_gf0i0d0m0_sh0i0s0m0_svrdeflif0simlen500000_seed751552608.log 51767 hl-extractinstructions.txt 20191019_000559 0.6_20170522 GenuineIntel_fam6mod62step4cor8spd2800.106 50a6a55ca1414e00eb293ff1bd49188a03e3e1af_4
20191019_000417 50 1 20 10 500000 880215307 198 10000 0 17 9785 198 0 0 0 TOTAL 0 0 0 0 0 0 0 0 0 0 0 0 0 0 2 0 0 0 0 130.525 123.424 ../hl20191008/NOAUDIT50/log/doc50cop20shlf1lif10_af0s0tTOTAL_gf0i0d0m0_sh0i0s0m0_svrdeflif0simlen500000_seed880215307.log 51770 hl-extractinstructions.txt 20191019_000628 0.6_20170522 GenuineIntel_fam6mod62step4cor8spd2800.106 50a6a55ca1414e00eb293ff1bd49188a03e3e1af_13
20191019_000417 50 1 20 10 500000 364192286 214 10000 0 9 9777 214 0 0 0 TOTAL 0 0 0 0 0 0 0 0 0 0 0 0 0 0 2 0 0 0 0 130.616 123.729 ../hl20191008/NOAUDIT50/log/doc50cop20shlf1lif10_af0s0tTOTAL_gf0i0d0m0_sh0i0s0m0_svrdeflif0simlen500000_seed364192286.log 51768 hl-extractinstructions.txt 20191019_000628 0.6_20170522 GenuineIntel_fam6mod62step4cor8spd2800.106 50a6a55ca1414e00eb293ff1bd49188a03e3e1af_12
20191019_000417 50 1 20 10 500000 106595100 183 10000 0 12 9805 183 0 0 0 TOTAL 0 0 0 0 0 0 0 0 0 0 0 0 0 0 2 0 0 0 0 131.443 124.490 ../hl20191008/NOAUDIT50/log/doc50cop20shlf1lif10_af0s0tTOTAL_gf0i0d0m0_sh0i0s0m0_svrdeflif0simlen500000_seed106595100.log 51769 hl-extractinstructions.txt 20191019_000629 0.6_20170522 GenuineIntel_fam6mod62step4cor8spd2800.106 50a6a55ca1414e00eb293ff1bd49188a03e3e1af_15
20191019_000417 50 1 20 10 500000 761862692 218 10000 0 8 9774 218 0 0 0 TOTAL 0 0 0 0 0 0 0 0 0 0 0 0 0 0 2 0 0 0 0 131.597 124.502 ../hl20191008/NOAUDIT50/log/doc50cop20shlf1lif10_af0s0tTOTAL_gf0i0d0m0_sh0i0s0m0_svrdeflif0simlen500000_seed761862692.log 51769 hl-extractinstructions.txt 20191019_000629 0.6_20170522 GenuineIntel_fam6mod62step4cor8spd2800.106 50a6a55ca1414e00eb293ff1bd49188a03e3e1af_19
20191019_000417 50 1 20 10 500000 631064730 219 10000 0 10 9771 219 0 0 0 TOTAL 0 0 0 0 0 0 0 0 0 0 0 0 0 0 2 0 0 0 0 131.811 124.798 ../hl20191008/NOAUDIT50/log/doc50cop20shlf1lif10_af0s0tTOTAL_gf0i0d0m0_sh0i0s0m0_svrdeflif0simlen500000_seed631064730.log 51770 hl-extractinstructions.txt 20191019_000629 0.6_20170522 GenuineIntel_fam6mod62step4cor8spd2800.106 50a6a55ca1414e00eb293ff1bd49188a03e3e1af_17
20191019_000417 50 1 20 10 500000 601514327 197 10000 0 7 9796 197 0 0 0 TOTAL 0 0 0 0 0 0 0 0 0 0 0 0 0 0 2 0 0 0 0 131.895 124.787 ../hl20191008/NOAUDIT50/log/doc50cop20shlf1lif10_af0s0tTOTAL_gf0i0d0m0_sh0i0s0m0_svrdeflif0simlen500000_seed601514327.log 51769 hl-extractinstructions.txt 20191019_000629 0.6_20170522 GenuineIntel_fam6mod62step4cor8spd2800.106 50a6a55ca1414e00eb293ff1bd49188a03e3e1af_20
20191019_000417 50 1 20 10 500000 391467625 195 10000 0 6 9799 195 0 0 0 TOTAL 0 0 0 0 0 0 0 0 0 0 0 0 0 0 2 0 0 0 0 132.359 124.978 ../hl20191008/NOAUDIT50/log/doc50cop20shlf1lif10_af0s0tTOTAL_gf0i0d0m0_sh0i0s0m0_svrdeflif0simlen500000_seed391467625.log 51769 hl-extractinstructions.txt 20191019_000630 0.6_20170522 GenuineIntel_fam6mod62step4cor8spd2800.106 50a6a55ca1414e00eb293ff1bd49188a03e3e1af_10
20191019_000417 50 1 20 10 500000 257388880 199 10000 0 4 9797 199 0 0 0 TOTAL 0 0 0 0 0 0 0 0 0 0 0 0 0 0 2 0 0 0 0 132.524 125.519 ../hl20191008/NOAUDIT50/log/doc50cop20shlf1lif10_af0s0tTOTAL_gf0i0d0m0_sh0i0s0m0_svrdeflif0simlen500000_seed257388880.log 51769 hl-extractinstructions.txt 20191019_000630 0.6_20170522 GenuineIntel_fam6mod62step4cor8spd2800.106 50a6a55ca1414e00eb293ff1bd49188a03e3e1af_16
20191019_000417 50 1 20 10 500000 480102295 211 10000 0 6 9783 211 0 0 0 TOTAL 0 0 0 0 0 0 0 0 0 0 0 0 0 0 2 0 0 0 0 133.587 125.200 ../hl20191008/NOAUDIT50/log/doc50cop20shlf1lif10_af0s0tTOTAL_gf0i0d0m0_sh0i0s0m0_svrdeflif0simlen500000_seed480102295.log 51769 hl-extractinstructions.txt 20191019_000631 0.6_20170522 GenuineIntel_fam6mod62step4cor8spd2800.106 50a6a55ca1414e00eb293ff1bd49188a03e3e1af_11
20191019_000417 50 1 20 10 500000 615287595 186 10000 0 5 9809 186 0 0 0 TOTAL 0 0 0 0 0 0 0 0 0 0 0 0 0 0 2 0 0 0 0 133.947 126.349 ../hl20191008/NOAUDIT50/log/doc50cop20shlf1lif10_af0s0tTOTAL_gf0i0d0m0_sh0i0s0m0_svrdeflif0simlen500000_seed615287595.log 51769 hl-extractinstructions.txt 20191019_000631 0.6_20170522 GenuineIntel_fam6mod62step4cor8spd2800.106 50a6a55ca1414e00eb293ff1bd49188a03e3e1af_18
20191019_000417 50 1 20 10 500000 221069975 227 10000 0 8 9765 227 0 0 0 TOTAL 0 0 0 0 0 0 0 0 0 0 0 0 0 0 2 0 0 0 0 137.546 130.259 ../hl20191008/NOAUDIT50/log/doc50cop20shlf1lif10_af0s0tTOTAL_gf0i0d0m0_sh0i0s0m0_svrdeflif0simlen500000_seed221069975.log 51769 hl-extractinstructions.txt 20191019_000635 0.6_20170522 GenuineIntel_fam6mod62step4cor8spd2800.106 50a6a55ca1414e00eb293ff1bd49188a03e3e1af_21
20191019_000417 50 1 20 10 500000 105327160 212 10000 0 12 9776 212 0 0 0 TOTAL 0 0 0 0 0 0 0 0 0 0 0 0 0 0 2 0 0 0 0 141.256 133.994 ../hl20191008/NOAUDIT50/log/doc50cop20shlf1lif10_af0s0tTOTAL_gf0i0d0m0_sh0i0s0m0_svrdeflif0simlen500000_seed105327160.log 51769 hl-extractinstructions.txt 20191019_000639 0.6_20170522 GenuineIntel_fam6mod62step4cor8spd2800.106 50a6a55ca1414e00eb293ff1bd49188a03e3e1af_14
20191019_000540 50 1 20 30 500000 862415775 0 10000 0 7836 2164 0 0 0 0 TOTAL 0 0 0 0 0 0 0 0 0 0 0 0 0 0 2 0 0 0 0 60.506 53.187 ../hl20191008/NOAUDIT50/log/doc50cop20shlf1lif30_af0s0tTOTAL_gf0i0d0m0_sh0i0s0m0_svrdeflif0simlen500000_seed862415775.log 51724 hl-extractinstructions.txt 20191019_000640 0.6_20170522 GenuineIntel_fam6mod62step4cor8spd2800.106 9fd6fc4415f3fa19dad274cf9c77dfcf9d467695_1
20191019_000553 50 1 20 30 500000 616603922 0 10000 0 7867 2133 0 0 0 0 TOTAL 0 0 0 0 0 0 0 0 0 0 0 0 0 0 2 0 0 0 0 58.561 51.574 ../hl20191008/NOAUDIT50/log/doc50cop20shlf1lif30_af0s0tTOTAL_gf0i0d0m0_sh0i0s0m0_svrdeflif0simlen500000_seed616603922.log 51724 hl-extractinstructions.txt 20191019_000652 0.6_20170522 GenuineIntel_fam6mod62step4cor8spd2800.106 9fd6fc4415f3fa19dad274cf9c77dfcf9d467695_2
20191019_000554 50 1 20 30 500000 160211880 0 10000 0 7836 2164 0 0 0 0 TOTAL 0 0 0 0 0 0 0 0 0 0 0 0 0 0 2 0 0 0 0 61.102 53.599 ../hl20191008/NOAUDIT50/log/doc50cop20shlf1lif30_af0s0tTOTAL_gf0i0d0m0_sh0i0s0m0_svrdeflif0simlen500000_seed160211880.log 51724 hl-extractinstructions.txt 20191019_000655 0.6_20170522 GenuineIntel_fam6mod62step4cor8spd2800.106 9fd6fc4415f3fa19dad274cf9c77dfcf9d467695_3
20191019_000555 50 1 20 30 500000 521589958 0 10000 0 7783 2217 0 0 0 0 TOTAL 0 0 0 0 0 0 0 0 0 0 0 0 0 0 2 0 0 0 0 59.755 52.735 ../hl20191008/NOAUDIT50/log/doc50cop20shlf1lif30_af0s0tTOTAL_gf0i0d0m0_sh0i0s0m0_svrdeflif0simlen500000_seed521589958.log 51724 hl-extractinstructions.txt 20191019_000655 0.6_20170522 GenuineIntel_fam6mod62step4cor8spd2800.106 9fd6fc4415f3fa19dad274cf9c77dfcf9d467695_6
20191019_000555 50 1 20 30 500000 751552608 0 10000 0 7854 2146 0 0 0 0 TOTAL 0 0 0 0 0 0 0 0 0 0 0 0 0 0 2 0 0 0 0 60.293 53.186 ../hl20191008/NOAUDIT50/log/doc50cop20shlf1lif30_af0s0tTOTAL_gf0i0d0m0_sh0i0s0m0_svrdeflif0simlen500000_seed751552608.log 51724 hl-extractinstructions.txt 20191019_000656 0.6_20170522 GenuineIntel_fam6mod62step4cor8spd2800.106 9fd6fc4415f3fa19dad274cf9c77dfcf9d467695_4
20191019_000555 50 1 20 30 500000 790002907 0 10000 0 7782 2218 0 0 0 0 TOTAL 0 0 0 0 0 0 0 0 0 0 0 0 0 0 2 0 0 0 0 60.754 53.533 ../hl20191008/NOAUDIT50/log/doc50cop20shlf1lif30_af0s0tTOTAL_gf0i0d0m0_sh0i0s0m0_svrdeflif0simlen500000_seed790002907.log 51724 hl-extractinstructions.txt 20191019_000656 0.6_20170522 GenuineIntel_fam6mod62step4cor8spd2800.106 9fd6fc4415f3fa19dad274cf9c77dfcf9d467695_5
20191019_000555 50 1 20 30 500000 993928726 0 10000 0 7811 2189 0 0 0 0 TOTAL 0 0 0 0 0 0 0 0 0 0 0 0 0 0 2 0 0 0 0 62.218 54.788 ../hl20191008/NOAUDIT50/log/doc50cop20shlf1lif30_af0s0tTOTAL_gf0i0d0m0_sh0i0s0m0_svrdeflif0simlen500000_seed993928726.log 51723 hl-extractinstructions.txt 20191019_000658 0.6_20170522 GenuineIntel_fam6mod62step4cor8spd2800.106 9fd6fc4415f3fa19dad274cf9c77dfcf9d467695_7
20191019_000557 50 1 20 30 500000 133671816 0 10000 0 7839 2161 0 0 0 0 TOTAL 0 0 0 0 0 0 0 0 0 0 0 0 0 0 2 0 0 0 0 60.901 53.943 ../hl20191008/NOAUDIT50/log/doc50cop20shlf1lif30_af0s0tTOTAL_gf0i0d0m0_sh0i0s0m0_svrdeflif0simlen500000_seed133671816.log 51724 hl-extractinstructions.txt 20191019_000658 0.6_20170522 GenuineIntel_fam6mod62step4cor8spd2800.106 9fd6fc4415f3fa19dad274cf9c77dfcf9d467695_8
20191019_000539 50 1 20 20 500000 601514327 0 10000 0 3132 6868 0 0 0 0 TOTAL 0 0 0 0 0 0 0 0 0 0 0 0 0 0 2 0 0 0 0 78.725 71.231 ../hl20191008/NOAUDIT50/log/doc50cop20shlf1lif20_af0s0tTOTAL_gf0i0d0m0_sh0i0s0m0_svrdeflif0simlen500000_seed601514327.log 51747 hl-extractinstructions.txt 20191019_000659 0.6_20170522 GenuineIntel_fam6mod62step4cor8spd2800.106 ec399a676b572a3c17a1145773d7e23f6a728283_20
20191019_000539 50 1 20 20 500000 761862692 2 10000 0 3077 6921 2 0 0 0 TOTAL 0 0 0 0 0 0 0 0 0 0 0 0 0 0 2 0 0 0 0 79.295 71.895 ../hl20191008/NOAUDIT50/log/doc50cop20shlf1lif20_af0s0tTOTAL_gf0i0d0m0_sh0i0s0m0_svrdeflif0simlen500000_seed761862692.log 51746 hl-extractinstructions.txt 20191019_000659 0.6_20170522 GenuineIntel_fam6mod62step4cor8spd2800.106 ec399a676b572a3c17a1145773d7e23f6a728283_19
20191019_000539 50 1 20 20 500000 105327160 0 10000 0 3120 6880 0 0 0 0 TOTAL 0 0 0 0 0 0 0 0 0 0 0 0 0 0 2 0 0 0 0 80.025 73.002 ../hl20191008/NOAUDIT50/log/doc50cop20shlf1lif20_af0s0tTOTAL_gf0i0d0m0_sh0i0s0m0_svrdeflif0simlen500000_seed105327160.log 51746 hl-extractinstructions.txt 20191019_000659 0.6_20170522 GenuineIntel_fam6mod62step4cor8spd2800.106 ec399a676b572a3c17a1145773d7e23f6a728283_14
20191019_000559 50 1 20 30 500000 209425884 0 10000 0 7839 2161 0 0 0 0 TOTAL 0 0 0 0 0 0 0 0 0 0 0 0 0 0 2 0 0 0 0 59.466 52.511 ../hl20191008/NOAUDIT50/log/doc50cop20shlf1lif30_af0s0tTOTAL_gf0i0d0m0_sh0i0s0m0_svrdeflif0simlen500000_seed209425884.log 51724 hl-extractinstructions.txt 20191019_000659 0.6_20170522 GenuineIntel_fam6mod62step4cor8spd2800.106 9fd6fc4415f3fa19dad274cf9c77dfcf9d467695_9
20191019_000539 50 1 20 20 500000 631064730 0 10000 0 3109 6891 0 0 0 0 TOTAL 0 0 0 0 0 0 0 0 0 0 0 0 0 0 2 0 0 0 0 79.761 72.552 ../hl20191008/NOAUDIT50/log/doc50cop20shlf1lif20_af0s0tTOTAL_gf0i0d0m0_sh0i0s0m0_svrdeflif0simlen500000_seed631064730.log 51747 hl-extractinstructions.txt 20191019_000659 0.6_20170522 GenuineIntel_fam6mod62step4cor8spd2800.106 ec399a676b572a3c17a1145773d7e23f6a728283_17
20191019_000600 50 1 20 30 500000 391467625 0 10000 0 7756 2244 0 0 0 0 TOTAL 0 0 0 0 0 0 0 0 0 0 0 0 0 0 2 0 0 0 0 59.191 51.990 ../hl20191008/NOAUDIT50/log/doc50cop20shlf1lif30_af0s0tTOTAL_gf0i0d0m0_sh0i0s0m0_svrdeflif0simlen500000_seed391467625.log 51725 hl-extractinstructions.txt 20191019_000659 0.6_20170522 GenuineIntel_fam6mod62step4cor8spd2800.106 9fd6fc4415f3fa19dad274cf9c77dfcf9d467695_10
20191019_000539 50 1 20 20 500000 257388880 0 10000 0 3057 6943 0 0 0 0 TOTAL 0 0 0 0 0 0 0 0 0 0 0 0 0 0 2 0 0 0 0 80.490 73.255 ../hl20191008/NOAUDIT50/log/doc50cop20shlf1lif20_af0s0tTOTAL_gf0i0d0m0_sh0i0s0m0_svrdeflif0simlen500000_seed257388880.log 51747 hl-extractinstructions.txt 20191019_000700 0.6_20170522 GenuineIntel_fam6mod62step4cor8spd2800.106 ec399a676b572a3c17a1145773d7e23f6a728283_16
20191019_000539 50 1 20 20 500000 364192286 0 10000 0 3166 6834 0 0 0 0 TOTAL 0 0 0 0 0 0 0 0 0 0 0 0 0 0 2 0 0 0 0 80.870 73.641 ../hl20191008/NOAUDIT50/log/doc50cop20shlf1lif20_af0s0tTOTAL_gf0i0d0m0_sh0i0s0m0_svrdeflif0simlen500000_seed364192286.log 51747 hl-extractinstructions.txt 20191019_000700 0.6_20170522 GenuineIntel_fam6mod62step4cor8spd2800.106 ec399a676b572a3c17a1145773d7e23f6a728283_12
20191019_000539 50 1 20 20 500000 615287595 0 10000 0 3127 6873 0 0 0 0 TOTAL 0 0 0 0 0 0 0 0 0 0 0 0 0 0 2 0 0 0 0 80.600 73.013 ../hl20191008/NOAUDIT50/log/doc50cop20shlf1lif20_af0s0tTOTAL_gf0i0d0m0_sh0i0s0m0_svrdeflif0simlen500000_seed615287595.log 51747 hl-extractinstructions.txt 20191019_000700 0.6_20170522 GenuineIntel_fam6mod62step4cor8spd2800.106 ec399a676b572a3c17a1145773d7e23f6a728283_18
20191019_000540 50 1 20 20 500000 221069975 0 10000 0 3060 6940 0 0 0 0 TOTAL 0 0 0 0 0 0 0 0 0 0 0 0 0 0 2 0 0 0 0 80.458 72.963 ../hl20191008/NOAUDIT50/log/doc50cop20shlf1lif20_af0s0tTOTAL_gf0i0d0m0_sh0i0s0m0_svrdeflif0simlen500000_seed221069975.log 51747 hl-extractinstructions.txt 20191019_000700 0.6_20170522 GenuineIntel_fam6mod62step4cor8spd2800.106 ec399a676b572a3c17a1145773d7e23f6a728283_21
20191019_000539 50 1 20 20 500000 880215307 0 10000 0 3138 6862 0 0 0 0 TOTAL 0 0 0 0 0 0 0 0 0 0 0 0 0 0 2 0 0 0 0 82.251 74.893 ../hl20191008/NOAUDIT50/log/doc50cop20shlf1lif20_af0s0tTOTAL_gf0i0d0m0_sh0i0s0m0_svrdeflif0simlen500000_seed880215307.log 51747 hl-extractinstructions.txt 20191019_000701 0.6_20170522 GenuineIntel_fam6mod62step4cor8spd2800.106 ec399a676b572a3c17a1145773d7e23f6a728283_13
20191019_000539 50 1 20 20 500000 106595100 0 10000 0 3057 6943 0 0 0 0 TOTAL 0 0 0 0 0 0 0 0 0 0 0 0 0 0 2 0 0 0 0 83.290 75.665 ../hl20191008/NOAUDIT50/log/doc50cop20shlf1lif20_af0s0tTOTAL_gf0i0d0m0_sh0i0s0m0_svrdeflif0simlen500000_seed106595100.log 51747 hl-extractinstructions.txt 20191019_000702 0.6_20170522 GenuineIntel_fam6mod62step4cor8spd2800.106 ec399a676b572a3c17a1145773d7e23f6a728283_15
20191019_000640 50 1 20 50 500000 862415775 0 10000 9 9859 132 0 0 0 0 TOTAL 0 0 0 0 0 0 0 0 0 0 0 0 0 0 2 0 0 0 0 41.811 34.305 ../hl20191008/NOAUDIT50/log/doc50cop20shlf1lif50_af0s0tTOTAL_gf0i0d0m0_sh0i0s0m0_svrdeflif0simlen500000_seed862415775.log 51661 hl-extractinstructions.txt 20191019_000722 0.6_20170522 GenuineIntel_fam6mod62step4cor8spd2800.106 f7f699f6caf3e715b359645500ca5874c3f42d4d_1
20191019_000641 50 1 20 50 500000 616603922 0 10000 8 9844 148 0 0 0 0 TOTAL 0 0 0 0 0 0 0 0 0 0 0 0 0 0 2 0 0 0 0 41.731 34.329 ../hl20191008/NOAUDIT50/log/doc50cop20shlf1lif50_af0s0tTOTAL_gf0i0d0m0_sh0i0s0m0_svrdeflif0simlen500000_seed616603922.log 51661 hl-extractinstructions.txt 20191019_000724 0.6_20170522 GenuineIntel_fam6mod62step4cor8spd2800.106 f7f699f6caf3e715b359645500ca5874c3f42d4d_2
20191019_000631 50 1 20 30 500000 615287595 0 10000 0 7853 2147 0 0 0 0 TOTAL 0 0 0 0 0 0 0 0 0 0 0 0 0 0 2 0 0 0 0 59.756 52.431 ../hl20191008/NOAUDIT50/log/doc50cop20shlf1lif30_af0s0tTOTAL_gf0i0d0m0_sh0i0s0m0_svrdeflif0simlen500000_seed615287595.log 51725 hl-extractinstructions.txt 20191019_000731 0.6_20170522 GenuineIntel_fam6mod62step4cor8spd2800.106 9fd6fc4415f3fa19dad274cf9c77dfcf9d467695_18
20191019_000629 50 1 20 30 500000 364192286 0 10000 0 7822 2178 0 0 0 0 TOTAL 0 0 0 0 0 0 0 0 0 0 0 0 0 0 2 0 0 0 0 62.050 54.447 ../hl20191008/NOAUDIT50/log/doc50cop20shlf1lif30_af0s0tTOTAL_gf0i0d0m0_sh0i0s0m0_svrdeflif0simlen500000_seed364192286.log 51726 hl-extractinstructions.txt 20191019_000731 0.6_20170522 GenuineIntel_fam6mod62step4cor8spd2800.106 9fd6fc4415f3fa19dad274cf9c77dfcf9d467695_12
20191019_000630 50 1 20 30 500000 106595100 0 10000 0 7797 2203 0 0 0 0 TOTAL 0 0 0 0 0 0 0 0 0 0 0 0 0 0 2 0 0 0 0 61.118 53.331 ../hl20191008/NOAUDIT50/log/doc50cop20shlf1lif30_af0s0tTOTAL_gf0i0d0m0_sh0i0s0m0_svrdeflif0simlen500000_seed106595100.log 51726 hl-extractinstructions.txt 20191019_000732 0.6_20170522 GenuineIntel_fam6mod62step4cor8spd2800.106 9fd6fc4415f3fa19dad274cf9c77dfcf9d467695_15
20191019_000629 50 1 20 30 500000 480102295 0 10000 0 7783 2217 0 0 0 0 TOTAL 0 0 0 0 0 0 0 0 0 0 0 0 0 0 2 0 0 0 0 63.039 55.202 ../hl20191008/NOAUDIT50/log/doc50cop20shlf1lif30_af0s0tTOTAL_gf0i0d0m0_sh0i0s0m0_svrdeflif0simlen500000_seed480102295.log 51726 hl-extractinstructions.txt 20191019_000732 0.6_20170522 GenuineIntel_fam6mod62step4cor8spd2800.106 9fd6fc4415f3fa19dad274cf9c77dfcf9d467695_11
20191019_000630 50 1 20 30 500000 257388880 0 10000 0 7858 2142 0 0 0 0 TOTAL 0 0 0 0 0 0 0 0 0 0 0 0 0 0 2 0 0 0 0 62.360 54.436 ../hl20191008/NOAUDIT50/log/doc50cop20shlf1lif30_af0s0tTOTAL_gf0i0d0m0_sh0i0s0m0_svrdeflif0simlen500000_seed257388880.log 51726 hl-extractinstructions.txt 20191019_000733 0.6_20170522 GenuineIntel_fam6mod62step4cor8spd2800.106 9fd6fc4415f3fa19dad274cf9c77dfcf9d467695_16
20191019_000632 50 1 20 30 500000 761862692 0 10000 0 7788 2212 0 0 0 0 TOTAL 0 0 0 0 0 0 0 0 0 0 0 0 0 0 2 0 0 0 0 60.860 53.277 ../hl20191008/NOAUDIT50/log/doc50cop20shlf1lif30_af0s0tTOTAL_gf0i0d0m0_sh0i0s0m0_svrdeflif0simlen500000_seed761862692.log 51726 hl-extractinstructions.txt 20191019_000733 0.6_20170522 GenuineIntel_fam6mod62step4cor8spd2800.106 9fd6fc4415f3fa19dad274cf9c77dfcf9d467695_19
20191019_000631 50 1 20 30 500000 631064730 0 10000 0 7856 2144 0 0 0 0 TOTAL 0 0 0 0 0 0 0 0 0 0 0 0 0 0 2 0 0 0 0 62.021 54.832 ../hl20191008/NOAUDIT50/log/doc50cop20shlf1lif30_af0s0tTOTAL_gf0i0d0m0_sh0i0s0m0_svrdeflif0simlen500000_seed631064730.log 51726 hl-extractinstructions.txt 20191019_000733 0.6_20170522 GenuineIntel_fam6mod62step4cor8spd2800.106 9fd6fc4415f3fa19dad274cf9c77dfcf9d467695_17
20191019_000630 50 1 20 30 500000 105327160 0 10000 0 7810 2190 0 0 0 0 TOTAL 0 0 0 0 0 0 0 0 0 0 0 0 0 0 2 0 0 0 0 62.921 55.175 ../hl20191008/NOAUDIT50/log/doc50cop20shlf1lif30_af0s0tTOTAL_gf0i0d0m0_sh0i0s0m0_svrdeflif0simlen500000_seed105327160.log 51726 hl-extractinstructions.txt 20191019_000733 0.6_20170522 GenuineIntel_fam6mod62step4cor8spd2800.106 9fd6fc4415f3fa19dad274cf9c77dfcf9d467695_14
20191019_000630 50 1 20 30 500000 880215307 0 10000 0 7848 2152 0 0 0 0 TOTAL 0 0 0 0 0 0 0 0 0 0 0 0 0 0 2 0 0 0 0 63.359 55.471 ../hl20191008/NOAUDIT50/log/doc50cop20shlf1lif30_af0s0tTOTAL_gf0i0d0m0_sh0i0s0m0_svrdeflif0simlen500000_seed880215307.log 51726 hl-extractinstructions.txt 20191019_000733 0.6_20170522 GenuineIntel_fam6mod62step4cor8spd2800.106 9fd6fc4415f3fa19dad274cf9c77dfcf9d467695_13
20191019_000632 50 1 20 30 500000 601514327 0 10000 0 7856 2144 0 0 0 0 TOTAL 0 0 0 0 0 0 0 0 0 0 0 0 0 0 2 0 0 0 0 61.860 54.162 ../hl20191008/NOAUDIT50/log/doc50cop20shlf1lif30_af0s0tTOTAL_gf0i0d0m0_sh0i0s0m0_svrdeflif0simlen500000_seed601514327.log 51726 hl-extractinstructions.txt 20191019_000735 0.6_20170522 GenuineIntel_fam6mod62step4cor8spd2800.106 9fd6fc4415f3fa19dad274cf9c77dfcf9d467695_20
20191019_000653 50 1 20 50 500000 160211880 0 10000 8 9862 130 0 0 0 0 TOTAL 0 0 0 0 0 0 0 0 0 0 0 0 0 0 2 0 0 0 0 42.234 34.506 ../hl20191008/NOAUDIT50/log/doc50cop20shlf1lif50_af0s0tTOTAL_gf0i0d0m0_sh0i0s0m0_svrdeflif0simlen500000_seed160211880.log 51661 hl-extractinstructions.txt 20191019_000736 0.6_20170522 GenuineIntel_fam6mod62step4cor8spd2800.106 f7f699f6caf3e715b359645500ca5874c3f42d4d_3
20191019_000636 50 1 20 30 500000 221069975 0 10000 0 7840 2160 0 0 0 0 TOTAL 0 0 0 0 0 0 0 0 0 0 0 0 0 0 2 0 0 0 0 62.171 54.716 ../hl20191008/NOAUDIT50/log/doc50cop20shlf1lif30_af0s0tTOTAL_gf0i0d0m0_sh0i0s0m0_svrdeflif0simlen500000_seed221069975.log 51726 hl-extractinstructions.txt 20191019_000739 0.6_20170522 GenuineIntel_fam6mod62step4cor8spd2800.106 9fd6fc4415f3fa19dad274cf9c77dfcf9d467695_21
20191019_000656 50 1 20 50 500000 790002907 0 10000 11 9833 156 0 0 0 0 TOTAL 0 0 0 0 0 0 0 0 0 0 0 0 0 0 2 0 0 0 0 41.806 34.222 ../hl20191008/NOAUDIT50/log/doc50cop20shlf1lif50_af0s0tTOTAL_gf0i0d0m0_sh0i0s0m0_svrdeflif0simlen500000_seed790002907.log 51662 hl-extractinstructions.txt 20191019_000739 0.6_20170522 GenuineIntel_fam6mod62step4cor8spd2800.106 f7f699f6caf3e715b359645500ca5874c3f42d4d_5
20191019_000657 50 1 20 50 500000 521589958 0 10000 15 9850 135 0 0 0 0 TOTAL 0 0 0 0 0 0 0 0 0 0 0 0 0 0 2 0 0 0 0 42.518 35.233 ../hl20191008/NOAUDIT50/log/doc50cop20shlf1lif50_af0s0tTOTAL_gf0i0d0m0_sh0i0s0m0_svrdeflif0simlen500000_seed521589958.log 51662 hl-extractinstructions.txt 20191019_000739 0.6_20170522 GenuineIntel_fam6mod62step4cor8spd2800.106 f7f699f6caf3e715b359645500ca5874c3f42d4d_6
20191019_000656 50 1 20 50 500000 751552608 0 10000 16 9866 118 0 0 0 0 TOTAL 0 0 0 0 0 0 0 0 0 0 0 0 0 0 2 0 0 0 0 43.286 35.191 ../hl20191008/NOAUDIT50/log/doc50cop20shlf1lif50_af0s0tTOTAL_gf0i0d0m0_sh0i0s0m0_svrdeflif0simlen500000_seed751552608.log 51662 hl-extractinstructions.txt 20191019_000740 0.6_20170522 GenuineIntel_fam6mod62step4cor8spd2800.106 f7f699f6caf3e715b359645500ca5874c3f42d4d_4
20191019_000657 50 1 20 50 500000 993928726 0 10000 10 9844 146 0 0 0 0 TOTAL 0 0 0 0 0 0 0 0 0 0 0 0 0 0 2 0 0 0 0 43.451 35.507 ../hl20191008/NOAUDIT50/log/doc50cop20shlf1lif50_af0s0tTOTAL_gf0i0d0m0_sh0i0s0m0_svrdeflif0simlen500000_seed993928726.log 51662 hl-extractinstructions.txt 20191019_000741 0.6_20170522 GenuineIntel_fam6mod62step4cor8spd2800.106 f7f699f6caf3e715b359645500ca5874c3f42d4d_7
20191019_000659 50 1 20 50 500000 209425884 0 10000 12 9840 148 0 0 0 0 TOTAL 0 0 0 0 0 0 0 0 0 0 0 0 0 0 2 0 0 0 0 42.117 34.776 ../hl20191008/NOAUDIT50/log/doc50cop20shlf1lif50_af0s0tTOTAL_gf0i0d0m0_sh0i0s0m0_svrdeflif0simlen500000_seed209425884.log 51662 hl-extractinstructions.txt 20191019_000742 0.6_20170522 GenuineIntel_fam6mod62step4cor8spd2800.106 f7f699f6caf3e715b359645500ca5874c3f42d4d_9
20191019_000659 50 1 20 50 500000 133671816 0 10000 11 9845 144 0 0 0 0 TOTAL 0 0 0 0 0 0 0 0 0 0 0 0 0 0 2 0 0 0 0 42.461 34.945 ../hl20191008/NOAUDIT50/log/doc50cop20shlf1lif50_af0s0tTOTAL_gf0i0d0m0_sh0i0s0m0_svrdeflif0simlen500000_seed133671816.log 51662 hl-extractinstructions.txt 20191019_000742 0.6_20170522 GenuineIntel_fam6mod62step4cor8spd2800.106 f7f699f6caf3e715b359645500ca5874c3f42d4d_8
20191019_000700 50 1 20 50 500000 106595100 0 10000 5 9846 149 0 0 0 0 TOTAL 0 0 0 0 0 0 0 0 0 0 0 0 0 0 2 0 0 0 0 41.357 34.058 ../hl20191008/NOAUDIT50/log/doc50cop20shlf1lif50_af0s0tTOTAL_gf0i0d0m0_sh0i0s0m0_svrdeflif0simlen500000_seed106595100.log 51663 hl-extractinstructions.txt 20191019_000742 0.6_20170522 GenuineIntel_fam6mod62step4cor8spd2800.106 f7f699f6caf3e715b359645500ca5874c3f42d4d_15
20191019_000700 50 1 20 50 500000 105327160 0 10000 9 9885 106 0 0 0 0 TOTAL 0 0 0 0 0 0 0 0 0 0 0 0 0 0 2 0 0 0 0 41.724 34.373 ../hl20191008/NOAUDIT50/log/doc50cop20shlf1lif50_af0s0tTOTAL_gf0i0d0m0_sh0i0s0m0_svrdeflif0simlen500000_seed105327160.log 51663 hl-extractinstructions.txt 20191019_000742 0.6_20170522 GenuineIntel_fam6mod62step4cor8spd2800.106 f7f699f6caf3e715b359645500ca5874c3f42d4d_14
20191019_000659 50 1 20 50 500000 391467625 0 10000 14 9833 153 0 0 0 0 TOTAL 0 0 0 0 0 0 0 0 0 0 0 0 0 0 2 0 0 0 0 42.357 35.033 ../hl20191008/NOAUDIT50/log/doc50cop20shlf1lif50_af0s0tTOTAL_gf0i0d0m0_sh0i0s0m0_svrdeflif0simlen500000_seed391467625.log 51664 hl-extractinstructions.txt 20191019_000742 0.6_20170522 GenuineIntel_fam6mod62step4cor8spd2800.106 f7f699f6caf3e715b359645500ca5874c3f42d4d_10
20191019_000701 50 1 20 50 500000 257388880 0 10000 7 9842 151 0 0 0 0 TOTAL 0 0 0 0 0 0 0 0 0 0 0 0 0 0 2 0 0 0 0 41.245 34.035 ../hl20191008/NOAUDIT50/log/doc50cop20shlf1lif50_af0s0tTOTAL_gf0i0d0m0_sh0i0s0m0_svrdeflif0simlen500000_seed257388880.log 51663 hl-extractinstructions.txt 20191019_000742 0.6_20170522 GenuineIntel_fam6mod62step4cor8spd2800.106 f7f699f6caf3e715b359645500ca5874c3f42d4d_16
20191019_000700 50 1 20 50 500000 880215307 0 10000 12 9843 145 0 0 0 0 TOTAL 0 0 0 0 0 0 0 0 0 0 0 0 0 0 2 0 0 0 0 41.924 34.571 ../hl20191008/NOAUDIT50/log/doc50cop20shlf1lif50_af0s0tTOTAL_gf0i0d0m0_sh0i0s0m0_svrdeflif0simlen500000_seed880215307.log 51664 hl-extractinstructions.txt 20191019_000742 0.6_20170522 GenuineIntel_fam6mod62step4cor8spd2800.106 f7f699f6caf3e715b359645500ca5874c3f42d4d_13
20191019_000700 50 1 20 50 500000 480102295 0 10000 11 9876 113 0 0 0 0 TOTAL 0 0 0 0 0 0 0 0 0 0 0 0 0 0 2 0 0 0 0 42.292 34.706 ../hl20191008/NOAUDIT50/log/doc50cop20shlf1lif50_af0s0tTOTAL_gf0i0d0m0_sh0i0s0m0_svrdeflif0simlen500000_seed480102295.log 51664 hl-extractinstructions.txt 20191019_000742 0.6_20170522 GenuineIntel_fam6mod62step4cor8spd2800.106 f7f699f6caf3e715b359645500ca5874c3f42d4d_11
20191019_000701 50 1 20 50 500000 615287595 0 10000 16 9852 132 0 0 0 0 TOTAL 0 0 0 0 0 0 0 0 0 0 0 0 0 0 2 0 0 0 0 41.267 34.163 ../hl20191008/NOAUDIT50/log/doc50cop20shlf1lif50_af0s0tTOTAL_gf0i0d0m0_sh0i0s0m0_svrdeflif0simlen500000_seed615287595.log 51663 hl-extractinstructions.txt 20191019_000742 0.6_20170522 GenuineIntel_fam6mod62step4cor8spd2800.106 f7f699f6caf3e715b359645500ca5874c3f42d4d_18
20191019_000701 50 1 20 50 500000 631064730 0 10000 5 9856 139 0 0 0 0 TOTAL 0 0 0 0 0 0 0 0 0 0 0 0 0 0 2 0 0 0 0 41.561 34.265 ../hl20191008/NOAUDIT50/log/doc50cop20shlf1lif50_af0s0tTOTAL_gf0i0d0m0_sh0i0s0m0_svrdeflif0simlen500000_seed631064730.log 51663 hl-extractinstructions.txt 20191019_000743 0.6_20170522 GenuineIntel_fam6mod62step4cor8spd2800.106 f7f699f6caf3e715b359645500ca5874c3f42d4d_17
20191019_000700 50 1 20 50 500000 364192286 0 10000 4 9867 129 0 0 0 0 TOTAL 0 0 0 0 0 0 0 0 0 0 0 0 0 0 2 0 0 0 0 42.663 35.084 ../hl20191008/NOAUDIT50/log/doc50cop20shlf1lif50_af0s0tTOTAL_gf0i0d0m0_sh0i0s0m0_svrdeflif0simlen500000_seed364192286.log 51663 hl-extractinstructions.txt 20191019_000743 0.6_20170522 GenuineIntel_fam6mod62step4cor8spd2800.106 f7f699f6caf3e715b359645500ca5874c3f42d4d_12
20191019_000701 50 1 20 50 500000 761862692 0 10000 15 9830 155 0 0 0 0 TOTAL 0 0 0 0 0 0 0 0 0 0 0 0 0 0 2 0 0 0 0 41.701 34.467 ../hl20191008/NOAUDIT50/log/doc50cop20shlf1lif50_af0s0tTOTAL_gf0i0d0m0_sh0i0s0m0_svrdeflif0simlen500000_seed761862692.log 51663 hl-extractinstructions.txt 20191019_000743 0.6_20170522 GenuineIntel_fam6mod62step4cor8spd2800.106 f7f699f6caf3e715b359645500ca5874c3f42d4d_19
20191019_000702 50 1 20 50 500000 601514327 0 10000 7 9866 127 0 0 0 0 TOTAL 0 0 0 0 0 0 0 0 0 0 0 0 0 0 2 0 0 0 0 41.761 34.272 ../hl20191008/NOAUDIT50/log/doc50cop20shlf1lif50_af0s0tTOTAL_gf0i0d0m0_sh0i0s0m0_svrdeflif0simlen500000_seed601514327.log 51663 hl-extractinstructions.txt 20191019_000744 0.6_20170522 GenuineIntel_fam6mod62step4cor8spd2800.106 f7f699f6caf3e715b359645500ca5874c3f42d4d_20
20191019_000703 50 1 20 50 500000 221069975 0 10000 11 9842 147 0 0 0 0 TOTAL 0 0 0 0 0 0 0 0 0 0 0 0 0 0 2 0 0 0 0 43.532 36.071 ../hl20191008/NOAUDIT50/log/doc50cop20shlf1lif50_af0s0tTOTAL_gf0i0d0m0_sh0i0s0m0_svrdeflif0simlen500000_seed221069975.log 51664 hl-extractinstructions.txt 20191019_000747 0.6_20170522 GenuineIntel_fam6mod62step4cor8spd2800.106 f7f699f6caf3e715b359645500ca5874c3f42d4d_21
20191019_000723 50 1 20 100 500000 862415775 0 10000 290 9708 2 0 0 0 0 TOTAL 0 0 0 0 0 0 0 0 0 0 0 0 0 0 2 0 0 0 0 25.134 17.801 ../hl20191008/NOAUDIT50/log/doc50cop20shlf1lif100_af0s0tTOTAL_gf0i0d0m0_sh0i0s0m0_svrdeflif0simlen500000_seed862415775.log 51711 hl-extractinstructions.txt 20191019_000748 0.6_20170522 GenuineIntel_fam6mod62step4cor8spd2800.106 db3e94e94101dc066226a289a86d6ae5fadb54c0_1
20191019_000725 50 1 20 100 500000 616603922 0 10000 323 9676 1 0 0 0 0 TOTAL 0 0 0 0 0 0 0 0 0 0 0 0 0 0 2 0 0 0 0 26.132 18.562 ../hl20191008/NOAUDIT50/log/doc50cop20shlf1lif100_af0s0tTOTAL_gf0i0d0m0_sh0i0s0m0_svrdeflif0simlen500000_seed616603922.log 51711 hl-extractinstructions.txt 20191019_000751 0.6_20170522 GenuineIntel_fam6mod62step4cor8spd2800.106 db3e94e94101dc066226a289a86d6ae5fadb54c0_2
20191019_000732 50 1 20 100 500000 160211880 0 10000 313 9686 1 0 0 0 0 TOTAL 0 0 0 0 0 0 0 0 0 0 0 0 0 0 2 0 0 0 0 25.261 18.115 ../hl20191008/NOAUDIT50/log/doc50cop20shlf1lif100_af0s0tTOTAL_gf0i0d0m0_sh0i0s0m0_svrdeflif0simlen500000_seed160211880.log 51711 hl-extractinstructions.txt 20191019_000758 0.6_20170522 GenuineIntel_fam6mod62step4cor8spd2800.106 db3e94e94101dc066226a289a86d6ae5fadb54c0_3
20191019_000732 50 1 20 100 500000 790002907 0 10000 327 9671 2 0 0 0 0 TOTAL 0 0 0 0 0 0 0 0 0 0 0 0 0 0 2 0 0 0 0 24.869 17.920 ../hl20191008/NOAUDIT50/log/doc50cop20shlf1lif100_af0s0tTOTAL_gf0i0d0m0_sh0i0s0m0_svrdeflif0simlen500000_seed790002907.log 51711 hl-extractinstructions.txt 20191019_000758 0.6_20170522 GenuineIntel_fam6mod62step4cor8spd2800.106 db3e94e94101dc066226a289a86d6ae5fadb54c0_5
20191019_000732 50 1 20 100 500000 751552608 0 10000 328 9671 1 0 0 0 0 TOTAL 0 0 0 0 0 0 0 0 0 0 0 0 0 0 2 0 0 0 0 25.495 18.238 ../hl20191008/NOAUDIT50/log/doc50cop20shlf1lif100_af0s0tTOTAL_gf0i0d0m0_sh0i0s0m0_svrdeflif0simlen500000_seed751552608.log 51711 hl-extractinstructions.txt 20191019_000758 0.6_20170522 GenuineIntel_fam6mod62step4cor8spd2800.106 db3e94e94101dc066226a289a86d6ae5fadb54c0_4
20191019_000733 50 1 20 100 500000 521589958 0 10000 304 9696 0 0 0 0 0 TOTAL 0 0 0 0 0 0 0 0 0 0 0 0 0 0 2 0 0 0 0 25.453 18.252 ../hl20191008/NOAUDIT50/log/doc50cop20shlf1lif100_af0s0tTOTAL_gf0i0d0m0_sh0i0s0m0_svrdeflif0simlen500000_seed521589958.log 51711 hl-extractinstructions.txt 20191019_000759 0.6_20170522 GenuineIntel_fam6mod62step4cor8spd2800.106 db3e94e94101dc066226a289a86d6ae5fadb54c0_6
20191019_000734 50 1 20 100 500000 133671816 0 10000 337 9663 0 0 0 0 0 TOTAL 0 0 0 0 0 0 0 0 0 0 0 0 0 0 2 0 0 0 0 25.190 18.066 ../hl20191008/NOAUDIT50/log/doc50cop20shlf1lif100_af0s0tTOTAL_gf0i0d0m0_sh0i0s0m0_svrdeflif0simlen500000_seed133671816.log 51711 hl-extractinstructions.txt 20191019_000759 0.6_20170522 GenuineIntel_fam6mod62step4cor8spd2800.106 db3e94e94101dc066226a289a86d6ae5fadb54c0_8
20191019_000734 50 1 20 100 500000 391467625 0 10000 337 9663 0 0 0 0 0 TOTAL 0 0 0 0 0 0 0 0 0 0 0 0 0 0 2 0 0 0 0 24.870 17.882 ../hl20191008/NOAUDIT50/log/doc50cop20shlf1lif100_af0s0tTOTAL_gf0i0d0m0_sh0i0s0m0_svrdeflif0simlen500000_seed391467625.log 51713 hl-extractinstructions.txt 20191019_000759 0.6_20170522 GenuineIntel_fam6mod62step4cor8spd2800.106 db3e94e94101dc066226a289a86d6ae5fadb54c0_10
20191019_000734 50 1 20 100 500000 993928726 0 10000 309 9690 1 0 0 0 0 TOTAL 0 0 0 0 0 0 0 0 0 0 0 0 0 0 2 0 0 0 0 25.276 18.112 ../hl20191008/NOAUDIT50/log/doc50cop20shlf1lif100_af0s0tTOTAL_gf0i0d0m0_sh0i0s0m0_svrdeflif0simlen500000_seed993928726.log 51711 hl-extractinstructions.txt 20191019_000759 0.6_20170522 GenuineIntel_fam6mod62step4cor8spd2800.106 db3e94e94101dc066226a289a86d6ae5fadb54c0_7
20191019_000734 50 1 20 100 500000 209425884 0 10000 326 9671 3 0 0 0 0 TOTAL 0 0 0 0 0 0 0 0 0 0 0 0 0 0 2 0 0 0 0 25.210 18.018 ../hl20191008/NOAUDIT50/log/doc50cop20shlf1lif100_af0s0tTOTAL_gf0i0d0m0_sh0i0s0m0_svrdeflif0simlen500000_seed209425884.log 51711 hl-extractinstructions.txt 20191019_000800 0.6_20170522 GenuineIntel_fam6mod62step4cor8spd2800.106 db3e94e94101dc066226a289a86d6ae5fadb54c0_9
20191019_000743 50 1 20 200 500000 862415775 0 10000 1790 8210 0 0 0 0 0 TOTAL 0 0 0 0 0 0 0 0 0 0 0 0 0 0 2 0 0 0 0 16.509 9.495 ../hl20191008/NOAUDIT50/log/doc50cop20shlf1lif200_af0s0tTOTAL_gf0i0d0m0_sh0i0s0m0_svrdeflif0simlen500000_seed862415775.log 51630 hl-extractinstructions.txt 20191019_000800 0.6_20170522 GenuineIntel_fam6mod62step4cor8spd2800.106 568aa256a2782fe7e671a5fced814de3846a857e_1
20191019_000743 50 1 20 200 500000 160211880 0 10000 1797 8203 0 0 0 0 0 TOTAL 0 0 0 0 0 0 0 0 0 0 0 0 0 0 2 0 0 0 0 16.449 9.524 ../hl20191008/NOAUDIT50/log/doc50cop20shlf1lif200_af0s0tTOTAL_gf0i0d0m0_sh0i0s0m0_svrdeflif0simlen500000_seed160211880.log 51630 hl-extractinstructions.txt 20191019_000800 0.6_20170522 GenuineIntel_fam6mod62step4cor8spd2800.106 568aa256a2782fe7e671a5fced814de3846a857e_3
20191019_000743 50 1 20 200 500000 616603922 0 10000 1806 8194 0 0 0 0 0 TOTAL 0 0 0 0 0 0 0 0 0 0 0 0 0 0 2 0 0 0 0 16.634 9.569 ../hl20191008/NOAUDIT50/log/doc50cop20shlf1lif200_af0s0tTOTAL_gf0i0d0m0_sh0i0s0m0_svrdeflif0simlen500000_seed616603922.log 51630 hl-extractinstructions.txt 20191019_000800 0.6_20170522 GenuineIntel_fam6mod62step4cor8spd2800.106 568aa256a2782fe7e671a5fced814de3846a857e_2
20191019_000743 50 1 20 200 500000 790002907 0 10000 1786 8214 0 0 0 0 0 TOTAL 0 0 0 0 0 0 0 0 0 0 0 0 0 0 2 0 0 0 0 16.372 9.371 ../hl20191008/NOAUDIT50/log/doc50cop20shlf1lif200_af0s0tTOTAL_gf0i0d0m0_sh0i0s0m0_svrdeflif0simlen500000_seed790002907.log 51629 hl-extractinstructions.txt 20191019_000800 0.6_20170522 GenuineIntel_fam6mod62step4cor8spd2800.106 568aa256a2782fe7e671a5fced814de3846a857e_5
20191019_000743 50 1 20 200 500000 993928726 0 10000 1791 8209 0 0 0 0 0 TOTAL 0 0 0 0 0 0 0 0 0 0 0 0 0 0 2 0 0 0 0 16.282 9.376 ../hl20191008/NOAUDIT50/log/doc50cop20shlf1lif200_af0s0tTOTAL_gf0i0d0m0_sh0i0s0m0_svrdeflif0simlen500000_seed993928726.log 51630 hl-extractinstructions.txt 20191019_000800 0.6_20170522 GenuineIntel_fam6mod62step4cor8spd2800.106 568aa256a2782fe7e671a5fced814de3846a857e_7
20191019_000743 50 1 20 200 500000 751552608 0 10000 1801 8199 0 0 0 0 0 TOTAL 0 0 0 0 0 0 0 0 0 0 0 0 0 0 2 0 0 0 0 16.572 9.578 ../hl20191008/NOAUDIT50/log/doc50cop20shlf1lif200_af0s0tTOTAL_gf0i0d0m0_sh0i0s0m0_svrdeflif0simlen500000_seed751552608.log 51630 hl-extractinstructions.txt 20191019_000800 0.6_20170522 GenuineIntel_fam6mod62step4cor8spd2800.106 568aa256a2782fe7e671a5fced814de3846a857e_4
20191019_000743 50 1 20 200 500000 521589958 0 10000 1746 8254 0 0 0 0 0 TOTAL 0 0 0 0 0 0 0 0 0 0 0 0 0 0 2 0 0 0 0 16.470 9.560 ../hl20191008/NOAUDIT50/log/doc50cop20shlf1lif200_af0s0tTOTAL_gf0i0d0m0_sh0i0s0m0_svrdeflif0simlen500000_seed521589958.log 51630 hl-extractinstructions.txt 20191019_000800 0.6_20170522 GenuineIntel_fam6mod62step4cor8spd2800.106 568aa256a2782fe7e671a5fced814de3846a857e_6
20191019_000744 50 1 20 200 500000 133671816 0 10000 1776 8224 0 0 0 0 0 TOTAL 0 0 0 0 0 0 0 0 0 0 0 0 0 0 2 0 0 0 0 16.366 9.626 ../hl20191008/NOAUDIT50/log/doc50cop20shlf1lif200_af0s0tTOTAL_gf0i0d0m0_sh0i0s0m0_svrdeflif0simlen500000_seed133671816.log 51630 hl-extractinstructions.txt 20191019_000800 0.6_20170522 GenuineIntel_fam6mod62step4cor8spd2800.106 568aa256a2782fe7e671a5fced814de3846a857e_8
20191019_000736 50 1 20 100 500000 364192286 0 10000 301 9699 0 0 0 0 0 TOTAL 0 0 0 0 0 0 0 0 0 0 0 0 0 0 2 0 0 0 0 24.764 17.833 ../hl20191008/NOAUDIT50/log/doc50cop20shlf1lif100_af0s0tTOTAL_gf0i0d0m0_sh0i0s0m0_svrdeflif0simlen500000_seed364192286.log 51712 hl-extractinstructions.txt 20191019_000801 0.6_20170522 GenuineIntel_fam6mod62step4cor8spd2800.106 db3e94e94101dc066226a289a86d6ae5fadb54c0_12
20191019_000744 50 1 20 200 500000 209425884 0 10000 1777 8223 0 0 0 0 0 TOTAL 0 0 0 0 0 0 0 0 0 0 0 0 0 0 2 0 0 0 0 16.285 9.390 ../hl20191008/NOAUDIT50/log/doc50cop20shlf1lif200_af0s0tTOTAL_gf0i0d0m0_sh0i0s0m0_svrdeflif0simlen500000_seed209425884.log 51630 hl-extractinstructions.txt 20191019_000801 0.6_20170522 GenuineIntel_fam6mod62step4cor8spd2800.106 568aa256a2782fe7e671a5fced814de3846a857e_9
20191019_000734 50 1 20 100 500000 480102295 0 10000 336 9664 0 0 0 0 0 TOTAL 0 0 0 0 0 0 0 0 0 0 0 0 0 0 2 0 0 0 0 26.283 19.153 ../hl20191008/NOAUDIT50/log/doc50cop20shlf1lif100_af0s0tTOTAL_gf0i0d0m0_sh0i0s0m0_svrdeflif0simlen500000_seed480102295.log 51713 hl-extractinstructions.txt 20191019_000801 0.6_20170522 GenuineIntel_fam6mod62step4cor8spd2800.106 db3e94e94101dc066226a289a86d6ae5fadb54c0_11
20191019_000737 50 1 20 100 500000 880215307 0 10000 295 9704 1 0 0 0 0 TOTAL 0 0 0 0 0 0 0 0 0 0 0 0 0 0 2 0 0 0 0 25.195 18.228 ../hl20191008/NOAUDIT50/log/doc50cop20shlf1lif100_af0s0tTOTAL_gf0i0d0m0_sh0i0s0m0_svrdeflif0simlen500000_seed880215307.log 51713 hl-extractinstructions.txt 20191019_000802 0.6_20170522 GenuineIntel_fam6mod62step4cor8spd2800.106 db3e94e94101dc066226a289a86d6ae5fadb54c0_13
20191019_000745 50 1 20 200 500000 391467625 0 10000 1771 8229 0 0 0 0 0 TOTAL 0 0 0 0 0 0 0 0 0 0 0 0 0 0 2 0 0 0 0 16.758 9.759 ../hl20191008/NOAUDIT50/log/doc50cop20shlf1lif200_af0s0tTOTAL_gf0i0d0m0_sh0i0s0m0_svrdeflif0simlen500000_seed391467625.log 51632 hl-extractinstructions.txt 20191019_000803 0.6_20170522 GenuineIntel_fam6mod62step4cor8spd2800.106 568aa256a2782fe7e671a5fced814de3846a857e_10
20191019_000739 50 1 20 100 500000 105327160 0 10000 307 9692 1 0 0 0 0 TOTAL 0 0 0 0 0 0 0 0 0 0 0 0 0 0 2 0 0 0 0 24.761 17.750 ../hl20191008/NOAUDIT50/log/doc50cop20shlf1lif100_af0s0tTOTAL_gf0i0d0m0_sh0i0s0m0_svrdeflif0simlen500000_seed105327160.log 51712 hl-extractinstructions.txt 20191019_000805 0.6_20170522 GenuineIntel_fam6mod62step4cor8spd2800.106 db3e94e94101dc066226a289a86d6ae5fadb54c0_14
20191019_000748 50 1 20 200 500000 480102295 0 10000 1758 8242 0 0 0 0 0 TOTAL 0 0 0 0 0 0 0 0 0 0 0 0 0 0 2 0 0 0 0 16.503 9.253 ../hl20191008/NOAUDIT50/log/doc50cop20shlf1lif200_af0s0tTOTAL_gf0i0d0m0_sh0i0s0m0_svrdeflif0simlen500000_seed480102295.log 51632 hl-extractinstructions.txt 20191019_000805 0.6_20170522 GenuineIntel_fam6mod62step4cor8spd2800.106 568aa256a2782fe7e671a5fced814de3846a857e_11
20191019_000740 50 1 20 100 500000 106595100 0 10000 283 9717 0 0 0 0 0 TOTAL 0 0 0 0 0 0 0 0 0 0 0 0 0 0 2 0 0 0 0 25.573 18.941 ../hl20191008/NOAUDIT50/log/doc50cop20shlf1lif100_af0s0tTOTAL_gf0i0d0m0_sh0i0s0m0_svrdeflif0simlen500000_seed106595100.log 51713 hl-extractinstructions.txt 20191019_000806 0.6_20170522 GenuineIntel_fam6mod62step4cor8spd2800.106 db3e94e94101dc066226a289a86d6ae5fadb54c0_15
20191019_000749 50 1 20 200 500000 364192286 0 10000 1793 8207 0 0 0 0 0 TOTAL 0 0 0 0 0 0 0 0 0 0 0 0 0 0 2 0 0 0 0 15.860 8.819 ../hl20191008/NOAUDIT50/log/doc50cop20shlf1lif200_af0s0tTOTAL_gf0i0d0m0_sh0i0s0m0_svrdeflif0simlen500000_seed364192286.log 51632 hl-extractinstructions.txt 20191019_000806 0.6_20170522 GenuineIntel_fam6mod62step4cor8spd2800.106 568aa256a2782fe7e671a5fced814de3846a857e_12
20191019_000740 50 1 20 100 500000 257388880 0 10000 318 9681 1 0 0 0 0 TOTAL 0 0 0 0 0 0 0 0 0 0 0 0 0 0 2 0 0 0 0 25.138 18.132 ../hl20191008/NOAUDIT50/log/doc50cop20shlf1lif100_af0s0tTOTAL_gf0i0d0m0_sh0i0s0m0_svrdeflif0simlen500000_seed257388880.log 51713 hl-extractinstructions.txt 20191019_000806 0.6_20170522 GenuineIntel_fam6mod62step4cor8spd2800.106 db3e94e94101dc066226a289a86d6ae5fadb54c0_16
20191019_000741 50 1 20 100 500000 631064730 0 10000 313 9687 0 0 0 0 0 TOTAL 0 0 0 0 0 0 0 0 0 0 0 0 0 0 2 0 0 0 0 24.937 17.879 ../hl20191008/NOAUDIT50/log/doc50cop20shlf1lif100_af0s0tTOTAL_gf0i0d0m0_sh0i0s0m0_svrdeflif0simlen500000_seed631064730.log 51713 hl-extractinstructions.txt 20191019_000806 0.6_20170522 GenuineIntel_fam6mod62step4cor8spd2800.106 db3e94e94101dc066226a289a86d6ae5fadb54c0_17
20191019_000742 50 1 20 100 500000 615287595 0 10000 309 9690 1 0 0 0 0 TOTAL 0 0 0 0 0 0 0 0 0 0 0 0 0 0 2 0 0 0 0 24.739 17.771 ../hl20191008/NOAUDIT50/log/doc50cop20shlf1lif100_af0s0tTOTAL_gf0i0d0m0_sh0i0s0m0_svrdeflif0simlen500000_seed615287595.log 51713 hl-extractinstructions.txt 20191019_000807 0.6_20170522 GenuineIntel_fam6mod62step4cor8spd2800.106 db3e94e94101dc066226a289a86d6ae5fadb54c0_18
20191019_000743 50 1 20 100 500000 761862692 0 10000 311 9687 2 0 0 0 0 TOTAL 0 0 0 0 0 0 0 0 0 0 0 0 0 0 2 0 0 0 0 25.073 18.011 ../hl20191008/NOAUDIT50/log/doc50cop20shlf1lif100_af0s0tTOTAL_gf0i0d0m0_sh0i0s0m0_svrdeflif0simlen500000_seed761862692.log 51713 hl-extractinstructions.txt 20191019_000808 0.6_20170522 GenuineIntel_fam6mod62step4cor8spd2800.106 db3e94e94101dc066226a289a86d6ae5fadb54c0_19
20191019_000743 50 1 20 100 500000 601514327 0 10000 296 9704 0 0 0 0 0 TOTAL 0 0 0 0 0 0 0 0 0 0 0 0 0 0 2 0 0 0 0 25.177 17.940 ../hl20191008/NOAUDIT50/log/doc50cop20shlf1lif100_af0s0tTOTAL_gf0i0d0m0_sh0i0s0m0_svrdeflif0simlen500000_seed601514327.log 51713 hl-extractinstructions.txt 20191019_000808 0.6_20170522 GenuineIntel_fam6mod62step4cor8spd2800.106 db3e94e94101dc066226a289a86d6ae5fadb54c0_20
20191019_000743 50 1 20 100 500000 221069975 0 10000 309 9691 0 0 0 0 0 TOTAL 0 0 0 0 0 0 0 0 0 0 0 0 0 0 2 0 0 0 0 25.350 17.937 ../hl20191008/NOAUDIT50/log/doc50cop20shlf1lif100_af0s0tTOTAL_gf0i0d0m0_sh0i0s0m0_svrdeflif0simlen500000_seed221069975.log 51713 hl-extractinstructions.txt 20191019_000809 0.6_20170522 GenuineIntel_fam6mod62step4cor8spd2800.106 db3e94e94101dc066226a289a86d6ae5fadb54c0_21
20191019_000752 50 1 20 200 500000 880215307 0 10000 1714 8286 0 0 0 0 0 TOTAL 0 0 0 0 0 0 0 0 0 0 0 0 0 0 2 0 0 0 0 16.360 9.026 ../hl20191008/NOAUDIT50/log/doc50cop20shlf1lif200_af0s0tTOTAL_gf0i0d0m0_sh0i0s0m0_svrdeflif0simlen500000_seed880215307.log 51632 hl-extractinstructions.txt 20191019_000809 0.6_20170522 GenuineIntel_fam6mod62step4cor8spd2800.106 568aa256a2782fe7e671a5fced814de3846a857e_13
20191019_000801 50 1 20 300 500000 862415775 0 10000 3256 6744 0 0 0 0 0 TOTAL 0 0 0 0 0 0 0 0 0 0 0 0 0 0 2 0 0 0 0 13.260 6.243 ../hl20191008/NOAUDIT50/log/doc50cop20shlf1lif300_af0s0tTOTAL_gf0i0d0m0_sh0i0s0m0_svrdeflif0simlen500000_seed862415775.log 51628 hl-extractinstructions.txt 20191019_000814 0.6_20170522 GenuineIntel_fam6mod62step4cor8spd2800.106 527297fe8d6d196b8b3e4b481c33dbafc36bd668_1
20191019_000801 50 1 20 300 500000 133671816 0 10000 3205 6795 0 0 0 0 0 TOTAL 0 0 0 0 0 0 0 0 0 0 0 0 0 0 2 0 0 0 0 12.928 6.033 ../hl20191008/NOAUDIT50/log/doc50cop20shlf1lif300_af0s0tTOTAL_gf0i0d0m0_sh0i0s0m0_svrdeflif0simlen500000_seed133671816.log 51630 hl-extractinstructions.txt 20191019_000815 0.6_20170522 GenuineIntel_fam6mod62step4cor8spd2800.106 527297fe8d6d196b8b3e4b481c33dbafc36bd668_8
20191019_000801 50 1 20 300 500000 751552608 0 10000 3238 6762 0 0 0 0 0 TOTAL 0 0 0 0 0 0 0 0 0 0 0 0 0 0 2 0 0 0 0 13.636 6.321 ../hl20191008/NOAUDIT50/log/doc50cop20shlf1lif300_af0s0tTOTAL_gf0i0d0m0_sh0i0s0m0_svrdeflif0simlen500000_seed751552608.log 51630 hl-extractinstructions.txt 20191019_000815 0.6_20170522 GenuineIntel_fam6mod62step4cor8spd2800.106 527297fe8d6d196b8b3e4b481c33dbafc36bd668_4
20191019_000801 50 1 20 300 500000 616603922 0 10000 3226 6774 0 0 0 0 0 TOTAL 0 0 0 0 0 0 0 0 0 0 0 0 0 0 2 0 0 0 0 13.809 6.361 ../hl20191008/NOAUDIT50/log/doc50cop20shlf1lif300_af0s0tTOTAL_gf0i0d0m0_sh0i0s0m0_svrdeflif0simlen500000_seed616603922.log 51626 hl-extractinstructions.txt 20191019_000815 0.6_20170522 GenuineIntel_fam6mod62step4cor8spd2800.106 527297fe8d6d196b8b3e4b481c33dbafc36bd668_2
20191019_000801 50 1 20 300 500000 160211880 0 10000 3195 6805 0 0 0 0 0 TOTAL 0 0 0 0 0 0 0 0 0 0 0 0 0 0 2 0 0 0 0 13.948 6.535 ../hl20191008/NOAUDIT50/log/doc50cop20shlf1lif300_af0s0tTOTAL_gf0i0d0m0_sh0i0s0m0_svrdeflif0simlen500000_seed160211880.log 51628 hl-extractinstructions.txt 20191019_000815 0.6_20170522 GenuineIntel_fam6mod62step4cor8spd2800.106 527297fe8d6d196b8b3e4b481c33dbafc36bd668_3
20191019_000801 50 1 20 300 500000 790002907 0 10000 3197 6803 0 0 0 0 0 TOTAL 0 0 0 0 0 0 0 0 0 0 0 0 0 0 2 0 0 0 0 13.835 6.564 ../hl20191008/NOAUDIT50/log/doc50cop20shlf1lif300_af0s0tTOTAL_gf0i0d0m0_sh0i0s0m0_svrdeflif0simlen500000_seed790002907.log 51630 hl-extractinstructions.txt 20191019_000815 0.6_20170522 GenuineIntel_fam6mod62step4cor8spd2800.106 527297fe8d6d196b8b3e4b481c33dbafc36bd668_5
20191019_000758 50 1 20 200 500000 105327160 0 10000 1796 8204 0 0 0 0 0 TOTAL 0 0 0 0 0 0 0 0 0 0 0 0 0 0 2 0 0 0 0 16.370 9.427 ../hl20191008/NOAUDIT50/log/doc50cop20shlf1lif200_af0s0tTOTAL_gf0i0d0m0_sh0i0s0m0_svrdeflif0simlen500000_seed105327160.log 51632 hl-extractinstructions.txt 20191019_000815 0.6_20170522 GenuineIntel_fam6mod62step4cor8spd2800.106 568aa256a2782fe7e671a5fced814de3846a857e_14
20191019_000801 50 1 20 300 500000 993928726 0 10000 3154 6846 0 0 0 0 0 TOTAL 0 0 0 0 0 0 0 0 0 0 0 0 0 0 2 0 0 0 0 14.012 6.511 ../hl20191008/NOAUDIT50/log/doc50cop20shlf1lif300_af0s0tTOTAL_gf0i0d0m0_sh0i0s0m0_svrdeflif0simlen500000_seed993928726.log 51630 hl-extractinstructions.txt 20191019_000815 0.6_20170522 GenuineIntel_fam6mod62step4cor8spd2800.106 527297fe8d6d196b8b3e4b481c33dbafc36bd668_7
20191019_000801 50 1 20 300 500000 521589958 0 10000 3107 6893 0 0 0 0 0 TOTAL 0 0 0 0 0 0 0 0 0 0 0 0 0 0 2 0 0 0 0 14.121 6.541 ../hl20191008/NOAUDIT50/log/doc50cop20shlf1lif300_af0s0tTOTAL_gf0i0d0m0_sh0i0s0m0_svrdeflif0simlen500000_seed521589958.log 51628 hl-extractinstructions.txt 20191019_000815 0.6_20170522 GenuineIntel_fam6mod62step4cor8spd2800.106 527297fe8d6d196b8b3e4b481c33dbafc36bd668_6
20191019_000802 50 1 20 300 500000 209425884 0 10000 3175 6825 0 0 0 0 0 TOTAL 0 0 0 0 0 0 0 0 0 0 0 0 0 0 2 0 0 0 0 13.517 6.383 ../hl20191008/NOAUDIT50/log/doc50cop20shlf1lif300_af0s0tTOTAL_gf0i0d0m0_sh0i0s0m0_svrdeflif0simlen500000_seed209425884.log 51629 hl-extractinstructions.txt 20191019_000815 0.6_20170522 GenuineIntel_fam6mod62step4cor8spd2800.106 527297fe8d6d196b8b3e4b481c33dbafc36bd668_9
20191019_000759 50 1 20 200 500000 106595100 0 10000 1763 8237 0 0 0 0 0 TOTAL 0 0 0 0 0 0 0 0 0 0 0 0 0 0 2 0 0 0 0 16.684 9.718 ../hl20191008/NOAUDIT50/log/doc50cop20shlf1lif200_af0s0tTOTAL_gf0i0d0m0_sh0i0s0m0_svrdeflif0simlen500000_seed106595100.log 51632 hl-extractinstructions.txt 20191019_000816 0.6_20170522 GenuineIntel_fam6mod62step4cor8spd2800.106 568aa256a2782fe7e671a5fced814de3846a857e_15
20191019_000802 50 1 20 300 500000 391467625 0 10000 3083 6917 0 0 0 0 0 TOTAL 0 0 0 0 0 0 0 0 0 0 0 0 0 0 2 0 0 0 0 13.812 6.528 ../hl20191008/NOAUDIT50/log/doc50cop20shlf1lif300_af0s0tTOTAL_gf0i0d0m0_sh0i0s0m0_svrdeflif0simlen500000_seed391467625.log 51631 hl-extractinstructions.txt 20191019_000816 0.6_20170522 GenuineIntel_fam6mod62step4cor8spd2800.106 527297fe8d6d196b8b3e4b481c33dbafc36bd668_10
20191019_000802 50 1 20 300 500000 480102295 0 10000 3142 6858 0 0 0 0 0 TOTAL 0 0 0 0 0 0 0 0 0 0 0 0 0 0 2 0 0 0 0 13.890 6.722 ../hl20191008/NOAUDIT50/log/doc50cop20shlf1lif300_af0s0tTOTAL_gf0i0d0m0_sh0i0s0m0_svrdeflif0simlen500000_seed480102295.log 51631 hl-extractinstructions.txt 20191019_000816 0.6_20170522 GenuineIntel_fam6mod62step4cor8spd2800.106 527297fe8d6d196b8b3e4b481c33dbafc36bd668_11
20191019_000759 50 1 20 200 500000 257388880 0 10000 1813 8187 0 0 0 0 0 TOTAL 0 0 0 0 0 0 0 0 0 0 0 0 0 0 2 0 0 0 0 16.986 9.786 ../hl20191008/NOAUDIT50/log/doc50cop20shlf1lif200_af0s0tTOTAL_gf0i0d0m0_sh0i0s0m0_svrdeflif0simlen500000_seed257388880.log 51632 hl-extractinstructions.txt 20191019_000817 0.6_20170522 GenuineIntel_fam6mod62step4cor8spd2800.106 568aa256a2782fe7e671a5fced814de3846a857e_16
20191019_000800 50 1 20 200 500000 631064730 0 10000 1715 8285 0 0 0 0 0 TOTAL 0 0 0 0 0 0 0 0 0 0 0 0 0 0 2 0 0 0 0 16.451 9.370 ../hl20191008/NOAUDIT50/log/doc50cop20shlf1lif200_af0s0tTOTAL_gf0i0d0m0_sh0i0s0m0_svrdeflif0simlen500000_seed631064730.log 51631 hl-extractinstructions.txt 20191019_000817 0.6_20170522 GenuineIntel_fam6mod62step4cor8spd2800.106 568aa256a2782fe7e671a5fced814de3846a857e_17
20191019_000800 50 1 20 200 500000 761862692 0 10000 1722 8278 0 0 0 0 0 TOTAL 0 0 0 0 0 0 0 0 0 0 0 0 0 0 2 0 0 0 0 16.317 9.375 ../hl20191008/NOAUDIT50/log/doc50cop20shlf1lif200_af0s0tTOTAL_gf0i0d0m0_sh0i0s0m0_svrdeflif0simlen500000_seed761862692.log 51632 hl-extractinstructions.txt 20191019_000817 0.6_20170522 GenuineIntel_fam6mod62step4cor8spd2800.106 568aa256a2782fe7e671a5fced814de3846a857e_19
20191019_000800 50 1 20 200 500000 221069975 0 10000 1710 8290 0 0 0 0 0 TOTAL 0 0 0 0 0 0 0 0 0 0 0 0 0 0 2 0 0 0 0 16.248 9.351 ../hl20191008/NOAUDIT50/log/doc50cop20shlf1lif200_af0s0tTOTAL_gf0i0d0m0_sh0i0s0m0_svrdeflif0simlen500000_seed221069975.log 51632 hl-extractinstructions.txt 20191019_000817 0.6_20170522 GenuineIntel_fam6mod62step4cor8spd2800.106 568aa256a2782fe7e671a5fced814de3846a857e_21
20191019_000803 50 1 20 300 500000 364192286 0 10000 3162 6838 0 0 0 0 0 TOTAL 0 0 0 0 0 0 0 0 0 0 0 0 0 0 2 0 0 0 0 13.352 6.307 ../hl20191008/NOAUDIT50/log/doc50cop20shlf1lif300_af0s0tTOTAL_gf0i0d0m0_sh0i0s0m0_svrdeflif0simlen500000_seed364192286.log 51632 hl-extractinstructions.txt 20191019_000817 0.6_20170522 GenuineIntel_fam6mod62step4cor8spd2800.106 527297fe8d6d196b8b3e4b481c33dbafc36bd668_12
20191019_000800 50 1 20 200 500000 615287595 0 10000 1742 8258 0 0 0 0 0 TOTAL 0 0 0 0 0 0 0 0 0 0 0 0 0 0 2 0 0 0 0 16.484 9.240 ../hl20191008/NOAUDIT50/log/doc50cop20shlf1lif200_af0s0tTOTAL_gf0i0d0m0_sh0i0s0m0_svrdeflif0simlen500000_seed615287595.log 51632 hl-extractinstructions.txt 20191019_000817 0.6_20170522 GenuineIntel_fam6mod62step4cor8spd2800.106 568aa256a2782fe7e671a5fced814de3846a857e_18
20191019_000800 50 1 20 200 500000 601514327 0 10000 1789 8211 0 0 0 0 0 TOTAL 0 0 0 0 0 0 0 0 0 0 0 0 0 0 2 0 0 0 0 16.621 9.396 ../hl20191008/NOAUDIT50/log/doc50cop20shlf1lif200_af0s0tTOTAL_gf0i0d0m0_sh0i0s0m0_svrdeflif0simlen500000_seed601514327.log 51632 hl-extractinstructions.txt 20191019_000817 0.6_20170522 GenuineIntel_fam6mod62step4cor8spd2800.106 568aa256a2782fe7e671a5fced814de3846a857e_20
20191019_000804 50 1 20 300 500000 880215307 0 10000 3071 6929 0 0 0 0 0 TOTAL 0 0 0 0 0 0 0 0 0 0 0 0 0 0 2 0 0 0 0 13.742 6.480 ../hl20191008/NOAUDIT50/log/doc50cop20shlf1lif300_af0s0tTOTAL_gf0i0d0m0_sh0i0s0m0_svrdeflif0simlen500000_seed880215307.log 51630 hl-extractinstructions.txt 20191019_000818 0.6_20170522 GenuineIntel_fam6mod62step4cor8spd2800.106 527297fe8d6d196b8b3e4b481c33dbafc36bd668_13
20191019_000806 50 1 20 300 500000 105327160 0 10000 3175 6825 0 0 0 0 0 TOTAL 0 0 0 0 0 0 0 0 0 0 0 0 0 0 2 0 0 0 0 13.249 6.016 ../hl20191008/NOAUDIT50/log/doc50cop20shlf1lif300_af0s0tTOTAL_gf0i0d0m0_sh0i0s0m0_svrdeflif0simlen500000_seed105327160.log 51630 hl-extractinstructions.txt 20191019_000819 0.6_20170522 GenuineIntel_fam6mod62step4cor8spd2800.106 527297fe8d6d196b8b3e4b481c33dbafc36bd668_14
20191019_000806 50 1 20 300 500000 106595100 0 10000 3147 6853 0 0 0 0 0 TOTAL 0 0 0 0 0 0 0 0 0 0 0 0 0 0 2 0 0 0 0 13.147 6.279 ../hl20191008/NOAUDIT50/log/doc50cop20shlf1lif300_af0s0tTOTAL_gf0i0d0m0_sh0i0s0m0_svrdeflif0simlen500000_seed106595100.log 51631 hl-extractinstructions.txt 20191019_000820 0.6_20170522 GenuineIntel_fam6mod62step4cor8spd2800.106 527297fe8d6d196b8b3e4b481c33dbafc36bd668_15
20191019_000809 50 1 20 500 500000 862415775 0 10000 5111 4889 0 0 0 0 0 TOTAL 0 0 0 0 0 0 0 0 0 0 0 0 0 0 2 0 0 0 0 10.420 3.592 ../hl20191008/NOAUDIT50/log/doc50cop20shlf1lif500_af0s0tTOTAL_gf0i0d0m0_sh0i0s0m0_svrdeflif0simlen500000_seed862415775.log 51567 hl-extractinstructions.txt 20191019_000820 0.6_20170522 GenuineIntel_fam6mod62step4cor8spd2800.106 380e950fd844d92b20f2c8fa9c44cc0df421cb26_1
20191019_000807 50 1 20 300 500000 615287595 0 10000 3157 6843 0 0 0 0 0 TOTAL 0 0 0 0 0 0 0 0 0 0 0 0 0 0 2 0 0 0 0 12.826 6.056 ../hl20191008/NOAUDIT50/log/doc50cop20shlf1lif300_af0s0tTOTAL_gf0i0d0m0_sh0i0s0m0_svrdeflif0simlen500000_seed615287595.log 51631 hl-extractinstructions.txt 20191019_000820 0.6_20170522 GenuineIntel_fam6mod62step4cor8spd2800.106 527297fe8d6d196b8b3e4b481c33dbafc36bd668_18
20191019_000809 50 1 20 500 500000 616603922 0 10000 5059 4941 0 0 0 0 0 TOTAL 0 0 0 0 0 0 0 0 0 0 0 0 0 0 2 0 0 0 0 10.367 3.591 ../hl20191008/NOAUDIT50/log/doc50cop20shlf1lif500_af0s0tTOTAL_gf0i0d0m0_sh0i0s0m0_svrdeflif0simlen500000_seed616603922.log 51567 hl-extractinstructions.txt 20191019_000820 0.6_20170522 GenuineIntel_fam6mod62step4cor8spd2800.106 380e950fd844d92b20f2c8fa9c44cc0df421cb26_2
20191019_000806 50 1 20 300 500000 257388880 0 10000 3213 6787 0 0 0 0 0 TOTAL 0 0 0 0 0 0 0 0 0 0 0 0 0 0 2 0 0 0 0 13.455 6.304 ../hl20191008/NOAUDIT50/log/doc50cop20shlf1lif300_af0s0tTOTAL_gf0i0d0m0_sh0i0s0m0_svrdeflif0simlen500000_seed257388880.log 51631 hl-extractinstructions.txt 20191019_000820 0.6_20170522 GenuineIntel_fam6mod62step4cor8spd2800.106 527297fe8d6d196b8b3e4b481c33dbafc36bd668_16
20191019_000810 50 1 20 500 500000 160211880 0 10000 4986 5014 0 0 0 0 0 TOTAL 0 0 0 0 0 0 0 0 0 0 0 0 0 0 2 0 0 0 0 10.465 3.792 ../hl20191008/NOAUDIT50/log/doc50cop20shlf1lif500_af0s0tTOTAL_gf0i0d0m0_sh0i0s0m0_svrdeflif0simlen500000_seed160211880.log 51567 hl-extractinstructions.txt 20191019_000820 0.6_20170522 GenuineIntel_fam6mod62step4cor8spd2800.106 380e950fd844d92b20f2c8fa9c44cc0df421cb26_3
20191019_000806 50 1 20 300 500000 631064730 0 10000 3078 6922 0 0 0 0 0 TOTAL 0 0 0 0 0 0 0 0 0 0 0 0 0 0 2 0 0 0 0 13.565 6.465 ../hl20191008/NOAUDIT50/log/doc50cop20shlf1lif300_af0s0tTOTAL_gf0i0d0m0_sh0i0s0m0_svrdeflif0simlen500000_seed631064730.log 51632 hl-extractinstructions.txt 20191019_000820 0.6_20170522 GenuineIntel_fam6mod62step4cor8spd2800.106 527297fe8d6d196b8b3e4b481c33dbafc36bd668_17
20191019_000807 50 1 20 300 500000 761862692 0 10000 3076 6924 0 0 0 0 0 TOTAL 0 0 0 0 0 0 0 0 0 0 0 0 0 0 2 0 0 0 0 13.084 6.262 ../hl20191008/NOAUDIT50/log/doc50cop20shlf1lif300_af0s0tTOTAL_gf0i0d0m0_sh0i0s0m0_svrdeflif0simlen500000_seed761862692.log 51630 hl-extractinstructions.txt 20191019_000821 0.6_20170522 GenuineIntel_fam6mod62step4cor8spd2800.106 527297fe8d6d196b8b3e4b481c33dbafc36bd668_19
20191019_000808 50 1 20 300 500000 601514327 0 10000 3114 6886 0 0 0 0 0 TOTAL 0 0 0 0 0 0 0 0 0 0 0 0 0 0 2 0 0 0 0 12.861 5.975 ../hl20191008/NOAUDIT50/log/doc50cop20shlf1lif300_af0s0tTOTAL_gf0i0d0m0_sh0i0s0m0_svrdeflif0simlen500000_seed601514327.log 51632 hl-extractinstructions.txt 20191019_000821 0.6_20170522 GenuineIntel_fam6mod62step4cor8spd2800.106 527297fe8d6d196b8b3e4b481c33dbafc36bd668_20
20191019_000809 50 1 20 300 500000 221069975 0 10000 3128 6872 0 0 0 0 0 TOTAL 0 0 0 0 0 0 0 0 0 0 0 0 0 0 2 0 0 0 0 13.008 5.754 ../hl20191008/NOAUDIT50/log/doc50cop20shlf1lif300_af0s0tTOTAL_gf0i0d0m0_sh0i0s0m0_svrdeflif0simlen500000_seed221069975.log 51631 hl-extractinstructions.txt 20191019_000822 0.6_20170522 GenuineIntel_fam6mod62step4cor8spd2800.106 527297fe8d6d196b8b3e4b481c33dbafc36bd668_21
20191019_000815 50 1 20 500 500000 790002907 0 10000 4979 5021 0 0 0 0 0 TOTAL 0 0 0 0 0 0 0 0 0 0 0 0 0 0 2 0 0 0 0 10.830 3.886 ../hl20191008/NOAUDIT50/log/doc50cop20shlf1lif500_af0s0tTOTAL_gf0i0d0m0_sh0i0s0m0_svrdeflif0simlen500000_seed790002907.log 51569 hl-extractinstructions.txt 20191019_000827 0.6_20170522 GenuineIntel_fam6mod62step4cor8spd2800.106 380e950fd844d92b20f2c8fa9c44cc0df421cb26_5
20191019_000816 50 1 20 500 500000 993928726 0 10000 5081 4919 0 0 0 0 0 TOTAL 0 0 0 0 0 0 0 0 0 0 0 0 0 0 2 0 0 0 0 10.673 3.984 ../hl20191008/NOAUDIT50/log/doc50cop20shlf1lif500_af0s0tTOTAL_gf0i0d0m0_sh0i0s0m0_svrdeflif0simlen500000_seed993928726.log 51567 hl-extractinstructions.txt 20191019_000827 0.6_20170522 GenuineIntel_fam6mod62step4cor8spd2800.106 380e950fd844d92b20f2c8fa9c44cc0df421cb26_7
20191019_000815 50 1 20 500 500000 751552608 0 10000 5026 4974 0 0 0 0 0 TOTAL 0 0 0 0 0 0 0 0 0 0 0 0 0 0 2 0 0 0 0 11.478 3.980 ../hl20191008/NOAUDIT50/log/doc50cop20shlf1lif500_af0s0tTOTAL_gf0i0d0m0_sh0i0s0m0_svrdeflif0simlen500000_seed751552608.log 51569 hl-extractinstructions.txt 20191019_000827 0.6_20170522 GenuineIntel_fam6mod62step4cor8spd2800.106 380e950fd844d92b20f2c8fa9c44cc0df421cb26_4
20191019_000816 50 1 20 500 500000 521589958 0 10000 4988 5012 0 0 0 0 0 TOTAL 0 0 0 0 0 0 0 0 0 0 0 0 0 0 2 0 0 0 0 11.216 4.029 ../hl20191008/NOAUDIT50/log/doc50cop20shlf1lif500_af0s0tTOTAL_gf0i0d0m0_sh0i0s0m0_svrdeflif0simlen500000_seed521589958.log 51569 hl-extractinstructions.txt 20191019_000827 0.6_20170522 GenuineIntel_fam6mod62step4cor8spd2800.106 380e950fd844d92b20f2c8fa9c44cc0df421cb26_6
20191019_000816 50 1 20 500 500000 133671816 0 10000 4981 5019 0 0 0 0 0 TOTAL 0 0 0 0 0 0 0 0 0 0 0 0 0 0 2 0 0 0 0 10.916 3.780 ../hl20191008/NOAUDIT50/log/doc50cop20shlf1lif500_af0s0tTOTAL_gf0i0d0m0_sh0i0s0m0_svrdeflif0simlen500000_seed133671816.log 51568 hl-extractinstructions.txt 20191019_000827 0.6_20170522 GenuineIntel_fam6mod62step4cor8spd2800.106 380e950fd844d92b20f2c8fa9c44cc0df421cb26_8
20191019_000816 50 1 20 500 500000 364192286 0 10000 5065 4935 0 0 0 0 0 TOTAL 0 0 0 0 0 0 0 0 0 0 0 0 0 0 2 0 0 0 0 10.720 3.693 ../hl20191008/NOAUDIT50/log/doc50cop20shlf1lif500_af0s0tTOTAL_gf0i0d0m0_sh0i0s0m0_svrdeflif0simlen500000_seed364192286.log 51568 hl-extractinstructions.txt 20191019_000827 0.6_20170522 GenuineIntel_fam6mod62step4cor8spd2800.106 380e950fd844d92b20f2c8fa9c44cc0df421cb26_12
20191019_000818 50 1 20 1000 500000 616603922 0 10000 7140 2860 0 0 0 0 0 TOTAL 0 0 0 0 0 0 0 0 0 0 0 0 0 0 2 0 0 0 0 8.917 1.776 ../hl20191008/NOAUDIT50/log/doc50cop20shlf1lif1000_af0s0tTOTAL_gf0i0d0m0_sh0i0s0m0_svrdeflif0simlen500000_seed616603922.log 51617 hl-extractinstructions.txt 20191019_000827 0.6_20170522 GenuineIntel_fam6mod62step4cor8spd2800.106 9d19a6990069c6e0815db90b9c6b4b2705612add_2
20191019_000816 50 1 20 500 500000 209425884 0 10000 4975 5025 0 0 0 0 0 TOTAL 0 0 0 0 0 0 0 0 0 0 0 0 0 0 2 0 0 0 0 11.121 3.987 ../hl20191008/NOAUDIT50/log/doc50cop20shlf1lif500_af0s0tTOTAL_gf0i0d0m0_sh0i0s0m0_svrdeflif0simlen500000_seed209425884.log 51569 hl-extractinstructions.txt 20191019_000827 0.6_20170522 GenuineIntel_fam6mod62step4cor8spd2800.106 380e950fd844d92b20f2c8fa9c44cc0df421cb26_9
20191019_000816 50 1 20 500 500000 880215307 0 10000 4892 5108 0 0 0 0 0 TOTAL 0 0 0 0 0 0 0 0 0 0 0 0 0 0 2 0 0 0 0 10.969 3.927 ../hl20191008/NOAUDIT50/log/doc50cop20shlf1lif500_af0s0tTOTAL_gf0i0d0m0_sh0i0s0m0_svrdeflif0simlen500000_seed880215307.log 51571 hl-extractinstructions.txt 20191019_000828 0.6_20170522 GenuineIntel_fam6mod62step4cor8spd2800.106 380e950fd844d92b20f2c8fa9c44cc0df421cb26_13
20191019_000818 50 1 20 1000 500000 862415775 0 10000 7094 2906 0 0 0 0 0 TOTAL 0 0 0 0 0 0 0 0 0 0 0 0 0 0 2 0 0 0 0 9.317 1.935 ../hl20191008/NOAUDIT50/log/doc50cop20shlf1lif1000_af0s0tTOTAL_gf0i0d0m0_sh0i0s0m0_svrdeflif0simlen500000_seed862415775.log 51617 hl-extractinstructions.txt 20191019_000828 0.6_20170522 GenuineIntel_fam6mod62step4cor8spd2800.106 9d19a6990069c6e0815db90b9c6b4b2705612add_1
20191019_000816 50 1 20 500 500000 391467625 0 10000 4948 5052 0 0 0 0 0 TOTAL 0 0 0 0 0 0 0 0 0 0 0 0 0 0 2 0 0 0 0 11.224 3.994 ../hl20191008/NOAUDIT50/log/doc50cop20shlf1lif500_af0s0tTOTAL_gf0i0d0m0_sh0i0s0m0_svrdeflif0simlen500000_seed391467625.log 51571 hl-extractinstructions.txt 20191019_000828 0.6_20170522 GenuineIntel_fam6mod62step4cor8spd2800.106 380e950fd844d92b20f2c8fa9c44cc0df421cb26_10
20191019_000817 50 1 20 500 500000 105327160 0 10000 5026 4974 0 0 0 0 0 TOTAL 0 0 0 0 0 0 0 0 0 0 0 0 0 0 2 0 0 0 0 11.018 3.868 ../hl20191008/NOAUDIT50/log/doc50cop20shlf1lif500_af0s0tTOTAL_gf0i0d0m0_sh0i0s0m0_svrdeflif0simlen500000_seed105327160.log 51569 hl-extractinstructions.txt 20191019_000828 0.6_20170522 GenuineIntel_fam6mod62step4cor8spd2800.106 380e950fd844d92b20f2c8fa9c44cc0df421cb26_14
20191019_000819 50 1 20 1000 500000 160211880 0 10000 7081 2919 0 0 0 0 0 TOTAL 0 0 0 0 0 0 0 0 0 0 0 0 0 0 2 0 0 0 0 9.183 1.926 ../hl20191008/NOAUDIT50/log/doc50cop20shlf1lif1000_af0s0tTOTAL_gf0i0d0m0_sh0i0s0m0_svrdeflif0simlen500000_seed160211880.log 51617 hl-extractinstructions.txt 20191019_000828 0.6_20170522 GenuineIntel_fam6mod62step4cor8spd2800.106 9d19a6990069c6e0815db90b9c6b4b2705612add_3
20191019_000817 50 1 20 500 500000 106595100 0 10000 4950 5050 0 0 0 0 0 TOTAL 0 0 0 0 0 0 0 0 0 0 0 0 0 0 2 0 0 0 0 10.963 3.947 ../hl20191008/NOAUDIT50/log/doc50cop20shlf1lif500_af0s0tTOTAL_gf0i0d0m0_sh0i0s0m0_svrdeflif0simlen500000_seed106595100.log 51570 hl-extractinstructions.txt 20191019_000828 0.6_20170522 GenuineIntel_fam6mod62step4cor8spd2800.106 380e950fd844d92b20f2c8fa9c44cc0df421cb26_15
20191019_000817 50 1 20 500 500000 257388880 0 10000 5094 4906 0 0 0 0 0 TOTAL 0 0 0 0 0 0 0 0 0 0 0 0 0 0 2 0 0 0 0 10.710 3.854 ../hl20191008/NOAUDIT50/log/doc50cop20shlf1lif500_af0s0tTOTAL_gf0i0d0m0_sh0i0s0m0_svrdeflif0simlen500000_seed257388880.log 51569 hl-extractinstructions.txt 20191019_000828 0.6_20170522 GenuineIntel_fam6mod62step4cor8spd2800.106 380e950fd844d92b20f2c8fa9c44cc0df421cb26_16
20191019_000816 50 1 20 500 500000 480102295 0 10000 4979 5021 0 0 0 0 0 TOTAL 0 0 0 0 0 0 0 0 0 0 0 0 0 0 2 0 0 0 0 11.615 4.123 ../hl20191008/NOAUDIT50/log/doc50cop20shlf1lif500_af0s0tTOTAL_gf0i0d0m0_sh0i0s0m0_svrdeflif0simlen500000_seed480102295.log 51572 hl-extractinstructions.txt 20191019_000828 0.6_20170522 GenuineIntel_fam6mod62step4cor8spd2800.106 380e950fd844d92b20f2c8fa9c44cc0df421cb26_11
20191019_000817 50 1 20 500 500000 631064730 0 10000 4874 5126 0 0 0 0 0 TOTAL 0 0 0 0 0 0 0 0 0 0 0 0 0 0 2 0 0 0 0 10.725 3.872 ../hl20191008/NOAUDIT50/log/doc50cop20shlf1lif500_af0s0tTOTAL_gf0i0d0m0_sh0i0s0m0_svrdeflif0simlen500000_seed631064730.log 51571 hl-extractinstructions.txt 20191019_000828 0.6_20170522 GenuineIntel_fam6mod62step4cor8spd2800.106 380e950fd844d92b20f2c8fa9c44cc0df421cb26_17
20191019_000818 50 1 20 500 500000 615287595 0 10000 4990 5010 0 0 0 0 0 TOTAL 0 0 0 0 0 0 0 0 0 0 0 0 0 0 2 0 0 0 0 10.704 3.721 ../hl20191008/NOAUDIT50/log/doc50cop20shlf1lif500_af0s0tTOTAL_gf0i0d0m0_sh0i0s0m0_svrdeflif0simlen500000_seed615287595.log 51569 hl-extractinstructions.txt 20191019_000829 0.6_20170522 GenuineIntel_fam6mod62step4cor8spd2800.106 380e950fd844d92b20f2c8fa9c44cc0df421cb26_18
20191019_000818 50 1 20 500 500000 601514327 0 10000 4976 5024 0 0 0 0 0 TOTAL 0 0 0 0 0 0 0 0 0 0 0 0 0 0 2 0 0 0 0 10.658 3.757 ../hl20191008/NOAUDIT50/log/doc50cop20shlf1lif500_af0s0tTOTAL_gf0i0d0m0_sh0i0s0m0_svrdeflif0simlen500000_seed601514327.log 51570 hl-extractinstructions.txt 20191019_000829 0.6_20170522 GenuineIntel_fam6mod62step4cor8spd2800.106 380e950fd844d92b20f2c8fa9c44cc0df421cb26_20
20191019_000818 50 1 20 500 500000 761862692 0 10000 5010 4990 0 0 0 0 0 TOTAL 0 0 0 0 0 0 0 0 0 0 0 0 0 0 2 0 0 0 0 10.743 3.607 ../hl20191008/NOAUDIT50/log/doc50cop20shlf1lif500_af0s0tTOTAL_gf0i0d0m0_sh0i0s0m0_svrdeflif0simlen500000_seed761862692.log 51571 hl-extractinstructions.txt 20191019_000829 0.6_20170522 GenuineIntel_fam6mod62step4cor8spd2800.106 380e950fd844d92b20f2c8fa9c44cc0df421cb26_19
20191019_000820 50 1 20 1000 500000 751552608 0 10000 7089 2911 0 0 0 0 0 TOTAL 0 0 0 0 0 0 0 0 0 0 0 0 0 0 2 0 0 0 0 8.297 1.728 ../hl20191008/NOAUDIT50/log/doc50cop20shlf1lif1000_af0s0tTOTAL_gf0i0d0m0_sh0i0s0m0_svrdeflif0simlen500000_seed751552608.log 51617 hl-extractinstructions.txt 20191019_000829 0.6_20170522 GenuineIntel_fam6mod62step4cor8spd2800.106 9d19a6990069c6e0815db90b9c6b4b2705612add_4
20191019_000818 50 1 20 500 500000 221069975 0 10000 4937 5063 0 0 0 0 0 TOTAL 0 0 0 0 0 0 0 0 0 0 0 0 0 0 2 0 0 0 0 10.674 3.924 ../hl20191008/NOAUDIT50/log/doc50cop20shlf1lif500_af0s0tTOTAL_gf0i0d0m0_sh0i0s0m0_svrdeflif0simlen500000_seed221069975.log 51570 hl-extractinstructions.txt 20191019_000829 0.6_20170522 GenuineIntel_fam6mod62step4cor8spd2800.106 380e950fd844d92b20f2c8fa9c44cc0df421cb26_21
20191019_000821 50 1 20 1000 500000 521589958 0 10000 7026 2974 0 0 0 0 0 TOTAL 0 0 0 0 0 0 0 0 0 0 0 0 0 0 2 0 0 0 0 8.592 1.813 ../hl20191008/NOAUDIT50/log/doc50cop20shlf1lif1000_af0s0tTOTAL_gf0i0d0m0_sh0i0s0m0_svrdeflif0simlen500000_seed521589958.log 51617 hl-extractinstructions.txt 20191019_000829 0.6_20170522 GenuineIntel_fam6mod62step4cor8spd2800.106 9d19a6990069c6e0815db90b9c6b4b2705612add_6
20191019_000821 50 1 20 1000 500000 790002907 0 10000 7094 2906 0 0 0 0 0 TOTAL 0 0 0 0 0 0 0 0 0 0 0 0 0 0 2 0 0 0 0 8.680 1.662 ../hl20191008/NOAUDIT50/log/doc50cop20shlf1lif1000_af0s0tTOTAL_gf0i0d0m0_sh0i0s0m0_svrdeflif0simlen500000_seed790002907.log 51617 hl-extractinstructions.txt 20191019_000829 0.6_20170522 GenuineIntel_fam6mod62step4cor8spd2800.106 9d19a6990069c6e0815db90b9c6b4b2705612add_5
20191019_000821 50 1 20 1000 500000 993928726 0 10000 7109 2891 0 0 0 0 0 TOTAL 0 0 0 0 0 0 0 0 0 0 0 0 0 0 2 0 0 0 0 8.424 1.623 ../hl20191008/NOAUDIT50/log/doc50cop20shlf1lif1000_af0s0tTOTAL_gf0i0d0m0_sh0i0s0m0_svrdeflif0simlen500000_seed993928726.log 51617 hl-extractinstructions.txt 20191019_000830 0.6_20170522 GenuineIntel_fam6mod62step4cor8spd2800.106 9d19a6990069c6e0815db90b9c6b4b2705612add_7
20191019_000821 50 1 20 1000 500000 209425884 0 10000 7047 2953 0 0 0 0 0 TOTAL 0 0 0 0 0 0 0 0 0 0 0 0 0 0 2 0 0 0 0 8.576 1.696 ../hl20191008/NOAUDIT50/log/doc50cop20shlf1lif1000_af0s0tTOTAL_gf0i0d0m0_sh0i0s0m0_svrdeflif0simlen500000_seed209425884.log 51617 hl-extractinstructions.txt 20191019_000830 0.6_20170522 GenuineIntel_fam6mod62step4cor8spd2800.106 9d19a6990069c6e0815db90b9c6b4b2705612add_9
20191019_000821 50 1 20 1000 500000 133671816 0 10000 7047 2953 0 0 0 0 0 TOTAL 0 0 0 0 0 0 0 0 0 0 0 0 0 0 2 0 0 0 0 8.695 1.674 ../hl20191008/NOAUDIT50/log/doc50cop20shlf1lif1000_af0s0tTOTAL_gf0i0d0m0_sh0i0s0m0_svrdeflif0simlen500000_seed133671816.log 51617 hl-extractinstructions.txt 20191019_000830 0.6_20170522 GenuineIntel_fam6mod62step4cor8spd2800.106 9d19a6990069c6e0815db90b9c6b4b2705612add_8
20191019_000821 50 1 20 1000 500000 364192286 0 10000 7143 2857 0 0 0 0 0 TOTAL 0 0 0 0 0 0 0 0 0 0 0 0 0 0 2 0 0 0 0 8.369 1.480 ../hl20191008/NOAUDIT50/log/doc50cop20shlf1lif1000_af0s0tTOTAL_gf0i0d0m0_sh0i0s0m0_svrdeflif0simlen500000_seed364192286.log 51618 hl-extractinstructions.txt 20191019_000830 0.6_20170522 GenuineIntel_fam6mod62step4cor8spd2800.106 9d19a6990069c6e0815db90b9c6b4b2705612add_12
20191019_000821 50 1 20 1000 500000 391467625 0 10000 6992 3008 0 0 0 0 0 TOTAL 0 0 0 0 0 0 0 0 0 0 0 0 0 0 2 0 0 0 0 8.625 1.589 ../hl20191008/NOAUDIT50/log/doc50cop20shlf1lif1000_af0s0tTOTAL_gf0i0d0m0_sh0i0s0m0_svrdeflif0simlen500000_seed391467625.log 51619 hl-extractinstructions.txt 20191019_000830 0.6_20170522 GenuineIntel_fam6mod62step4cor8spd2800.106 9d19a6990069c6e0815db90b9c6b4b2705612add_10
20191019_000821 50 1 20 1000 500000 480102295 0 10000 7063 2937 0 0 0 0 0 TOTAL 0 0 0 0 0 0 0 0 0 0 0 0 0 0 2 0 0 0 0 8.561 1.531 ../hl20191008/NOAUDIT50/log/doc50cop20shlf1lif1000_af0s0tTOTAL_gf0i0d0m0_sh0i0s0m0_svrdeflif0simlen500000_seed480102295.log 51619 hl-extractinstructions.txt 20191019_000830 0.6_20170522 GenuineIntel_fam6mod62step4cor8spd2800.106 9d19a6990069c6e0815db90b9c6b4b2705612add_11
20191019_000822 50 1 20 1000 500000 880215307 0 10000 7083 2917 0 0 0 0 0 TOTAL 0 0 0 0 0 0 0 0 0 0 0 0 0 0 2 0 0 0 0 8.164 1.441 ../hl20191008/NOAUDIT50/log/doc50cop20shlf1lif1000_af0s0tTOTAL_gf0i0d0m0_sh0i0s0m0_svrdeflif0simlen500000_seed880215307.log 51619 hl-extractinstructions.txt 20191019_000831 0.6_20170522 GenuineIntel_fam6mod62step4cor8spd2800.106 9d19a6990069c6e0815db90b9c6b4b2705612add_13
20191019_000823 50 1 20 1000 500000 105327160 0 10000 7120 2880 0 0 0 0 0 TOTAL 0 0 0 0 0 0 0 0 0 0 0 0 0 0 2 0 0 0 0 7.565 1.292 ../hl20191008/NOAUDIT50/log/doc50cop20shlf1lif1000_af0s0tTOTAL_gf0i0d0m0_sh0i0s0m0_svrdeflif0simlen500000_seed105327160.log 51618 hl-extractinstructions.txt 20191019_000831 0.6_20170522 GenuineIntel_fam6mod62step4cor8spd2800.106 9d19a6990069c6e0815db90b9c6b4b2705612add_14
20191019_000828 50 1 20 1000 500000 106595100 0 10000 7115 2885 0 0 0 0 0 TOTAL 0 0 0 0 0 0 0 0 0 0 0 0 0 0 2 0 0 0 0 5.384 1.034 ../hl20191008/NOAUDIT50/log/doc50cop20shlf1lif1000_af0s0tTOTAL_gf0i0d0m0_sh0i0s0m0_svrdeflif0simlen500000_seed106595100.log 51619 hl-extractinstructions.txt 20191019_000833 0.6_20170522 GenuineIntel_fam6mod62step4cor8spd2800.106 9d19a6990069c6e0815db90b9c6b4b2705612add_15
20191019_000828 50 1 20 1000 500000 257388880 0 10000 7141 2859 0 0 0 0 0 TOTAL 0 0 0 0 0 0 0 0 0 0 0 0 0 0 2 0 0 0 0 5.314 1.048 ../hl20191008/NOAUDIT50/log/doc50cop20shlf1lif1000_af0s0tTOTAL_gf0i0d0m0_sh0i0s0m0_svrdeflif0simlen500000_seed257388880.log 51619 hl-extractinstructions.txt 20191019_000833 0.6_20170522 GenuineIntel_fam6mod62step4cor8spd2800.106 9d19a6990069c6e0815db90b9c6b4b2705612add_16
20191019_000828 50 1 20 1000 500000 221069975 0 10000 7041 2959 0 0 0 0 0 TOTAL 0 0 0 0 0 0 0 0 0 0 0 0 0 0 2 0 0 0 0 4.969 1.060 ../hl20191008/NOAUDIT50/log/doc50cop20shlf1lif1000_af0s0tTOTAL_gf0i0d0m0_sh0i0s0m0_svrdeflif0simlen500000_seed221069975.log 51619 hl-extractinstructions.txt 20191019_000833 0.6_20170522 GenuineIntel_fam6mod62step4cor8spd2800.106 9d19a6990069c6e0815db90b9c6b4b2705612add_21
20191019_000828 50 1 20 1000 500000 601514327 0 10000 7029 2971 0 0 0 0 0 TOTAL 0 0 0 0 0 0 0 0 0 0 0 0 0 0 2 0 0 0 0 5.310 1.133 ../hl20191008/NOAUDIT50/log/doc50cop20shlf1lif1000_af0s0tTOTAL_gf0i0d0m0_sh0i0s0m0_svrdeflif0simlen500000_seed601514327.log 51619 hl-extractinstructions.txt 20191019_000834 0.6_20170522 GenuineIntel_fam6mod62step4cor8spd2800.106 9d19a6990069c6e0815db90b9c6b4b2705612add_20
20191019_000828 50 1 20 1000 500000 631064730 0 10000 6957 3043 0 0 0 0 0 TOTAL 0 0 0 0 0 0 0 0 0 0 0 0 0 0 2 0 0 0 0 5.549 1.149 ../hl20191008/NOAUDIT50/log/doc50cop20shlf1lif1000_af0s0tTOTAL_gf0i0d0m0_sh0i0s0m0_svrdeflif0simlen500000_seed631064730.log 51619 hl-extractinstructions.txt 20191019_000834 0.6_20170522 GenuineIntel_fam6mod62step4cor8spd2800.106 9d19a6990069c6e0815db90b9c6b4b2705612add_17
20191019_000828 50 1 20 1000 500000 615287595 0 10000 7067 2933 0 0 0 0 0 TOTAL 0 0 0 0 0 0 0 0 0 0 0 0 0 0 2 0 0 0 0 5.540 1.034 ../hl20191008/NOAUDIT50/log/doc50cop20shlf1lif1000_af0s0tTOTAL_gf0i0d0m0_sh0i0s0m0_svrdeflif0simlen500000_seed615287595.log 51619 hl-extractinstructions.txt 20191019_000834 0.6_20170522 GenuineIntel_fam6mod62step4cor8spd2800.106 9d19a6990069c6e0815db90b9c6b4b2705612add_18
20191019_000828 50 1 20 1000 500000 761862692 0 10000 7075 2925 0 0 0 0 0 TOTAL 0 0 0 0 0 0 0 0 0 0 0 0 0 0 2 0 0 0 0 5.792 1.062 ../hl20191008/NOAUDIT50/log/doc50cop20shlf1lif1000_af0s0tTOTAL_gf0i0d0m0_sh0i0s0m0_svrdeflif0simlen500000_seed761862692.log 51619 hl-extractinstructions.txt 20191019_000834 0.6_20170522 GenuineIntel_fam6mod62step4cor8spd2800.106 9d19a6990069c6e0815db90b9c6b4b2705612add_19
