timestamp docsize shelfsize copies lifem simlength seed lost docstotal docsokay docsrepairedmajority docsrepairedminority docslost auditcycles auditfrequency auditsegments audittype auditrepairs auditmajority auditminority auditlost glitchfreq glitchimpact glitchdecay glitchmaxlife nglitches serverdefaultlife shockfreq shockimpact shockmaxlife shockspan shocktype nshocks deadserversactive deadserversall walltime cputime logfilename logfilesize instructionfilename todaysdatetime extractorversion cpuinfo mongoid
20180928_123941 50 1 3 10000 100000 919028296 0 10 0 10 0 0 9 10000 1 TOTAL 0 0 0 0 0 0 0 0 0 100000 10000 80 10000 1 2 5 3 52 0.359 0.141 ../hl/test/log/doc50cop3shlf1lif10000_af10000s1tTOTAL_gf0i0d0m0_sh10000i80s1m10000_svrdeflif100000simlen0_seed919028296.log 28460 hl-extractinstructions.txt 20180928_124013 0.6_20170522 GenuineIntel_fam6mod69step1cor2spd2394.000 51142eb63b90f921ab239e45fcc67ecb69f2c7ae_1
20180928_123943 50 1 3 10000 100000 103765041 0 10 0 0 10 0 9 10000 1 TOTAL 0 0 0 0 0 0 0 0 0 100000 10000 80 10000 1 2 4 4 58 0.398 0.203 ../hl/test/log/doc50cop3shlf1lif10000_af10000s1tTOTAL_gf0i0d0m0_sh10000i80s1m10000_svrdeflif100000simlen0_seed103765041.log 28987 hl-extractinstructions.txt 20180928_124015 0.6_20170522 GenuineIntel_fam6mod69step1cor2spd2394.000 51142eb63b90f921ab239e45fcc67ecb69f2c7ae_2
20180928_123945 50 1 3 10000 100000 141246882 0 10 0 0 10 0 9 10000 1 TOTAL 0 0 0 0 0 0 0 0 0 100000 10000 80 10000 1 2 2 4 52 0.391 0.125 ../hl/test/log/doc50cop3shlf1lif10000_af10000s1tTOTAL_gf0i0d0m0_sh10000i80s1m10000_svrdeflif100000simlen0_seed141246882.log 28937 hl-extractinstructions.txt 20180928_124017 0.6_20170522 GenuineIntel_fam6mod69step1cor2spd2394.000 51142eb63b90f921ab239e45fcc67ecb69f2c7ae_3
20180928_123947 50 1 3 10000 100000 681028781 0 10 0 0 10 0 9 10000 1 TOTAL 0 0 0 0 0 0 0 0 0 100000 10000 80 10000 1 2 4 5 60 0.375 0.218 ../hl/test/log/doc50cop3shlf1lif10000_af10000s1tTOTAL_gf0i0d0m0_sh10000i80s1m10000_svrdeflif100000simlen0_seed681028781.log 29490 hl-extractinstructions.txt 20180928_124020 0.6_20170522 GenuineIntel_fam6mod69step1cor2spd2394.000 51142eb63b90f921ab239e45fcc67ecb69f2c7ae_4
20180928_123949 50 1 3 10000 100000 117661523 0 10 0 0 10 0 9 10000 1 TOTAL 0 0 0 0 0 0 0 0 0 100000 10000 80 10000 1 2 4 6 44 0.252 0.141 ../hl/test/log/doc50cop3shlf1lif10000_af10000s1tTOTAL_gf0i0d0m0_sh10000i80s1m10000_svrdeflif100000simlen0_seed117661523.log 29885 hl-extractinstructions.txt 20180928_124021 0.6_20170522 GenuineIntel_fam6mod69step1cor2spd2394.000 51142eb63b90f921ab239e45fcc67ecb69f2c7ae_5
20180928_124001 50 1 3 10000 100000 105731136 0 10 0 10 0 0 9 10000 1 TOTAL 0 0 0 0 0 0 0 0 0 100000 10000 80 10000 1 2 3 3 49 0.287 0.157 ../hl/test/log/doc50cop3shlf1lif10000_af10000s1tTOTAL_gf0i0d0m0_sh10000i80s1m10000_svrdeflif100000simlen0_seed105731136.log 28428 hl-extractinstructions.txt 20180928_124032 0.6_20170522 GenuineIntel_fam6mod69step1cor2spd2394.000 51142eb63b90f921ab239e45fcc67ecb69f2c7ae_6
20180928_124055 50 1 3 10000 100000 967561224 0 10 0 0 10 0 9 10000 1 TOTAL 0 0 0 0 0 0 0 0 0 100000 10000 80 10000 1 2 6 6 60 0.355 0.187 ../hl/test/log/doc50cop3shlf1lif10000_af10000s1tTOTAL_gf0i0d0m0_sh10000i80s1m10000_svrdeflif100000simlen0_seed967561224.log 30000 hl-extractinstructions.txt 20180928_124127 0.6_20170522 GenuineIntel_fam6mod69step1cor2spd2394.000 51142eb63b90f921ab239e45fcc67ecb69f2c7ae_7
20180928_124107 50 1 3 10000 100000 420477893 0 10 0 0 10 0 9 10000 1 TOTAL 0 0 0 0 0 0 0 0 0 100000 10000 80 10000 1 2 5 4 54 0.320 0.172 ../hl/test/log/doc50cop3shlf1lif10000_af10000s1tTOTAL_gf0i0d0m0_sh10000i80s1m10000_svrdeflif100000simlen0_seed420477893.log 28960 hl-extractinstructions.txt 20180928_124138 0.6_20170522 GenuineIntel_fam6mod69step1cor2spd2394.000 51142eb63b90f921ab239e45fcc67ecb69f2c7ae_8
20180928_124109 50 1 3 10000 100000 263688301 0 10 0 10 0 0 9 10000 1 TOTAL 0 0 0 0 0 0 0 0 0 100000 10000 80 10000 1 2 4 3 51 0.671 0.328 ../hl/test/log/doc50cop3shlf1lif10000_af10000s1tTOTAL_gf0i0d0m0_sh10000i80s1m10000_svrdeflif100000simlen0_seed263688301.log 28448 hl-extractinstructions.txt 20180928_124141 0.6_20170522 GenuineIntel_fam6mod69step1cor2spd2394.000 51142eb63b90f921ab239e45fcc67ecb69f2c7ae_9
20180928_124110 50 1 3 10000 100000 50746969 0 10 0 0 10 0 9 10000 1 TOTAL 0 0 0 0 0 0 0 0 0 100000 10000 80 10000 1 2 3 4 56 0.303 0.141 ../hl/test/log/doc50cop3shlf1lif10000_af10000s1tTOTAL_gf0i0d0m0_sh10000i80s1m10000_svrdeflif100000simlen0_seed50746969.log 28966 hl-extractinstructions.txt 20180928_124142 0.6_20170522 GenuineIntel_fam6mod69step1cor2spd2394.000 51142eb63b90f921ab239e45fcc67ecb69f2c7ae_10
20180928_124122 50 1 3 10000 100000 533657980 0 10 0 0 10 0 9 10000 1 TOTAL 0 0 0 0 0 0 0 0 0 100000 10000 80 10000 1 2 3 6 55 0.225 0.125 ../hl/test/log/doc50cop3shlf1lif10000_af10000s1tTOTAL_gf0i0d0m0_sh10000i80s1m10000_svrdeflif100000simlen0_seed533657980.log 29932 hl-extractinstructions.txt 20180928_124154 0.6_20170522 GenuineIntel_fam6mod69step1cor2spd2394.000 51142eb63b90f921ab239e45fcc67ecb69f2c7ae_11
20180928_124134 50 1 3 10000 100000 711283608 10 10 0 0 0 10 9 10000 1 TOTAL 0 0 0 10 0 0 0 0 0 100000 10000 80 10000 1 2 5 4 49 0.209 0.093 ../hl/test/log/doc50cop3shlf1lif10000_af10000s1tTOTAL_gf0i0d0m0_sh10000i80s1m10000_svrdeflif100000simlen0_seed711283608.log 27474 hl-extractinstructions.txt 20180928_124206 0.6_20170522 GenuineIntel_fam6mod69step1cor2spd2394.000 51142eb63b90f921ab239e45fcc67ecb69f2c7ae_12
20180928_124207 50 1 3 10000 100000 597296547 0 10 0 10 0 0 9 10000 1 TOTAL 0 0 0 0 0 0 0 0 0 100000 10000 80 10000 1 2 2 2 54 0.232 0.094 ../hl/test/log/doc50cop3shlf1lif10000_af10000s1tTOTAL_gf0i0d0m0_sh10000i80s1m10000_svrdeflif100000simlen0_seed597296547.log 27976 hl-extractinstructions.txt 20180928_124239 0.6_20170522 GenuineIntel_fam6mod69step1cor2spd2394.000 51142eb63b90f921ab239e45fcc67ecb69f2c7ae_13
20180928_124230 50 1 3 10000 100000 664375964 0 10 0 10 0 0 9 10000 1 TOTAL 0 0 0 0 0 0 0 0 0 100000 10000 80 10000 1 2 3 1 44 0.204 0.109 ../hl/test/log/doc50cop3shlf1lif10000_af10000s1tTOTAL_gf0i0d0m0_sh10000i80s1m10000_svrdeflif100000simlen0_seed664375964.log 27427 hl-extractinstructions.txt 20180928_124301 0.6_20170522 GenuineIntel_fam6mod69step1cor2spd2394.000 51142eb63b90f921ab239e45fcc67ecb69f2c7ae_14
20180928_124242 50 1 3 10000 100000 258760793 0 10 0 0 10 0 9 10000 1 TOTAL 0 0 0 0 0 0 0 0 0 100000 10000 80 10000 1 2 3 6 58 0.552 0.281 ../hl/test/log/doc50cop3shlf1lif10000_af10000s1tTOTAL_gf0i0d0m0_sh10000i80s1m10000_svrdeflif100000simlen0_seed258760793.log 29955 hl-extractinstructions.txt 20180928_124314 0.6_20170522 GenuineIntel_fam6mod69step1cor2spd2394.000 51142eb63b90f921ab239e45fcc67ecb69f2c7ae_15
20180928_124254 50 1 3 10000 100000 666549275 0 10 0 0 10 0 9 10000 1 TOTAL 0 0 0 0 0 0 0 0 0 100000 10000 80 10000 1 2 4 4 56 0.355 0.187 ../hl/test/log/doc50cop3shlf1lif10000_af10000s1tTOTAL_gf0i0d0m0_sh10000i80s1m10000_svrdeflif100000simlen0_seed666549275.log 28978 hl-extractinstructions.txt 20180928_124326 0.6_20170522 GenuineIntel_fam6mod69step1cor2spd2394.000 51142eb63b90f921ab239e45fcc67ecb69f2c7ae_16
20180928_124256 50 1 3 10000 100000 376517787 0 10 0 0 10 0 9 10000 1 TOTAL 0 0 0 0 0 0 0 0 0 100000 10000 80 10000 1 2 3 5 57 0.286 0.172 ../hl/test/log/doc50cop3shlf1lif10000_af10000s1tTOTAL_gf0i0d0m0_sh10000i80s1m10000_svrdeflif100000simlen0_seed376517787.log 29460 hl-extractinstructions.txt 20180928_124328 0.6_20170522 GenuineIntel_fam6mod69step1cor2spd2394.000 51142eb63b90f921ab239e45fcc67ecb69f2c7ae_17
20180928_124308 50 1 3 10000 100000 817713633 0 10 0 10 0 0 9 10000 1 TOTAL 0 0 0 0 0 0 0 0 0 100000 10000 80 10000 1 2 6 2 50 0.266 0.157 ../hl/test/log/doc50cop3shlf1lif10000_af10000s1tTOTAL_gf0i0d0m0_sh10000i80s1m10000_svrdeflif100000simlen0_seed817713633.log 27960 hl-extractinstructions.txt 20180928_124340 0.6_20170522 GenuineIntel_fam6mod69step1cor2spd2394.000 51142eb63b90f921ab239e45fcc67ecb69f2c7ae_18
20180928_124320 50 1 3 10000 100000 519606501 0 10 0 10 0 0 9 10000 1 TOTAL 0 0 0 0 0 0 0 0 0 100000 10000 80 10000 1 2 1 2 49 0.224 0.109 ../hl/test/log/doc50cop3shlf1lif10000_af10000s1tTOTAL_gf0i0d0m0_sh10000i80s1m10000_svrdeflif100000simlen0_seed519606501.log 27943 hl-extractinstructions.txt 20180928_124352 0.6_20170522 GenuineIntel_fam6mod69step1cor2spd2394.000 51142eb63b90f921ab239e45fcc67ecb69f2c7ae_19
20180928_124343 50 1 3 10000 100000 715258232 0 10 0 10 0 0 9 10000 1 TOTAL 0 0 0 0 0 0 0 0 0 100000 10000 80 10000 1 2 5 3 49 0.220 0.125 ../hl/test/log/doc50cop3shlf1lif10000_af10000s1tTOTAL_gf0i0d0m0_sh10000i80s1m10000_svrdeflif100000simlen0_seed715258232.log 28433 hl-extractinstructions.txt 20180928_124414 0.6_20170522 GenuineIntel_fam6mod69step1cor2spd2394.000 51142eb63b90f921ab239e45fcc67ecb69f2c7ae_20
20180928_124355 50 1 3 10000 100000 792850679 0 10 0 0 10 0 9 10000 1 TOTAL 0 0 0 0 0 0 0 0 0 100000 10000 80 10000 1 2 2 4 52 0.291 0.125 ../hl/test/log/doc50cop3shlf1lif10000_af10000s1tTOTAL_gf0i0d0m0_sh10000i80s1m10000_svrdeflif100000simlen0_seed792850679.log 28937 hl-extractinstructions.txt 20180928_124427 0.6_20170522 GenuineIntel_fam6mod69step1cor2spd2394.000 51142eb63b90f921ab239e45fcc67ecb69f2c7ae_21
20180928_124407 50 1 3 10000 100000 919028296 0 10 0 0 10 0 9 10000 1 TOTAL 0 0 0 0 0 0 0 0 0 100000 10000 100 10000 1 2 6 7 55 0.250 0.141 ../hl/test/log/doc50cop3shlf1lif10000_af10000s1tTOTAL_gf0i0d0m0_sh10000i100s1m10000_svrdeflif100000simlen0_seed919028296.log 30457 hl-extractinstructions.txt 20180928_124439 0.6_20170522 GenuineIntel_fam6mod69step1cor2spd2394.000 5ce224aea26abea17aac7d05860f88410d53588f_1
20180928_124419 50 1 3 10000 100000 103765041 0 10 0 0 10 0 9 10000 1 TOTAL 0 0 0 0 0 0 0 0 0 100000 10000 100 10000 1 2 3 6 59 0.235 0.125 ../hl/test/log/doc50cop3shlf1lif10000_af10000s1tTOTAL_gf0i0d0m0_sh10000i100s1m10000_svrdeflif100000simlen0_seed103765041.log 29980 hl-extractinstructions.txt 20180928_124450 0.6_20170522 GenuineIntel_fam6mod69step1cor2spd2394.000 5ce224aea26abea17aac7d05860f88410d53588f_2
20180928_124441 50 1 3 10000 100000 141246882 0 10 0 0 10 0 9 10000 1 TOTAL 0 0 0 0 0 0 0 0 0 100000 10000 100 10000 1 2 5 7 55 0.242 0.125 ../hl/test/log/doc50cop3shlf1lif10000_af10000s1tTOTAL_gf0i0d0m0_sh10000i100s1m10000_svrdeflif100000simlen0_seed141246882.log 30449 hl-extractinstructions.txt 20180928_124513 0.6_20170522 GenuineIntel_fam6mod69step1cor2spd2394.000 5ce224aea26abea17aac7d05860f88410d53588f_3
20180928_124455 50 1 3 10000 100000 681028781 0 10 0 0 10 0 9 10000 1 TOTAL 0 0 0 0 0 0 0 0 0 100000 10000 100 10000 1 2 5 7 62 1.085 0.297 ../hl/test/log/doc50cop3shlf1lif10000_af10000s1tTOTAL_gf0i0d0m0_sh10000i100s1m10000_svrdeflif100000simlen0_seed681028781.log 30493 hl-extractinstructions.txt 20180928_124527 0.6_20170522 GenuineIntel_fam6mod69step1cor2spd2394.000 5ce224aea26abea17aac7d05860f88410d53588f_4
20180928_124506 50 1 3 10000 100000 117661523 0 10 0 0 10 0 9 10000 1 TOTAL 0 0 0 0 0 0 0 0 0 100000 10000 100 10000 1 2 5 7 45 0.230 0.125 ../hl/test/log/doc50cop3shlf1lif10000_af10000s1tTOTAL_gf0i0d0m0_sh10000i100s1m10000_svrdeflif100000simlen0_seed117661523.log 30397 hl-extractinstructions.txt 20180928_124537 0.6_20170522 GenuineIntel_fam6mod69step1cor2spd2394.000 5ce224aea26abea17aac7d05860f88410d53588f_5
20180928_124517 50 1 3 10000 100000 105731136 0 10 0 0 10 0 9 10000 1 TOTAL 0 0 0 0 0 0 0 0 0 100000 10000 100 10000 1 2 3 6 51 0.227 0.125 ../hl/test/log/doc50cop3shlf1lif10000_af10000s1tTOTAL_gf0i0d0m0_sh10000i100s1m10000_svrdeflif100000simlen0_seed105731136.log 29921 hl-extractinstructions.txt 20180928_124549 0.6_20170522 GenuineIntel_fam6mod69step1cor2spd2394.000 5ce224aea26abea17aac7d05860f88410d53588f_6
20180928_124530 50 1 3 10000 100000 967561224 0 10 0 0 10 0 9 10000 1 TOTAL 0 0 0 0 0 0 0 0 0 100000 10000 100 10000 1 2 6 6 60 0.249 0.125 ../hl/test/log/doc50cop3shlf1lif10000_af10000s1tTOTAL_gf0i0d0m0_sh10000i100s1m10000_svrdeflif100000simlen0_seed967561224.log 30002 hl-extractinstructions.txt 20180928_124601 0.6_20170522 GenuineIntel_fam6mod69step1cor2spd2394.000 5ce224aea26abea17aac7d05860f88410d53588f_7
20180928_124541 50 1 3 10000 100000 420477893 0 10 0 0 10 0 9 10000 1 TOTAL 0 0 0 0 0 0 0 0 0 100000 10000 100 10000 1 2 7 8 57 0.237 0.125 ../hl/test/log/doc50cop3shlf1lif10000_af10000s1tTOTAL_gf0i0d0m0_sh10000i100s1m10000_svrdeflif100000simlen0_seed420477893.log 30966 hl-extractinstructions.txt 20180928_124613 0.6_20170522 GenuineIntel_fam6mod69step1cor2spd2394.000 5ce224aea26abea17aac7d05860f88410d53588f_8
20180928_124553 50 1 3 10000 100000 263688301 0 10 0 0 10 0 9 10000 1 TOTAL 0 0 0 0 0 0 0 0 0 100000 10000 100 10000 1 2 3 4 52 0.229 0.125 ../hl/test/log/doc50cop3shlf1lif10000_af10000s1tTOTAL_gf0i0d0m0_sh10000i100s1m10000_svrdeflif100000simlen0_seed263688301.log 28955 hl-extractinstructions.txt 20180928_124625 0.6_20170522 GenuineIntel_fam6mod69step1cor2spd2394.000 5ce224aea26abea17aac7d05860f88410d53588f_9
20180928_124606 50 1 3 10000 100000 50746969 0 10 0 0 10 0 9 10000 1 TOTAL 0 0 0 0 0 0 0 0 0 100000 10000 100 10000 1 2 3 4 56 0.255 0.140 ../hl/test/log/doc50cop3shlf1lif10000_af10000s1tTOTAL_gf0i0d0m0_sh10000i100s1m10000_svrdeflif100000simlen0_seed50746969.log 28967 hl-extractinstructions.txt 20180928_124638 0.6_20170522 GenuineIntel_fam6mod69step1cor2spd2394.000 5ce224aea26abea17aac7d05860f88410d53588f_10
20180928_124618 50 1 3 10000 100000 533657980 0 10 0 0 10 0 9 10000 1 TOTAL 0 0 0 0 0 0 0 0 0 100000 10000 100 10000 1 2 3 7 56 0.241 0.109 ../hl/test/log/doc50cop3shlf1lif10000_af10000s1tTOTAL_gf0i0d0m0_sh10000i100s1m10000_svrdeflif100000simlen0_seed533657980.log 30447 hl-extractinstructions.txt 20180928_124649 0.6_20170522 GenuineIntel_fam6mod69step1cor2spd2394.000 5ce224aea26abea17aac7d05860f88410d53588f_11
20180928_124630 50 1 3 10000 100000 711283608 10 10 0 0 0 10 9 10000 1 TOTAL 0 0 0 10 0 0 0 0 0 100000 10000 100 10000 1 2 5 4 49 0.197 0.109 ../hl/test/log/doc50cop3shlf1lif10000_af10000s1tTOTAL_gf0i0d0m0_sh10000i100s1m10000_svrdeflif100000simlen0_seed711283608.log 27476 hl-extractinstructions.txt 20180928_124701 0.6_20170522 GenuineIntel_fam6mod69step1cor2spd2394.000 5ce224aea26abea17aac7d05860f88410d53588f_12
20180928_124641 50 1 3 10000 100000 597296547 0 10 0 10 0 0 9 10000 1 TOTAL 0 0 0 0 0 0 0 0 0 100000 10000 100 10000 1 2 2 3 55 0.200 0.094 ../hl/test/log/doc50cop3shlf1lif10000_af10000s1tTOTAL_gf0i0d0m0_sh10000i100s1m10000_svrdeflif100000simlen0_seed597296547.log 28478 hl-extractinstructions.txt 20180928_124713 0.6_20170522 GenuineIntel_fam6mod69step1cor2spd2394.000 5ce224aea26abea17aac7d05860f88410d53588f_13
20180928_124654 50 1 3 10000 100000 664375964 0 10 0 0 10 0 9 10000 1 TOTAL 0 0 0 0 0 0 0 0 0 100000 10000 100 10000 1 2 5 7 48 0.255 0.141 ../hl/test/log/doc50cop3shlf1lif10000_af10000s1tTOTAL_gf0i0d0m0_sh10000i100s1m10000_svrdeflif100000simlen0_seed664375964.log 30417 hl-extractinstructions.txt 20180928_124726 0.6_20170522 GenuineIntel_fam6mod69step1cor2spd2394.000 5ce224aea26abea17aac7d05860f88410d53588f_14
20180928_124706 50 1 3 10000 100000 258760793 0 10 0 0 10 0 9 10000 1 TOTAL 0 0 0 0 0 0 0 0 0 100000 10000 100 10000 1 2 3 7 59 0.211 0.110 ../hl/test/log/doc50cop3shlf1lif10000_af10000s1tTOTAL_gf0i0d0m0_sh10000i100s1m10000_svrdeflif100000simlen0_seed258760793.log 30460 hl-extractinstructions.txt 20180928_124737 0.6_20170522 GenuineIntel_fam6mod69step1cor2spd2394.000 5ce224aea26abea17aac7d05860f88410d53588f_15
20180928_124718 50 1 3 10000 100000 666549275 0 10 0 0 10 0 9 10000 1 TOTAL 0 0 0 0 0 0 0 0 0 100000 10000 100 10000 1 2 6 10 60 0.238 0.141 ../hl/test/log/doc50cop3shlf1lif10000_af10000s1tTOTAL_gf0i0d0m0_sh10000i100s1m10000_svrdeflif100000simlen0_seed666549275.log 31971 hl-extractinstructions.txt 20180928_124749 0.6_20170522 GenuineIntel_fam6mod69step1cor2spd2394.000 5ce224aea26abea17aac7d05860f88410d53588f_16
20180928_124730 50 1 3 10000 100000 376517787 10 10 0 0 0 10 9 10000 1 TOTAL 0 0 0 10 0 0 0 0 0 100000 10000 100 10000 1 2 3 6 58 0.200 0.110 ../hl/test/log/doc50cop3shlf1lif10000_af10000s1tTOTAL_gf0i0d0m0_sh10000i100s1m10000_svrdeflif100000simlen0_seed376517787.log 28517 hl-extractinstructions.txt 20180928_124802 0.6_20170522 GenuineIntel_fam6mod69step1cor2spd2394.000 5ce224aea26abea17aac7d05860f88410d53588f_17
20180928_124741 50 1 3 10000 100000 817713633 0 10 0 0 10 0 9 10000 1 TOTAL 0 0 0 0 0 0 0 0 0 100000 10000 100 10000 1 2 6 6 54 0.214 0.125 ../hl/test/log/doc50cop3shlf1lif10000_af10000s1tTOTAL_gf0i0d0m0_sh10000i100s1m10000_svrdeflif100000simlen0_seed817713633.log 29968 hl-extractinstructions.txt 20180928_124813 0.6_20170522 GenuineIntel_fam6mod69step1cor2spd2394.000 5ce224aea26abea17aac7d05860f88410d53588f_18
20180928_124754 50 1 3 10000 100000 519606501 0 10 0 10 0 0 9 10000 1 TOTAL 0 0 0 0 0 0 0 0 0 100000 10000 100 10000 1 2 1 2 49 0.188 0.093 ../hl/test/log/doc50cop3shlf1lif10000_af10000s1tTOTAL_gf0i0d0m0_sh10000i100s1m10000_svrdeflif100000simlen0_seed519606501.log 27945 hl-extractinstructions.txt 20180928_124826 0.6_20170522 GenuineIntel_fam6mod69step1cor2spd2394.000 5ce224aea26abea17aac7d05860f88410d53588f_19
20180928_124806 50 1 3 10000 100000 715258232 0 10 0 0 10 0 9 10000 1 TOTAL 0 0 0 0 0 0 0 0 0 100000 10000 100 10000 1 2 6 9 52 0.233 0.109 ../hl/test/log/doc50cop3shlf1lif10000_af10000s1tTOTAL_gf0i0d0m0_sh10000i100s1m10000_svrdeflif100000simlen0_seed715258232.log 31429 hl-extractinstructions.txt 20180928_124838 0.6_20170522 GenuineIntel_fam6mod69step1cor2spd2394.000 5ce224aea26abea17aac7d05860f88410d53588f_20
20180928_124818 50 1 3 10000 100000 792850679 0 10 0 0 10 0 9 10000 1 TOTAL 0 0 0 0 0 0 0 0 0 100000 10000 100 10000 1 2 2 4 52 0.200 0.109 ../hl/test/log/doc50cop3shlf1lif10000_af10000s1tTOTAL_gf0i0d0m0_sh10000i100s1m10000_svrdeflif100000simlen0_seed792850679.log 28939 hl-extractinstructions.txt 20180928_124849 0.6_20170522 GenuineIntel_fam6mod69step1cor2spd2394.000 5ce224aea26abea17aac7d05860f88410d53588f_21
20180928_124830 50 1 3 10000 100000 919028296 0 10 0 10 0 0 9 10000 1 TOTAL 0 0 0 0 0 0 0 0 0 100000 20000 80 10000 1 2 6 3 52 0.235 0.141 ../hl/test/log/doc50cop3shlf1lif10000_af10000s1tTOTAL_gf0i0d0m0_sh20000i80s1m10000_svrdeflif100000simlen0_seed919028296.log 28460 hl-extractinstructions.txt 20180928_124901 0.6_20170522 GenuineIntel_fam6mod69step1cor2spd2394.000 6c68d7b857ca4a5643c1245642618a0ff0714c9e_1
20180928_124842 50 1 3 10000 100000 103765041 0 10 0 0 10 0 9 10000 1 TOTAL 0 0 0 0 0 0 0 0 0 100000 20000 80 10000 1 2 2 4 59 0.273 0.141 ../hl/test/log/doc50cop3shlf1lif10000_af10000s1tTOTAL_gf0i0d0m0_sh20000i80s1m10000_svrdeflif100000simlen0_seed103765041.log 28996 hl-extractinstructions.txt 20180928_124914 0.6_20170522 GenuineIntel_fam6mod69step1cor2spd2394.000 6c68d7b857ca4a5643c1245642618a0ff0714c9e_2
20180928_124854 50 1 3 10000 100000 141246882 0 10 0 10 0 0 9 10000 1 TOTAL 0 0 0 0 0 0 0 0 0 100000 20000 80 10000 1 2 1 3 51 0.212 0.094 ../hl/test/log/doc50cop3shlf1lif10000_af10000s1tTOTAL_gf0i0d0m0_sh20000i80s1m10000_svrdeflif100000simlen0_seed141246882.log 28437 hl-extractinstructions.txt 20180928_124926 0.6_20170522 GenuineIntel_fam6mod69step1cor2spd2394.000 6c68d7b857ca4a5643c1245642618a0ff0714c9e_3
20180928_124906 50 1 3 10000 100000 681028781 0 10 0 0 10 0 9 10000 1 TOTAL 0 0 0 0 0 0 0 0 0 100000 20000 80 10000 1 2 2 5 60 0.208 0.109 ../hl/test/log/doc50cop3shlf1lif10000_af10000s1tTOTAL_gf0i0d0m0_sh20000i80s1m10000_svrdeflif100000simlen0_seed681028781.log 29478 hl-extractinstructions.txt 20180928_124937 0.6_20170522 GenuineIntel_fam6mod69step1cor2spd2394.000 6c68d7b857ca4a5643c1245642618a0ff0714c9e_4
20180928_124918 50 1 3 10000 100000 117661523 0 10 0 0 10 0 9 10000 1 TOTAL 0 0 0 0 0 0 0 0 0 100000 20000 80 10000 1 2 2 6 44 0.229 0.141 ../hl/test/log/doc50cop3shlf1lif10000_af10000s1tTOTAL_gf0i0d0m0_sh20000i80s1m10000_svrdeflif100000simlen0_seed117661523.log 29883 hl-extractinstructions.txt 20180928_124949 0.6_20170522 GenuineIntel_fam6mod69step1cor2spd2394.000 6c68d7b857ca4a5643c1245642618a0ff0714c9e_5
20180928_124930 50 1 3 10000 100000 105731136 0 10 0 10 0 0 9 10000 1 TOTAL 0 0 0 0 0 0 0 0 0 100000 20000 80 10000 1 2 2 2 48 0.200 0.110 ../hl/test/log/doc50cop3shlf1lif10000_af10000s1tTOTAL_gf0i0d0m0_sh20000i80s1m10000_svrdeflif100000simlen0_seed105731136.log 27929 hl-extractinstructions.txt 20180928_125002 0.6_20170522 GenuineIntel_fam6mod69step1cor2spd2394.000 6c68d7b857ca4a5643c1245642618a0ff0714c9e_6
20180928_124942 50 1 3 10000 100000 967561224 0 10 0 10 0 0 9 10000 1 TOTAL 0 0 0 0 0 0 0 0 0 100000 20000 80 10000 1 2 3 2 56 0.421 0.218 ../hl/test/log/doc50cop3shlf1lif10000_af10000s1tTOTAL_gf0i0d0m0_sh20000i80s1m10000_svrdeflif100000simlen0_seed967561224.log 27995 hl-extractinstructions.txt 20180928_125014 0.6_20170522 GenuineIntel_fam6mod69step1cor2spd2394.000 6c68d7b857ca4a5643c1245642618a0ff0714c9e_7
20180928_124954 50 1 3 10000 100000 420477893 0 10 0 0 10 0 9 10000 1 TOTAL 0 0 0 0 0 0 0 0 0 100000 20000 80 10000 1 2 5 5 55 0.205 0.110 ../hl/test/log/doc50cop3shlf1lif10000_af10000s1tTOTAL_gf0i0d0m0_sh20000i80s1m10000_svrdeflif100000simlen0_seed420477893.log 29462 hl-extractinstructions.txt 20180928_125025 0.6_20170522 GenuineIntel_fam6mod69step1cor2spd2394.000 6c68d7b857ca4a5643c1245642618a0ff0714c9e_8
20180928_125006 50 1 3 10000 100000 263688301 0 10 0 0 10 0 9 10000 1 TOTAL 0 0 0 0 0 0 0 0 0 100000 20000 80 10000 1 2 3 4 52 0.206 0.094 ../hl/test/log/doc50cop3shlf1lif10000_af10000s1tTOTAL_gf0i0d0m0_sh20000i80s1m10000_svrdeflif100000simlen0_seed263688301.log 28947 hl-extractinstructions.txt 20180928_125037 0.6_20170522 GenuineIntel_fam6mod69step1cor2spd2394.000 6c68d7b857ca4a5643c1245642618a0ff0714c9e_9
20180928_125018 50 1 3 10000 100000 50746969 0 10 0 10 0 0 9 10000 1 TOTAL 0 0 0 0 0 0 0 0 0 100000 20000 80 10000 1 2 1 3 55 0.198 0.094 ../hl/test/log/doc50cop3shlf1lif10000_af10000s1tTOTAL_gf0i0d0m0_sh20000i80s1m10000_svrdeflif100000simlen0_seed50746969.log 28457 hl-extractinstructions.txt 20180928_125049 0.6_20170522 GenuineIntel_fam6mod69step1cor2spd2394.000 6c68d7b857ca4a5643c1245642618a0ff0714c9e_10
20180928_125029 50 1 3 10000 100000 533657980 0 10 0 0 10 0 9 10000 1 TOTAL 0 0 0 0 0 0 0 0 0 100000 20000 80 10000 1 2 1 5 54 0.224 0.125 ../hl/test/log/doc50cop3shlf1lif10000_af10000s1tTOTAL_gf0i0d0m0_sh20000i80s1m10000_svrdeflif100000simlen0_seed533657980.log 29431 hl-extractinstructions.txt 20180928_125101 0.6_20170522 GenuineIntel_fam6mod69step1cor2spd2394.000 6c68d7b857ca4a5643c1245642618a0ff0714c9e_11
20180928_125041 50 1 3 10000 100000 711283608 0 10 0 0 10 0 9 10000 1 TOTAL 0 0 0 0 0 0 0 0 0 100000 20000 80 10000 1 2 1 4 49 0.203 0.110 ../hl/test/log/doc50cop3shlf1lif10000_af10000s1tTOTAL_gf0i0d0m0_sh20000i80s1m10000_svrdeflif100000simlen0_seed711283608.log 28917 hl-extractinstructions.txt 20180928_125113 0.6_20170522 GenuineIntel_fam6mod69step1cor2spd2394.000 6c68d7b857ca4a5643c1245642618a0ff0714c9e_12
20180928_125054 50 1 3 10000 100000 597296547 0 10 0 10 0 0 9 10000 1 TOTAL 0 0 0 0 0 0 0 0 0 100000 20000 80 10000 1 2 0 2 54 0.213 0.109 ../hl/test/log/doc50cop3shlf1lif10000_af10000s1tTOTAL_gf0i0d0m0_sh20000i80s1m10000_svrdeflif100000simlen0_seed597296547.log 27972 hl-extractinstructions.txt 20180928_125125 0.6_20170522 GenuineIntel_fam6mod69step1cor2spd2394.000 6c68d7b857ca4a5643c1245642618a0ff0714c9e_13
20180928_125106 50 1 3 10000 100000 664375964 0 10 0 0 10 0 9 10000 1 TOTAL 0 0 0 0 0 0 0 0 0 100000 20000 80 10000 1 2 5 4 46 0.200 0.109 ../hl/test/log/doc50cop3shlf1lif10000_af10000s1tTOTAL_gf0i0d0m0_sh20000i80s1m10000_svrdeflif100000simlen0_seed664375964.log 28913 hl-extractinstructions.txt 20180928_125137 0.6_20170522 GenuineIntel_fam6mod69step1cor2spd2394.000 6c68d7b857ca4a5643c1245642618a0ff0714c9e_14
20180928_125117 50 1 3 10000 100000 258760793 0 10 0 0 10 0 9 10000 1 TOTAL 0 0 0 0 0 0 0 0 0 100000 20000 80 10000 1 2 2 6 58 0.220 0.124 ../hl/test/log/doc50cop3shlf1lif10000_af10000s1tTOTAL_gf0i0d0m0_sh20000i80s1m10000_svrdeflif100000simlen0_seed258760793.log 29955 hl-extractinstructions.txt 20180928_125149 0.6_20170522 GenuineIntel_fam6mod69step1cor2spd2394.000 6c68d7b857ca4a5643c1245642618a0ff0714c9e_15
20180928_125130 50 1 3 10000 100000 666549275 0 10 0 0 10 0 9 10000 1 TOTAL 0 0 0 0 0 0 0 0 0 100000 20000 80 10000 1 2 3 4 56 0.204 0.109 ../hl/test/log/doc50cop3shlf1lif10000_af10000s1tTOTAL_gf0i0d0m0_sh20000i80s1m10000_svrdeflif100000simlen0_seed666549275.log 28972 hl-extractinstructions.txt 20180928_125202 0.6_20170522 GenuineIntel_fam6mod69step1cor2spd2394.000 6c68d7b857ca4a5643c1245642618a0ff0714c9e_16
20180928_125142 50 1 3 10000 100000 376517787 0 10 0 0 10 0 9 10000 1 TOTAL 0 0 0 0 0 0 0 0 0 100000 20000 80 10000 1 2 1 5 57 0.217 0.125 ../hl/test/log/doc50cop3shlf1lif10000_af10000s1tTOTAL_gf0i0d0m0_sh20000i80s1m10000_svrdeflif100000simlen0_seed376517787.log 29460 hl-extractinstructions.txt 20180928_125213 0.6_20170522 GenuineIntel_fam6mod69step1cor2spd2394.000 6c68d7b857ca4a5643c1245642618a0ff0714c9e_17
20180928_125154 50 1 3 10000 100000 817713633 0 10 10 0 0 0 9 10000 1 TOTAL 0 0 0 0 0 0 0 0 0 100000 20000 80 10000 1 2 3 0 48 0.188 0.093 ../hl/test/log/doc50cop3shlf1lif10000_af10000s1tTOTAL_gf0i0d0m0_sh20000i80s1m10000_svrdeflif100000simlen0_seed817713633.log 26964 hl-extractinstructions.txt 20180928_125225 0.6_20170522 GenuineIntel_fam6mod69step1cor2spd2394.000 6c68d7b857ca4a5643c1245642618a0ff0714c9e_18
20180928_125205 50 1 3 10000 100000 519606501 0 10 0 10 0 0 9 10000 1 TOTAL 0 0 0 0 0 0 0 0 0 100000 20000 80 10000 1 2 0 2 49 0.204 0.109 ../hl/test/log/doc50cop3shlf1lif10000_af10000s1tTOTAL_gf0i0d0m0_sh20000i80s1m10000_svrdeflif100000simlen0_seed519606501.log 27939 hl-extractinstructions.txt 20180928_125237 0.6_20170522 GenuineIntel_fam6mod69step1cor2spd2394.000 6c68d7b857ca4a5643c1245642618a0ff0714c9e_19
20180928_125217 50 1 3 10000 100000 715258232 0 10 0 0 10 0 9 10000 1 TOTAL 0 0 0 0 0 0 0 0 0 100000 20000 80 10000 1 2 2 4 50 0.200 0.109 ../hl/test/log/doc50cop3shlf1lif10000_af10000s1tTOTAL_gf0i0d0m0_sh20000i80s1m10000_svrdeflif100000simlen0_seed715258232.log 28936 hl-extractinstructions.txt 20180928_125249 0.6_20170522 GenuineIntel_fam6mod69step1cor2spd2394.000 6c68d7b857ca4a5643c1245642618a0ff0714c9e_20
20180928_125229 50 1 3 10000 100000 792850679 0 10 0 0 10 0 9 10000 1 TOTAL 0 0 0 0 0 0 0 0 0 100000 20000 80 10000 1 2 1 4 52 0.207 0.109 ../hl/test/log/doc50cop3shlf1lif10000_af10000s1tTOTAL_gf0i0d0m0_sh20000i80s1m10000_svrdeflif100000simlen0_seed792850679.log 28931 hl-extractinstructions.txt 20180928_125301 0.6_20170522 GenuineIntel_fam6mod69step1cor2spd2394.000 6c68d7b857ca4a5643c1245642618a0ff0714c9e_21
20180928_125242 50 1 3 10000 100000 919028296 0 10 0 0 10 0 9 10000 1 TOTAL 0 0 0 0 0 0 0 0 0 100000 20000 100 10000 1 2 3 4 52 0.239 0.140 ../hl/test/log/doc50cop3shlf1lif10000_af10000s1tTOTAL_gf0i0d0m0_sh20000i100s1m10000_svrdeflif100000simlen0_seed919028296.log 28949 hl-extractinstructions.txt 20180928_125313 0.6_20170522 GenuineIntel_fam6mod69step1cor2spd2394.000 c05c89415210f6fc23db8946f018899d0db23dc6_1
20180928_125253 50 1 3 10000 100000 103765041 0 10 0 0 10 0 9 10000 1 TOTAL 0 0 0 0 0 0 0 0 0 100000 20000 100 10000 1 2 2 4 59 0.536 0.281 ../hl/test/log/doc50cop3shlf1lif10000_af10000s1tTOTAL_gf0i0d0m0_sh20000i100s1m10000_svrdeflif100000simlen0_seed103765041.log 28998 hl-extractinstructions.txt 20180928_125325 0.6_20170522 GenuineIntel_fam6mod69step1cor2spd2394.000 c05c89415210f6fc23db8946f018899d0db23dc6_2
20180928_125306 50 1 3 10000 100000 141246882 0 10 0 10 0 0 9 10000 1 TOTAL 0 0 0 0 0 0 0 0 0 100000 20000 100 10000 1 2 1 3 51 0.211 0.109 ../hl/test/log/doc50cop3shlf1lif10000_af10000s1tTOTAL_gf0i0d0m0_sh20000i100s1m10000_svrdeflif100000simlen0_seed141246882.log 28439 hl-extractinstructions.txt 20180928_125337 0.6_20170522 GenuineIntel_fam6mod69step1cor2spd2394.000 c05c89415210f6fc23db8946f018899d0db23dc6_3
20180928_125318 50 1 3 10000 100000 681028781 0 10 0 0 10 0 9 10000 1 TOTAL 0 0 0 0 0 0 0 0 0 100000 20000 100 10000 1 2 2 5 60 0.237 0.141 ../hl/test/log/doc50cop3shlf1lif10000_af10000s1tTOTAL_gf0i0d0m0_sh20000i100s1m10000_svrdeflif100000simlen0_seed681028781.log 29480 hl-extractinstructions.txt 20180928_125350 0.6_20170522 GenuineIntel_fam6mod69step1cor2spd2394.000 c05c89415210f6fc23db8946f018899d0db23dc6_4
20180928_125330 50 1 3 10000 100000 117661523 0 10 0 0 10 0 9 10000 1 TOTAL 0 0 0 0 0 0 0 0 0 100000 20000 100 10000 1 2 2 6 44 0.225 0.109 ../hl/test/log/doc50cop3shlf1lif10000_af10000s1tTOTAL_gf0i0d0m0_sh20000i100s1m10000_svrdeflif100000simlen0_seed117661523.log 29885 hl-extractinstructions.txt 20180928_125402 0.6_20170522 GenuineIntel_fam6mod69step1cor2spd2394.000 c05c89415210f6fc23db8946f018899d0db23dc6_5
20180928_125342 50 1 3 10000 100000 105731136 0 10 0 10 0 0 9 10000 1 TOTAL 0 0 0 0 0 0 0 0 0 100000 20000 100 10000 1 2 1 3 49 0.289 0.156 ../hl/test/log/doc50cop3shlf1lif10000_af10000s1tTOTAL_gf0i0d0m0_sh20000i100s1m10000_svrdeflif100000simlen0_seed105731136.log 28430 hl-extractinstructions.txt 20180928_125415 0.6_20170522 GenuineIntel_fam6mod69step1cor2spd2394.000 c05c89415210f6fc23db8946f018899d0db23dc6_6
20180928_125354 50 1 3 10000 100000 967561224 0 10 0 10 0 0 9 10000 1 TOTAL 0 0 0 0 0 0 0 0 0 100000 20000 100 10000 1 2 1 2 56 0.314 0.156 ../hl/test/log/doc50cop3shlf1lif10000_af10000s1tTOTAL_gf0i0d0m0_sh20000i100s1m10000_svrdeflif100000simlen0_seed967561224.log 27993 hl-extractinstructions.txt 20180928_125426 0.6_20170522 GenuineIntel_fam6mod69step1cor2spd2394.000 c05c89415210f6fc23db8946f018899d0db23dc6_7
20180928_125406 50 1 3 10000 100000 420477893 0 10 0 0 10 0 9 10000 1 TOTAL 0 0 0 0 0 0 0 0 0 100000 20000 100 10000 1 2 5 7 56 0.378 0.219 ../hl/test/log/doc50cop3shlf1lif10000_af10000s1tTOTAL_gf0i0d0m0_sh20000i100s1m10000_svrdeflif100000simlen0_seed420477893.log 30457 hl-extractinstructions.txt 20180928_125439 0.6_20170522 GenuineIntel_fam6mod69step1cor2spd2394.000 c05c89415210f6fc23db8946f018899d0db23dc6_8
20180928_125418 50 1 3 10000 100000 263688301 0 10 0 0 10 0 9 10000 1 TOTAL 0 0 0 0 0 0 0 0 0 100000 20000 100 10000 1 2 2 4 52 0.268 0.156 ../hl/test/log/doc50cop3shlf1lif10000_af10000s1tTOTAL_gf0i0d0m0_sh20000i100s1m10000_svrdeflif100000simlen0_seed263688301.log 28949 hl-extractinstructions.txt 20180928_125451 0.6_20170522 GenuineIntel_fam6mod69step1cor2spd2394.000 c05c89415210f6fc23db8946f018899d0db23dc6_9
20180928_125431 50 1 3 10000 100000 50746969 0 10 0 10 0 0 9 10000 1 TOTAL 0 0 0 0 0 0 0 0 0 100000 20000 100 10000 1 2 1 3 55 0.313 0.156 ../hl/test/log/doc50cop3shlf1lif10000_af10000s1tTOTAL_gf0i0d0m0_sh20000i100s1m10000_svrdeflif100000simlen0_seed50746969.log 28459 hl-extractinstructions.txt 20180928_125503 0.6_20170522 GenuineIntel_fam6mod69step1cor2spd2394.000 c05c89415210f6fc23db8946f018899d0db23dc6_10
20180928_125443 50 1 3 10000 100000 533657980 0 10 0 0 10 0 9 10000 1 TOTAL 0 0 0 0 0 0 0 0 0 100000 20000 100 10000 1 2 1 6 55 0.454 0.266 ../hl/test/log/doc50cop3shlf1lif10000_af10000s1tTOTAL_gf0i0d0m0_sh20000i100s1m10000_svrdeflif100000simlen0_seed533657980.log 29934 hl-extractinstructions.txt 20180928_125515 0.6_20170522 GenuineIntel_fam6mod69step1cor2spd2394.000 c05c89415210f6fc23db8946f018899d0db23dc6_11
20180928_125455 50 1 3 10000 100000 711283608 0 10 0 0 10 0 9 10000 1 TOTAL 0 0 0 0 0 0 0 0 0 100000 20000 100 10000 1 2 1 4 49 0.207 0.109 ../hl/test/log/doc50cop3shlf1lif10000_af10000s1tTOTAL_gf0i0d0m0_sh20000i100s1m10000_svrdeflif100000simlen0_seed711283608.log 28920 hl-extractinstructions.txt 20180928_125527 0.6_20170522 GenuineIntel_fam6mod69step1cor2spd2394.000 c05c89415210f6fc23db8946f018899d0db23dc6_12
20180928_125507 50 1 3 10000 100000 597296547 0 10 0 10 0 0 9 10000 1 TOTAL 0 0 0 0 0 0 0 0 0 100000 20000 100 10000 1 2 0 2 54 0.197 0.094 ../hl/test/log/doc50cop3shlf1lif10000_af10000s1tTOTAL_gf0i0d0m0_sh20000i100s1m10000_svrdeflif100000simlen0_seed597296547.log 27974 hl-extractinstructions.txt 20180928_125538 0.6_20170522 GenuineIntel_fam6mod69step1cor2spd2394.000 c05c89415210f6fc23db8946f018899d0db23dc6_13
20180928_125519 50 1 3 10000 100000 664375964 0 10 0 0 10 0 9 10000 1 TOTAL 0 0 0 0 0 0 0 0 0 100000 20000 100 10000 1 2 3 5 47 0.219 0.109 ../hl/test/log/doc50cop3shlf1lif10000_af10000s1tTOTAL_gf0i0d0m0_sh20000i100s1m10000_svrdeflif100000simlen0_seed664375964.log 29415 hl-extractinstructions.txt 20180928_125551 0.6_20170522 GenuineIntel_fam6mod69step1cor2spd2394.000 c05c89415210f6fc23db8946f018899d0db23dc6_14
20180928_125531 50 1 3 10000 100000 258760793 0 10 0 0 10 0 9 10000 1 TOTAL 0 0 0 0 0 0 0 0 0 100000 20000 100 10000 1 2 2 6 58 0.253 0.109 ../hl/test/log/doc50cop3shlf1lif10000_af10000s1tTOTAL_gf0i0d0m0_sh20000i100s1m10000_svrdeflif100000simlen0_seed258760793.log 29957 hl-extractinstructions.txt 20180928_125603 0.6_20170522 GenuineIntel_fam6mod69step1cor2spd2394.000 c05c89415210f6fc23db8946f018899d0db23dc6_15
20180928_125544 50 1 3 10000 100000 666549275 0 10 0 0 10 0 9 10000 1 TOTAL 0 0 0 0 0 0 0 0 0 100000 20000 100 10000 1 2 2 4 56 0.233 0.125 ../hl/test/log/doc50cop3shlf1lif10000_af10000s1tTOTAL_gf0i0d0m0_sh20000i100s1m10000_svrdeflif100000simlen0_seed666549275.log 28974 hl-extractinstructions.txt 20180928_125615 0.6_20170522 GenuineIntel_fam6mod69step1cor2spd2394.000 c05c89415210f6fc23db8946f018899d0db23dc6_16
20180928_125555 50 1 3 10000 100000 376517787 0 10 0 0 10 0 9 10000 1 TOTAL 0 0 0 0 0 0 0 0 0 100000 20000 100 10000 1 2 1 5 57 0.205 0.109 ../hl/test/log/doc50cop3shlf1lif10000_af10000s1tTOTAL_gf0i0d0m0_sh20000i100s1m10000_svrdeflif100000simlen0_seed376517787.log 29462 hl-extractinstructions.txt 20180928_125627 0.6_20170522 GenuineIntel_fam6mod69step1cor2spd2394.000 c05c89415210f6fc23db8946f018899d0db23dc6_17
20180928_125607 50 1 3 10000 100000 817713633 0 10 0 0 10 0 9 10000 1 TOTAL 0 0 0 0 0 0 0 0 0 100000 20000 100 10000 1 2 5 5 53 0.218 0.125 ../hl/test/log/doc50cop3shlf1lif10000_af10000s1tTOTAL_gf0i0d0m0_sh20000i100s1m10000_svrdeflif100000simlen0_seed817713633.log 29469 hl-extractinstructions.txt 20180928_125639 0.6_20170522 GenuineIntel_fam6mod69step1cor2spd2394.000 c05c89415210f6fc23db8946f018899d0db23dc6_18
20180928_125619 50 1 3 10000 100000 519606501 0 10 0 10 0 0 9 10000 1 TOTAL 0 0 0 0 0 0 0 0 0 100000 20000 100 10000 1 2 0 2 49 0.208 0.109 ../hl/test/log/doc50cop3shlf1lif10000_af10000s1tTOTAL_gf0i0d0m0_sh20000i100s1m10000_svrdeflif100000simlen0_seed519606501.log 27941 hl-extractinstructions.txt 20180928_125651 0.6_20170522 GenuineIntel_fam6mod69step1cor2spd2394.000 c05c89415210f6fc23db8946f018899d0db23dc6_19
20180928_125631 50 1 3 10000 100000 715258232 0 10 0 0 10 0 9 10000 1 TOTAL 0 0 0 0 0 0 0 0 0 100000 20000 100 10000 1 2 2 4 50 0.211 0.109 ../hl/test/log/doc50cop3shlf1lif10000_af10000s1tTOTAL_gf0i0d0m0_sh20000i100s1m10000_svrdeflif100000simlen0_seed715258232.log 28938 hl-extractinstructions.txt 20180928_125703 0.6_20170522 GenuineIntel_fam6mod69step1cor2spd2394.000 c05c89415210f6fc23db8946f018899d0db23dc6_20
20180928_125643 50 1 3 10000 100000 792850679 0 10 0 0 10 0 9 10000 1 TOTAL 0 0 0 0 0 0 0 0 0 100000 20000 100 10000 1 2 1 4 52 0.213 0.109 ../hl/test/log/doc50cop3shlf1lif10000_af10000s1tTOTAL_gf0i0d0m0_sh20000i100s1m10000_svrdeflif100000simlen0_seed792850679.log 28933 hl-extractinstructions.txt 20180928_125715 0.6_20170522 GenuineIntel_fam6mod69step1cor2spd2394.000 c05c89415210f6fc23db8946f018899d0db23dc6_21
20180928_125655 50 1 3 10000 100000 919028296 0 10 0 10 0 0 9 10000 1 TOTAL 0 0 0 0 0 0 0 0 0 100000 30000 80 10000 1 2 3 3 52 0.221 0.109 ../hl/test/log/doc50cop3shlf1lif10000_af10000s1tTOTAL_gf0i0d0m0_sh30000i80s1m10000_svrdeflif100000simlen0_seed919028296.log 28452 hl-extractinstructions.txt 20180928_125727 0.6_20170522 GenuineIntel_fam6mod69step1cor2spd2394.000 a445b8876fb1862ff16b9d37a6fb08447855238a_1
20180928_125707 50 1 3 10000 100000 103765041 0 10 0 10 0 0 9 10000 1 TOTAL 0 0 0 0 0 0 0 0 0 100000 30000 80 10000 1 2 0 2 57 0.197 0.094 ../hl/test/log/doc50cop3shlf1lif10000_af10000s1tTOTAL_gf0i0d0m0_sh30000i80s1m10000_svrdeflif100000simlen0_seed103765041.log 27995 hl-extractinstructions.txt 20180928_125738 0.6_20170522 GenuineIntel_fam6mod69step1cor2spd2394.000 a445b8876fb1862ff16b9d37a6fb08447855238a_2
20180928_125719 50 1 3 10000 100000 141246882 0 10 0 0 10 0 9 10000 1 TOTAL 0 0 0 0 0 0 0 0 0 100000 30000 80 10000 1 2 3 4 52 0.323 0.157 ../hl/test/log/doc50cop3shlf1lif10000_af10000s1tTOTAL_gf0i0d0m0_sh30000i80s1m10000_svrdeflif100000simlen0_seed141246882.log 28943 hl-extractinstructions.txt 20180928_125751 0.6_20170522 GenuineIntel_fam6mod69step1cor2spd2394.000 a445b8876fb1862ff16b9d37a6fb08447855238a_3
20180928_125731 50 1 3 10000 100000 681028781 0 10 0 0 10 0 9 10000 1 TOTAL 0 0 0 0 0 0 0 0 0 100000 30000 80 10000 1 2 2 5 60 0.220 0.125 ../hl/test/log/doc50cop3shlf1lif10000_af10000s1tTOTAL_gf0i0d0m0_sh30000i80s1m10000_svrdeflif100000simlen0_seed681028781.log 29478 hl-extractinstructions.txt 20180928_125803 0.6_20170522 GenuineIntel_fam6mod69step1cor2spd2394.000 a445b8876fb1862ff16b9d37a6fb08447855238a_4
20180928_125743 50 1 3 10000 100000 117661523 0 10 0 10 0 0 9 10000 1 TOTAL 0 0 0 0 0 0 0 0 0 100000 30000 80 10000 1 2 0 2 42 0.204 0.110 ../hl/test/log/doc50cop3shlf1lif10000_af10000s1tTOTAL_gf0i0d0m0_sh30000i80s1m10000_svrdeflif100000simlen0_seed117661523.log 27906 hl-extractinstructions.txt 20180928_125815 0.6_20170522 GenuineIntel_fam6mod69step1cor2spd2394.000 a445b8876fb1862ff16b9d37a6fb08447855238a_5
20180928_125755 50 1 3 10000 100000 105731136 0 10 0 10 0 0 9 10000 1 TOTAL 0 0 0 0 0 0 0 0 0 100000 30000 80 10000 1 2 0 2 48 0.204 0.109 ../hl/test/log/doc50cop3shlf1lif10000_af10000s1tTOTAL_gf0i0d0m0_sh30000i80s1m10000_svrdeflif100000simlen0_seed105731136.log 27930 hl-extractinstructions.txt 20180928_125827 0.6_20170522 GenuineIntel_fam6mod69step1cor2spd2394.000 a445b8876fb1862ff16b9d37a6fb08447855238a_6
20180928_125807 50 1 3 10000 100000 967561224 0 10 0 10 0 0 9 10000 1 TOTAL 0 0 0 0 0 0 0 0 0 100000 30000 80 10000 1 2 3 2 56 0.210 0.093 ../hl/test/log/doc50cop3shlf1lif10000_af10000s1tTOTAL_gf0i0d0m0_sh30000i80s1m10000_svrdeflif100000simlen0_seed967561224.log 27991 hl-extractinstructions.txt 20180928_125839 0.6_20170522 GenuineIntel_fam6mod69step1cor2spd2394.000 a445b8876fb1862ff16b9d37a6fb08447855238a_7
20180928_125819 50 1 3 10000 100000 420477893 0 10 0 0 10 0 9 10000 1 TOTAL 0 0 0 0 0 0 0 0 0 100000 30000 80 10000 1 2 4 4 54 0.243 0.125 ../hl/test/log/doc50cop3shlf1lif10000_af10000s1tTOTAL_gf0i0d0m0_sh30000i80s1m10000_svrdeflif100000simlen0_seed420477893.log 28960 hl-extractinstructions.txt 20180928_125851 0.6_20170522 GenuineIntel_fam6mod69step1cor2spd2394.000 a445b8876fb1862ff16b9d37a6fb08447855238a_8
20180928_125831 50 1 3 10000 100000 263688301 0 10 0 10 0 0 9 10000 1 TOTAL 0 0 0 0 0 0 0 0 0 100000 30000 80 10000 1 2 1 3 51 0.205 0.109 ../hl/test/log/doc50cop3shlf1lif10000_af10000s1tTOTAL_gf0i0d0m0_sh30000i80s1m10000_svrdeflif100000simlen0_seed263688301.log 28444 hl-extractinstructions.txt 20180928_125903 0.6_20170522 GenuineIntel_fam6mod69step1cor2spd2394.000 a445b8876fb1862ff16b9d37a6fb08447855238a_9
20180928_125843 50 1 3 10000 100000 50746969 0 10 0 10 0 0 9 10000 1 TOTAL 0 0 0 0 0 0 0 0 0 100000 30000 80 10000 1 2 1 3 55 0.196 0.094 ../hl/test/log/doc50cop3shlf1lif10000_af10000s1tTOTAL_gf0i0d0m0_sh30000i80s1m10000_svrdeflif100000simlen0_seed50746969.log 28457 hl-extractinstructions.txt 20180928_125915 0.6_20170522 GenuineIntel_fam6mod69step1cor2spd2394.000 a445b8876fb1862ff16b9d37a6fb08447855238a_10
20180928_125855 50 1 3 10000 100000 533657980 0 10 0 0 10 0 9 10000 1 TOTAL 0 0 0 0 0 0 0 0 0 100000 30000 80 10000 1 2 0 5 54 0.213 0.094 ../hl/test/log/doc50cop3shlf1lif10000_af10000s1tTOTAL_gf0i0d0m0_sh30000i80s1m10000_svrdeflif100000simlen0_seed533657980.log 29431 hl-extractinstructions.txt 20180928_125927 0.6_20170522 GenuineIntel_fam6mod69step1cor2spd2394.000 a445b8876fb1862ff16b9d37a6fb08447855238a_11
20180928_125907 50 1 3 10000 100000 711283608 0 10 0 0 10 0 9 10000 1 TOTAL 0 0 0 0 0 0 0 0 0 100000 30000 80 10000 1 2 3 5 50 0.215 0.109 ../hl/test/log/doc50cop3shlf1lif10000_af10000s1tTOTAL_gf0i0d0m0_sh30000i80s1m10000_svrdeflif100000simlen0_seed711283608.log 29418 hl-extractinstructions.txt 20180928_125939 0.6_20170522 GenuineIntel_fam6mod69step1cor2spd2394.000 a445b8876fb1862ff16b9d37a6fb08447855238a_12
20180928_125919 50 1 3 10000 100000 597296547 0 10 0 10 0 0 9 10000 1 TOTAL 0 0 0 0 0 0 0 0 0 100000 30000 80 10000 1 2 0 2 54 0.216 0.109 ../hl/test/log/doc50cop3shlf1lif10000_af10000s1tTOTAL_gf0i0d0m0_sh30000i80s1m10000_svrdeflif100000simlen0_seed597296547.log 27972 hl-extractinstructions.txt 20180928_125951 0.6_20170522 GenuineIntel_fam6mod69step1cor2spd2394.000 a445b8876fb1862ff16b9d37a6fb08447855238a_13
20180928_125931 50 1 3 10000 100000 664375964 0 10 0 10 0 0 9 10000 1 TOTAL 0 0 0 0 0 0 0 0 0 100000 30000 80 10000 1 2 2 1 44 0.303 0.141 ../hl/test/log/doc50cop3shlf1lif10000_af10000s1tTOTAL_gf0i0d0m0_sh30000i80s1m10000_svrdeflif100000simlen0_seed664375964.log 27427 hl-extractinstructions.txt 20180928_130003 0.6_20170522 GenuineIntel_fam6mod69step1cor2spd2394.000 a445b8876fb1862ff16b9d37a6fb08447855238a_14
20180928_125943 50 1 3 10000 100000 258760793 0 10 0 0 10 0 9 10000 1 TOTAL 0 0 0 0 0 0 0 0 0 100000 30000 80 10000 1 2 2 5 57 0.292 0.156 ../hl/test/log/doc50cop3shlf1lif10000_af10000s1tTOTAL_gf0i0d0m0_sh30000i80s1m10000_svrdeflif100000simlen0_seed258760793.log 29455 hl-extractinstructions.txt 20180928_130015 0.6_20170522 GenuineIntel_fam6mod69step1cor2spd2394.000 a445b8876fb1862ff16b9d37a6fb08447855238a_15
20180928_125955 50 1 3 10000 100000 666549275 0 10 0 0 10 0 9 10000 1 TOTAL 0 0 0 0 0 0 0 0 0 100000 30000 80 10000 1 2 2 4 56 0.228 0.109 ../hl/test/log/doc50cop3shlf1lif10000_af10000s1tTOTAL_gf0i0d0m0_sh30000i80s1m10000_svrdeflif100000simlen0_seed666549275.log 28972 hl-extractinstructions.txt 20180928_130027 0.6_20170522 GenuineIntel_fam6mod69step1cor2spd2394.000 a445b8876fb1862ff16b9d37a6fb08447855238a_16
20180928_130008 50 1 3 10000 100000 376517787 0 10 0 10 0 0 9 10000 1 TOTAL 0 0 0 0 0 0 0 0 0 100000 30000 80 10000 1 2 2 3 57 0.316 0.171 ../hl/test/log/doc50cop3shlf1lif10000_af10000s1tTOTAL_gf0i0d0m0_sh30000i80s1m10000_svrdeflif100000simlen0_seed376517787.log 28484 hl-extractinstructions.txt 20180928_130040 0.6_20170522 GenuineIntel_fam6mod69step1cor2spd2394.000 a445b8876fb1862ff16b9d37a6fb08447855238a_17
20180928_130019 50 1 3 10000 100000 817713633 0 10 0 10 0 0 9 10000 1 TOTAL 0 0 0 0 0 0 0 0 0 100000 30000 80 10000 1 2 2 1 49 0.240 0.125 ../hl/test/log/doc50cop3shlf1lif10000_af10000s1tTOTAL_gf0i0d0m0_sh30000i80s1m10000_svrdeflif100000simlen0_seed817713633.log 27464 hl-extractinstructions.txt 20180928_130051 0.6_20170522 GenuineIntel_fam6mod69step1cor2spd2394.000 a445b8876fb1862ff16b9d37a6fb08447855238a_18
20180928_130032 50 1 3 10000 100000 519606501 0 10 0 10 0 0 9 10000 1 TOTAL 0 0 0 0 0 0 0 0 0 100000 30000 80 10000 1 2 0 2 49 0.219 0.094 ../hl/test/log/doc50cop3shlf1lif10000_af10000s1tTOTAL_gf0i0d0m0_sh30000i80s1m10000_svrdeflif100000simlen0_seed519606501.log 27939 hl-extractinstructions.txt 20180928_130103 0.6_20170522 GenuineIntel_fam6mod69step1cor2spd2394.000 a445b8876fb1862ff16b9d37a6fb08447855238a_19
20180928_130044 50 1 3 10000 100000 715258232 0 10 0 10 0 0 9 10000 1 TOTAL 0 0 0 0 0 0 0 0 0 100000 30000 80 10000 1 2 2 3 49 0.197 0.110 ../hl/test/log/doc50cop3shlf1lif10000_af10000s1tTOTAL_gf0i0d0m0_sh30000i80s1m10000_svrdeflif100000simlen0_seed715258232.log 28432 hl-extractinstructions.txt 20180928_130116 0.6_20170522 GenuineIntel_fam6mod69step1cor2spd2394.000 a445b8876fb1862ff16b9d37a6fb08447855238a_20
20180928_130055 50 1 3 10000 100000 792850679 0 10 0 10 0 0 9 10000 1 TOTAL 0 0 0 0 0 0 0 0 0 100000 30000 80 10000 1 2 0 3 51 0.215 0.125 ../hl/test/log/doc50cop3shlf1lif10000_af10000s1tTOTAL_gf0i0d0m0_sh30000i80s1m10000_svrdeflif100000simlen0_seed792850679.log 28430 hl-extractinstructions.txt 20180928_130127 0.6_20170522 GenuineIntel_fam6mod69step1cor2spd2394.000 a445b8876fb1862ff16b9d37a6fb08447855238a_21
20180928_130108 50 1 3 10000 100000 919028296 0 10 0 0 10 0 9 10000 1 TOTAL 0 0 0 0 0 0 0 0 0 100000 30000 100 10000 1 2 2 4 52 0.387 0.203 ../hl/test/log/doc50cop3shlf1lif10000_af10000s1tTOTAL_gf0i0d0m0_sh30000i100s1m10000_svrdeflif100000simlen0_seed919028296.log 28948 hl-extractinstructions.txt 20180928_130140 0.6_20170522 GenuineIntel_fam6mod69step1cor2spd2394.000 52fab19d1b5c0fe93ed1a6ec3f8f47dcc826b6db_1
20180928_130119 50 1 3 10000 100000 103765041 0 10 0 10 0 0 9 10000 1 TOTAL 0 0 0 0 0 0 0 0 0 100000 30000 100 10000 1 2 0 2 57 0.304 0.157 ../hl/test/log/doc50cop3shlf1lif10000_af10000s1tTOTAL_gf0i0d0m0_sh30000i100s1m10000_svrdeflif100000simlen0_seed103765041.log 27997 hl-extractinstructions.txt 20180928_130152 0.6_20170522 GenuineIntel_fam6mod69step1cor2spd2394.000 52fab19d1b5c0fe93ed1a6ec3f8f47dcc826b6db_2
20180928_130132 50 1 3 10000 100000 141246882 0 10 0 0 10 0 9 10000 1 TOTAL 0 0 0 0 0 0 0 0 0 100000 30000 100 10000 1 2 3 4 52 0.216 0.110 ../hl/test/log/doc50cop3shlf1lif10000_af10000s1tTOTAL_gf0i0d0m0_sh30000i100s1m10000_svrdeflif100000simlen0_seed141246882.log 28944 hl-extractinstructions.txt 20180928_130203 0.6_20170522 GenuineIntel_fam6mod69step1cor2spd2394.000 52fab19d1b5c0fe93ed1a6ec3f8f47dcc826b6db_3
20180928_130144 50 1 3 10000 100000 681028781 0 10 0 0 10 0 9 10000 1 TOTAL 0 0 0 0 0 0 0 0 0 100000 30000 100 10000 1 2 2 5 60 0.279 0.156 ../hl/test/log/doc50cop3shlf1lif10000_af10000s1tTOTAL_gf0i0d0m0_sh30000i100s1m10000_svrdeflif100000simlen0_seed681028781.log 29480 hl-extractinstructions.txt 20180928_130216 0.6_20170522 GenuineIntel_fam6mod69step1cor2spd2394.000 52fab19d1b5c0fe93ed1a6ec3f8f47dcc826b6db_4
20180928_130156 50 1 3 10000 100000 117661523 0 10 0 10 0 0 9 10000 1 TOTAL 0 0 0 0 0 0 0 0 0 100000 30000 100 10000 1 2 0 2 42 0.305 0.156 ../hl/test/log/doc50cop3shlf1lif10000_af10000s1tTOTAL_gf0i0d0m0_sh30000i100s1m10000_svrdeflif100000simlen0_seed117661523.log 27909 hl-extractinstructions.txt 20180928_130228 0.6_20170522 GenuineIntel_fam6mod69step1cor2spd2394.000 52fab19d1b5c0fe93ed1a6ec3f8f47dcc826b6db_5
20180928_130208 50 1 3 10000 100000 105731136 0 10 0 10 0 0 9 10000 1 TOTAL 0 0 0 0 0 0 0 0 0 100000 30000 100 10000 1 2 0 2 48 0.199 0.110 ../hl/test/log/doc50cop3shlf1lif10000_af10000s1tTOTAL_gf0i0d0m0_sh30000i100s1m10000_svrdeflif100000simlen0_seed105731136.log 27931 hl-extractinstructions.txt 20180928_130239 0.6_20170522 GenuineIntel_fam6mod69step1cor2spd2394.000 52fab19d1b5c0fe93ed1a6ec3f8f47dcc826b6db_6
20180928_130220 50 1 3 10000 100000 967561224 0 10 0 10 0 0 9 10000 1 TOTAL 0 0 0 0 0 0 0 0 0 100000 30000 100 10000 1 2 2 2 56 0.199 0.109 ../hl/test/log/doc50cop3shlf1lif10000_af10000s1tTOTAL_gf0i0d0m0_sh30000i100s1m10000_svrdeflif100000simlen0_seed967561224.log 27999 hl-extractinstructions.txt 20180928_130251 0.6_20170522 GenuineIntel_fam6mod69step1cor2spd2394.000 52fab19d1b5c0fe93ed1a6ec3f8f47dcc826b6db_7
20180928_130232 50 1 3 10000 100000 420477893 0 10 0 0 10 0 9 10000 1 TOTAL 0 0 0 0 0 0 0 0 0 100000 30000 100 10000 1 2 4 5 55 0.207 0.109 ../hl/test/log/doc50cop3shlf1lif10000_af10000s1tTOTAL_gf0i0d0m0_sh30000i100s1m10000_svrdeflif100000simlen0_seed420477893.log 29465 hl-extractinstructions.txt 20180928_130304 0.6_20170522 GenuineIntel_fam6mod69step1cor2spd2394.000 52fab19d1b5c0fe93ed1a6ec3f8f47dcc826b6db_8
20180928_130243 50 1 3 10000 100000 263688301 0 10 0 10 0 0 9 10000 1 TOTAL 0 0 0 0 0 0 0 0 0 100000 30000 100 10000 1 2 1 3 51 0.209 0.110 ../hl/test/log/doc50cop3shlf1lif10000_af10000s1tTOTAL_gf0i0d0m0_sh30000i100s1m10000_svrdeflif100000simlen0_seed263688301.log 28445 hl-extractinstructions.txt 20180928_130315 0.6_20170522 GenuineIntel_fam6mod69step1cor2spd2394.000 52fab19d1b5c0fe93ed1a6ec3f8f47dcc826b6db_9
20180928_130256 50 1 3 10000 100000 50746969 0 10 0 10 0 0 9 10000 1 TOTAL 0 0 0 0 0 0 0 0 0 100000 30000 100 10000 1 2 1 3 55 0.213 0.110 ../hl/test/log/doc50cop3shlf1lif10000_af10000s1tTOTAL_gf0i0d0m0_sh30000i100s1m10000_svrdeflif100000simlen0_seed50746969.log 28458 hl-extractinstructions.txt 20180928_130329 0.6_20170522 GenuineIntel_fam6mod69step1cor2spd2394.000 52fab19d1b5c0fe93ed1a6ec3f8f47dcc826b6db_10
20180928_130308 50 1 3 10000 100000 533657980 0 10 0 0 10 0 9 10000 1 TOTAL 0 0 0 0 0 0 0 0 0 100000 30000 100 10000 1 2 0 5 54 0.314 0.140 ../hl/test/log/doc50cop3shlf1lif10000_af10000s1tTOTAL_gf0i0d0m0_sh30000i100s1m10000_svrdeflif100000simlen0_seed533657980.log 29432 hl-extractinstructions.txt 20180928_130340 0.6_20170522 GenuineIntel_fam6mod69step1cor2spd2394.000 52fab19d1b5c0fe93ed1a6ec3f8f47dcc826b6db_11
20180928_130320 50 1 3 10000 100000 711283608 0 10 0 0 10 0 9 10000 1 TOTAL 0 0 0 0 0 0 0 0 0 100000 30000 100 10000 1 2 3 6 51 0.211 0.109 ../hl/test/log/doc50cop3shlf1lif10000_af10000s1tTOTAL_gf0i0d0m0_sh30000i100s1m10000_svrdeflif100000simlen0_seed711283608.log 29923 hl-extractinstructions.txt 20180928_130352 0.6_20170522 GenuineIntel_fam6mod69step1cor2spd2394.000 52fab19d1b5c0fe93ed1a6ec3f8f47dcc826b6db_12
20180928_130333 50 1 3 10000 100000 597296547 0 10 0 10 0 0 9 10000 1 TOTAL 0 0 0 0 0 0 0 0 0 100000 30000 100 10000 1 2 0 2 54 0.251 0.125 ../hl/test/log/doc50cop3shlf1lif10000_af10000s1tTOTAL_gf0i0d0m0_sh30000i100s1m10000_svrdeflif100000simlen0_seed597296547.log 27974 hl-extractinstructions.txt 20180928_130405 0.6_20170522 GenuineIntel_fam6mod69step1cor2spd2394.000 52fab19d1b5c0fe93ed1a6ec3f8f47dcc826b6db_13
20180928_130345 50 1 3 10000 100000 664375964 0 10 0 0 10 0 9 10000 1 TOTAL 0 0 0 0 0 0 0 0 0 100000 30000 100 10000 1 2 3 5 47 0.287 0.109 ../hl/test/log/doc50cop3shlf1lif10000_af10000s1tTOTAL_gf0i0d0m0_sh30000i100s1m10000_svrdeflif100000simlen0_seed664375964.log 29415 hl-extractinstructions.txt 20180928_130416 0.6_20170522 GenuineIntel_fam6mod69step1cor2spd2394.000 52fab19d1b5c0fe93ed1a6ec3f8f47dcc826b6db_14
20180928_130357 50 1 3 10000 100000 258760793 0 10 0 0 10 0 9 10000 1 TOTAL 0 0 0 0 0 0 0 0 0 100000 30000 100 10000 1 2 3 7 59 0.206 0.109 ../hl/test/log/doc50cop3shlf1lif10000_af10000s1tTOTAL_gf0i0d0m0_sh30000i100s1m10000_svrdeflif100000simlen0_seed258760793.log 30461 hl-extractinstructions.txt 20180928_130428 0.6_20170522 GenuineIntel_fam6mod69step1cor2spd2394.000 52fab19d1b5c0fe93ed1a6ec3f8f47dcc826b6db_15
20180928_130408 50 1 3 10000 100000 666549275 0 10 0 0 10 0 9 10000 1 TOTAL 0 0 0 0 0 0 0 0 0 100000 30000 100 10000 1 2 2 4 56 0.205 0.109 ../hl/test/log/doc50cop3shlf1lif10000_af10000s1tTOTAL_gf0i0d0m0_sh30000i100s1m10000_svrdeflif100000simlen0_seed666549275.log 28974 hl-extractinstructions.txt 20180928_130440 0.6_20170522 GenuineIntel_fam6mod69step1cor2spd2394.000 52fab19d1b5c0fe93ed1a6ec3f8f47dcc826b6db_16
20180928_130420 50 1 3 10000 100000 376517787 0 10 0 0 10 0 9 10000 1 TOTAL 0 0 0 0 0 0 0 0 0 100000 30000 100 10000 1 2 1 5 57 0.230 0.110 ../hl/test/log/doc50cop3shlf1lif10000_af10000s1tTOTAL_gf0i0d0m0_sh30000i100s1m10000_svrdeflif100000simlen0_seed376517787.log 29465 hl-extractinstructions.txt 20180928_130452 0.6_20170522 GenuineIntel_fam6mod69step1cor2spd2394.000 52fab19d1b5c0fe93ed1a6ec3f8f47dcc826b6db_17
20180928_130432 50 1 3 10000 100000 817713633 0 10 0 10 0 0 9 10000 1 TOTAL 0 0 0 0 0 0 0 0 0 100000 30000 100 10000 1 2 2 2 50 0.199 0.078 ../hl/test/log/doc50cop3shlf1lif10000_af10000s1tTOTAL_gf0i0d0m0_sh30000i100s1m10000_svrdeflif100000simlen0_seed817713633.log 27966 hl-extractinstructions.txt 20180928_130504 0.6_20170522 GenuineIntel_fam6mod69step1cor2spd2394.000 52fab19d1b5c0fe93ed1a6ec3f8f47dcc826b6db_18
20180928_130444 50 1 3 10000 100000 519606501 0 10 0 10 0 0 9 10000 1 TOTAL 0 0 0 0 0 0 0 0 0 100000 30000 100 10000 1 2 0 2 49 0.211 0.094 ../hl/test/log/doc50cop3shlf1lif10000_af10000s1tTOTAL_gf0i0d0m0_sh30000i100s1m10000_svrdeflif100000simlen0_seed519606501.log 27941 hl-extractinstructions.txt 20180928_130516 0.6_20170522 GenuineIntel_fam6mod69step1cor2spd2394.000 52fab19d1b5c0fe93ed1a6ec3f8f47dcc826b6db_19
20180928_130456 50 1 3 10000 100000 715258232 0 10 0 0 10 0 9 10000 1 TOTAL 0 0 0 0 0 0 0 0 0 100000 30000 100 10000 1 2 2 4 50 0.208 0.109 ../hl/test/log/doc50cop3shlf1lif10000_af10000s1tTOTAL_gf0i0d0m0_sh30000i100s1m10000_svrdeflif100000simlen0_seed715258232.log 28938 hl-extractinstructions.txt 20180928_130528 0.6_20170522 GenuineIntel_fam6mod69step1cor2spd2394.000 52fab19d1b5c0fe93ed1a6ec3f8f47dcc826b6db_20
20180928_130508 50 1 3 10000 100000 792850679 0 10 0 10 0 0 9 10000 1 TOTAL 0 0 0 0 0 0 0 0 0 100000 30000 100 10000 1 2 0 3 51 0.226 0.109 ../hl/test/log/doc50cop3shlf1lif10000_af10000s1tTOTAL_gf0i0d0m0_sh30000i100s1m10000_svrdeflif100000simlen0_seed792850679.log 28432 hl-extractinstructions.txt 20180928_130540 0.6_20170522 GenuineIntel_fam6mod69step1cor2spd2394.000 52fab19d1b5c0fe93ed1a6ec3f8f47dcc826b6db_21
20180928_130520 50 1 3 10000 100000 919028296 0 10 0 10 0 0 9 10000 1 TOTAL 0 0 0 0 0 0 0 0 0 100000 50000 80 10000 1 2 2 3 52 0.214 0.109 ../hl/test/log/doc50cop3shlf1lif10000_af10000s1tTOTAL_gf0i0d0m0_sh50000i80s1m10000_svrdeflif100000simlen0_seed919028296.log 28452 hl-extractinstructions.txt 20180928_130552 0.6_20170522 GenuineIntel_fam6mod69step1cor2spd2394.000 04ccc1d61211fe5e84adfcd72204bb1c7755eae4_1
20180928_130532 50 1 3 10000 100000 103765041 0 10 0 10 0 0 9 10000 1 TOTAL 0 0 0 0 0 0 0 0 0 100000 50000 80 10000 1 2 0 2 57 0.202 0.109 ../hl/test/log/doc50cop3shlf1lif10000_af10000s1tTOTAL_gf0i0d0m0_sh50000i80s1m10000_svrdeflif100000simlen0_seed103765041.log 27995 hl-extractinstructions.txt 20180928_130604 0.6_20170522 GenuineIntel_fam6mod69step1cor2spd2394.000 04ccc1d61211fe5e84adfcd72204bb1c7755eae4_2
20180928_130544 50 1 3 10000 100000 141246882 0 10 0 0 10 0 9 10000 1 TOTAL 0 0 0 0 0 0 0 0 0 100000 50000 80 10000 1 2 4 5 53 0.234 0.141 ../hl/test/log/doc50cop3shlf1lif10000_af10000s1tTOTAL_gf0i0d0m0_sh50000i80s1m10000_svrdeflif100000simlen0_seed141246882.log 29440 hl-extractinstructions.txt 20180928_130616 0.6_20170522 GenuineIntel_fam6mod69step1cor2spd2394.000 04ccc1d61211fe5e84adfcd72204bb1c7755eae4_3
20180928_130556 50 1 3 10000 100000 681028781 0 10 0 0 10 0 9 10000 1 TOTAL 0 0 0 0 0 0 0 0 0 100000 50000 80 10000 1 2 2 5 60 0.223 0.110 ../hl/test/log/doc50cop3shlf1lif10000_af10000s1tTOTAL_gf0i0d0m0_sh50000i80s1m10000_svrdeflif100000simlen0_seed681028781.log 29477 hl-extractinstructions.txt 20180928_130628 0.6_20170522 GenuineIntel_fam6mod69step1cor2spd2394.000 04ccc1d61211fe5e84adfcd72204bb1c7755eae4_4
20180928_130609 50 1 3 10000 100000 117661523 0 10 0 10 0 0 9 10000 1 TOTAL 0 0 0 0 0 0 0 0 0 100000 50000 80 10000 1 2 0 2 42 0.195 0.093 ../hl/test/log/doc50cop3shlf1lif10000_af10000s1tTOTAL_gf0i0d0m0_sh50000i80s1m10000_svrdeflif100000simlen0_seed117661523.log 27907 hl-extractinstructions.txt 20180928_130640 0.6_20170522 GenuineIntel_fam6mod69step1cor2spd2394.000 04ccc1d61211fe5e84adfcd72204bb1c7755eae4_5
20180928_130621 50 1 3 10000 100000 105731136 0 10 0 10 0 0 9 10000 1 TOTAL 0 0 0 0 0 0 0 0 0 100000 50000 80 10000 1 2 0 2 48 0.215 0.109 ../hl/test/log/doc50cop3shlf1lif10000_af10000s1tTOTAL_gf0i0d0m0_sh50000i80s1m10000_svrdeflif100000simlen0_seed105731136.log 27930 hl-extractinstructions.txt 20180928_130652 0.6_20170522 GenuineIntel_fam6mod69step1cor2spd2394.000 04ccc1d61211fe5e84adfcd72204bb1c7755eae4_6
20180928_130632 50 1 3 10000 100000 967561224 0 10 0 10 0 0 9 10000 1 TOTAL 0 0 0 0 0 0 0 0 0 100000 50000 80 10000 1 2 1 2 56 0.223 0.109 ../hl/test/log/doc50cop3shlf1lif10000_af10000s1tTOTAL_gf0i0d0m0_sh50000i80s1m10000_svrdeflif100000simlen0_seed967561224.log 27991 hl-extractinstructions.txt 20180928_130704 0.6_20170522 GenuineIntel_fam6mod69step1cor2spd2394.000 04ccc1d61211fe5e84adfcd72204bb1c7755eae4_7
20180928_130644 50 1 3 10000 100000 420477893 0 10 0 10 0 0 9 10000 1 TOTAL 0 0 0 0 0 0 0 0 0 100000 50000 80 10000 1 2 2 3 53 0.227 0.094 ../hl/test/log/doc50cop3shlf1lif10000_af10000s1tTOTAL_gf0i0d0m0_sh50000i80s1m10000_svrdeflif100000simlen0_seed420477893.log 28454 hl-extractinstructions.txt 20180928_130716 0.6_20170522 GenuineIntel_fam6mod69step1cor2spd2394.000 04ccc1d61211fe5e84adfcd72204bb1c7755eae4_8
20180928_130656 50 1 3 10000 100000 263688301 0 10 0 10 0 0 9 10000 1 TOTAL 0 0 0 0 0 0 0 0 0 100000 50000 80 10000 1 2 0 1 50 0.227 0.125 ../hl/test/log/doc50cop3shlf1lif10000_af10000s1tTOTAL_gf0i0d0m0_sh50000i80s1m10000_svrdeflif100000simlen0_seed263688301.log 27455 hl-extractinstructions.txt 20180928_130728 0.6_20170522 GenuineIntel_fam6mod69step1cor2spd2394.000 04ccc1d61211fe5e84adfcd72204bb1c7755eae4_9
20180928_130708 50 1 3 10000 100000 50746969 0 10 0 10 0 0 9 10000 1 TOTAL 0 0 0 0 0 0 0 0 0 100000 50000 80 10000 1 2 2 3 55 0.198 0.110 ../hl/test/log/doc50cop3shlf1lif10000_af10000s1tTOTAL_gf0i0d0m0_sh50000i80s1m10000_svrdeflif100000simlen0_seed50746969.log 28462 hl-extractinstructions.txt 20180928_130740 0.6_20170522 GenuineIntel_fam6mod69step1cor2spd2394.000 04ccc1d61211fe5e84adfcd72204bb1c7755eae4_10
20180928_130720 50 1 3 10000 100000 533657980 0 10 0 0 10 0 9 10000 1 TOTAL 0 0 0 0 0 0 0 0 0 100000 50000 80 10000 1 2 0 5 54 0.207 0.094 ../hl/test/log/doc50cop3shlf1lif10000_af10000s1tTOTAL_gf0i0d0m0_sh50000i80s1m10000_svrdeflif100000simlen0_seed533657980.log 29431 hl-extractinstructions.txt 20180928_130752 0.6_20170522 GenuineIntel_fam6mod69step1cor2spd2394.000 04ccc1d61211fe5e84adfcd72204bb1c7755eae4_11
20180928_130732 50 1 3 10000 100000 711283608 0 10 0 10 0 0 9 10000 1 TOTAL 0 0 0 0 0 0 0 0 0 100000 50000 80 10000 1 2 1 3 48 0.215 0.109 ../hl/test/log/doc50cop3shlf1lif10000_af10000s1tTOTAL_gf0i0d0m0_sh50000i80s1m10000_svrdeflif100000simlen0_seed711283608.log 28420 hl-extractinstructions.txt 20180928_130804 0.6_20170522 GenuineIntel_fam6mod69step1cor2spd2394.000 04ccc1d61211fe5e84adfcd72204bb1c7755eae4_12
20180928_130744 50 1 3 10000 100000 597296547 0 10 0 10 0 0 9 10000 1 TOTAL 0 0 0 0 0 0 0 0 0 100000 50000 80 10000 1 2 0 2 54 0.183 0.078 ../hl/test/log/doc50cop3shlf1lif10000_af10000s1tTOTAL_gf0i0d0m0_sh50000i80s1m10000_svrdeflif100000simlen0_seed597296547.log 27972 hl-extractinstructions.txt 20180928_130816 0.6_20170522 GenuineIntel_fam6mod69step1cor2spd2394.000 04ccc1d61211fe5e84adfcd72204bb1c7755eae4_13
20180928_130756 50 1 3 10000 100000 664375964 0 10 0 10 0 0 9 10000 1 TOTAL 0 0 0 0 0 0 0 0 0 100000 50000 80 10000 1 2 1 1 44 0.192 0.109 ../hl/test/log/doc50cop3shlf1lif10000_af10000s1tTOTAL_gf0i0d0m0_sh50000i80s1m10000_svrdeflif100000simlen0_seed664375964.log 27427 hl-extractinstructions.txt 20180928_130828 0.6_20170522 GenuineIntel_fam6mod69step1cor2spd2394.000 04ccc1d61211fe5e84adfcd72204bb1c7755eae4_14
20180928_130808 50 1 3 10000 100000 258760793 0 10 0 0 10 0 9 10000 1 TOTAL 0 0 0 0 0 0 0 0 0 100000 50000 80 10000 1 2 2 6 58 0.201 0.094 ../hl/test/log/doc50cop3shlf1lif10000_af10000s1tTOTAL_gf0i0d0m0_sh50000i80s1m10000_svrdeflif100000simlen0_seed258760793.log 29955 hl-extractinstructions.txt 20180928_130840 0.6_20170522 GenuineIntel_fam6mod69step1cor2spd2394.000 04ccc1d61211fe5e84adfcd72204bb1c7755eae4_15
20180928_130820 50 1 3 10000 100000 666549275 0 10 0 10 0 0 9 10000 1 TOTAL 0 0 0 0 0 0 0 0 0 100000 50000 80 10000 1 2 1 3 55 0.207 0.125 ../hl/test/log/doc50cop3shlf1lif10000_af10000s1tTOTAL_gf0i0d0m0_sh50000i80s1m10000_svrdeflif100000simlen0_seed666549275.log 28468 hl-extractinstructions.txt 20180928_130852 0.6_20170522 GenuineIntel_fam6mod69step1cor2spd2394.000 04ccc1d61211fe5e84adfcd72204bb1c7755eae4_16
20180928_130832 50 1 3 10000 100000 376517787 0 10 0 0 10 0 9 10000 1 TOTAL 0 0 0 0 0 0 0 0 0 100000 50000 80 10000 1 2 2 6 58 0.371 0.250 ../hl/test/log/doc50cop3shlf1lif10000_af10000s1tTOTAL_gf0i0d0m0_sh50000i80s1m10000_svrdeflif100000simlen0_seed376517787.log 29966 hl-extractinstructions.txt 20180928_130904 0.6_20170522 GenuineIntel_fam6mod69step1cor2spd2394.000 04ccc1d61211fe5e84adfcd72204bb1c7755eae4_17
20180928_130844 50 1 3 10000 100000 817713633 0 10 0 10 0 0 9 10000 1 TOTAL 0 0 0 0 0 0 0 0 0 100000 50000 80 10000 1 2 3 1 49 0.187 0.094 ../hl/test/log/doc50cop3shlf1lif10000_af10000s1tTOTAL_gf0i0d0m0_sh50000i80s1m10000_svrdeflif100000simlen0_seed817713633.log 27460 hl-extractinstructions.txt 20180928_130916 0.6_20170522 GenuineIntel_fam6mod69step1cor2spd2394.000 04ccc1d61211fe5e84adfcd72204bb1c7755eae4_18
20180928_130856 50 1 3 10000 100000 519606501 0 10 0 10 0 0 9 10000 1 TOTAL 0 0 0 0 0 0 0 0 0 100000 50000 80 10000 1 2 0 2 49 0.193 0.094 ../hl/test/log/doc50cop3shlf1lif10000_af10000s1tTOTAL_gf0i0d0m0_sh50000i80s1m10000_svrdeflif100000simlen0_seed519606501.log 27939 hl-extractinstructions.txt 20180928_130928 0.6_20170522 GenuineIntel_fam6mod69step1cor2spd2394.000 04ccc1d61211fe5e84adfcd72204bb1c7755eae4_19
20180928_130908 50 1 3 10000 100000 715258232 0 10 0 10 0 0 9 10000 1 TOTAL 0 0 0 0 0 0 0 0 0 100000 50000 80 10000 1 2 0 3 49 0.249 0.125 ../hl/test/log/doc50cop3shlf1lif10000_af10000s1tTOTAL_gf0i0d0m0_sh50000i80s1m10000_svrdeflif100000simlen0_seed715258232.log 28429 hl-extractinstructions.txt 20180928_130940 0.6_20170522 GenuineIntel_fam6mod69step1cor2spd2394.000 04ccc1d61211fe5e84adfcd72204bb1c7755eae4_20
20180928_130920 50 1 3 10000 100000 792850679 0 10 0 10 0 0 9 10000 1 TOTAL 0 0 0 0 0 0 0 0 0 100000 50000 80 10000 1 2 0 3 51 0.258 0.125 ../hl/test/log/doc50cop3shlf1lif10000_af10000s1tTOTAL_gf0i0d0m0_sh50000i80s1m10000_svrdeflif100000simlen0_seed792850679.log 28430 hl-extractinstructions.txt 20180928_130952 0.6_20170522 GenuineIntel_fam6mod69step1cor2spd2394.000 04ccc1d61211fe5e84adfcd72204bb1c7755eae4_21
20180928_130931 50 1 3 10000 100000 919028296 0 10 0 0 10 0 9 10000 1 TOTAL 0 0 0 0 0 0 0 0 0 100000 50000 100 10000 1 2 2 4 52 0.295 0.157 ../hl/test/log/doc50cop3shlf1lif10000_af10000s1tTOTAL_gf0i0d0m0_sh50000i100s1m10000_svrdeflif100000simlen0_seed919028296.log 28944 hl-extractinstructions.txt 20180928_131003 0.6_20170522 GenuineIntel_fam6mod69step1cor2spd2394.000 ab07eb5d44a445d946ec57fed9d247707016044b_1
20180928_130944 50 1 3 10000 100000 103765041 0 10 0 10 0 0 9 10000 1 TOTAL 0 0 0 0 0 0 0 0 0 100000 50000 100 10000 1 2 0 2 57 0.212 0.094 ../hl/test/log/doc50cop3shlf1lif10000_af10000s1tTOTAL_gf0i0d0m0_sh50000i100s1m10000_svrdeflif100000simlen0_seed103765041.log 27997 hl-extractinstructions.txt 20180928_131015 0.6_20170522 GenuineIntel_fam6mod69step1cor2spd2394.000 ab07eb5d44a445d946ec57fed9d247707016044b_2
20180928_130955 50 1 3 10000 100000 141246882 0 10 0 0 10 0 9 10000 1 TOTAL 0 0 0 0 0 0 0 0 0 100000 50000 100 10000 1 2 4 6 54 0.232 0.140 ../hl/test/log/doc50cop3shlf1lif10000_af10000s1tTOTAL_gf0i0d0m0_sh50000i100s1m10000_svrdeflif100000simlen0_seed141246882.log 29944 hl-extractinstructions.txt 20180928_131027 0.6_20170522 GenuineIntel_fam6mod69step1cor2spd2394.000 ab07eb5d44a445d946ec57fed9d247707016044b_3
20180928_131007 50 1 3 10000 100000 681028781 0 10 0 0 10 0 9 10000 1 TOTAL 0 0 0 0 0 0 0 0 0 100000 50000 100 10000 1 2 2 5 60 0.222 0.109 ../hl/test/log/doc50cop3shlf1lif10000_af10000s1tTOTAL_gf0i0d0m0_sh50000i100s1m10000_svrdeflif100000simlen0_seed681028781.log 29480 hl-extractinstructions.txt 20180928_131039 0.6_20170522 GenuineIntel_fam6mod69step1cor2spd2394.000 ab07eb5d44a445d946ec57fed9d247707016044b_4
20180928_131019 50 1 3 10000 100000 117661523 0 10 0 10 0 0 9 10000 1 TOTAL 0 0 0 0 0 0 0 0 0 100000 50000 100 10000 1 2 0 2 42 0.199 0.109 ../hl/test/log/doc50cop3shlf1lif10000_af10000s1tTOTAL_gf0i0d0m0_sh50000i100s1m10000_svrdeflif100000simlen0_seed117661523.log 27909 hl-extractinstructions.txt 20180928_131051 0.6_20170522 GenuineIntel_fam6mod69step1cor2spd2394.000 ab07eb5d44a445d946ec57fed9d247707016044b_5
20180928_131031 50 1 3 10000 100000 105731136 0 10 0 10 0 0 9 10000 1 TOTAL 0 0 0 0 0 0 0 0 0 100000 50000 100 10000 1 2 0 2 48 0.195 0.109 ../hl/test/log/doc50cop3shlf1lif10000_af10000s1tTOTAL_gf0i0d0m0_sh50000i100s1m10000_svrdeflif100000simlen0_seed105731136.log 27932 hl-extractinstructions.txt 20180928_131103 0.6_20170522 GenuineIntel_fam6mod69step1cor2spd2394.000 ab07eb5d44a445d946ec57fed9d247707016044b_6
20180928_131043 50 1 3 10000 100000 967561224 0 10 0 10 0 0 9 10000 1 TOTAL 0 0 0 0 0 0 0 0 0 100000 50000 100 10000 1 2 1 2 56 0.195 0.093 ../hl/test/log/doc50cop3shlf1lif10000_af10000s1tTOTAL_gf0i0d0m0_sh50000i100s1m10000_svrdeflif100000simlen0_seed967561224.log 27993 hl-extractinstructions.txt 20180928_131115 0.6_20170522 GenuineIntel_fam6mod69step1cor2spd2394.000 ab07eb5d44a445d946ec57fed9d247707016044b_7
20180928_131055 50 1 3 10000 100000 420477893 0 10 0 0 10 0 9 10000 1 TOTAL 0 0 0 0 0 0 0 0 0 100000 50000 100 10000 1 2 2 4 54 0.220 0.125 ../hl/test/log/doc50cop3shlf1lif10000_af10000s1tTOTAL_gf0i0d0m0_sh50000i100s1m10000_svrdeflif100000simlen0_seed420477893.log 28956 hl-extractinstructions.txt 20180928_131127 0.6_20170522 GenuineIntel_fam6mod69step1cor2spd2394.000 ab07eb5d44a445d946ec57fed9d247707016044b_8
20180928_131107 50 1 3 10000 100000 263688301 0 10 0 10 0 0 9 10000 1 TOTAL 0 0 0 0 0 0 0 0 0 100000 50000 100 10000 1 2 0 1 50 0.195 0.109 ../hl/test/log/doc50cop3shlf1lif10000_af10000s1tTOTAL_gf0i0d0m0_sh50000i100s1m10000_svrdeflif100000simlen0_seed263688301.log 27457 hl-extractinstructions.txt 20180928_131139 0.6_20170522 GenuineIntel_fam6mod69step1cor2spd2394.000 ab07eb5d44a445d946ec57fed9d247707016044b_9
20180928_131119 50 1 3 10000 100000 50746969 0 10 0 10 0 0 9 10000 1 TOTAL 0 0 0 0 0 0 0 0 0 100000 50000 100 10000 1 2 2 3 55 0.193 0.093 ../hl/test/log/doc50cop3shlf1lif10000_af10000s1tTOTAL_gf0i0d0m0_sh50000i100s1m10000_svrdeflif100000simlen0_seed50746969.log 28465 hl-extractinstructions.txt 20180928_131151 0.6_20170522 GenuineIntel_fam6mod69step1cor2spd2394.000 ab07eb5d44a445d946ec57fed9d247707016044b_10
20180928_131131 50 1 3 10000 100000 533657980 0 10 0 0 10 0 9 10000 1 TOTAL 0 0 0 0 0 0 0 0 0 100000 50000 100 10000 1 2 0 5 54 0.224 0.125 ../hl/test/log/doc50cop3shlf1lif10000_af10000s1tTOTAL_gf0i0d0m0_sh50000i100s1m10000_svrdeflif100000simlen0_seed533657980.log 29433 hl-extractinstructions.txt 20180928_131203 0.6_20170522 GenuineIntel_fam6mod69step1cor2spd2394.000 ab07eb5d44a445d946ec57fed9d247707016044b_11
20180928_131143 50 1 3 10000 100000 711283608 0 10 0 0 10 0 9 10000 1 TOTAL 0 0 0 0 0 0 0 0 0 100000 50000 100 10000 1 2 1 4 49 0.200 0.093 ../hl/test/log/doc50cop3shlf1lif10000_af10000s1tTOTAL_gf0i0d0m0_sh50000i100s1m10000_svrdeflif100000simlen0_seed711283608.log 28924 hl-extractinstructions.txt 20180928_131214 0.6_20170522 GenuineIntel_fam6mod69step1cor2spd2394.000 ab07eb5d44a445d946ec57fed9d247707016044b_12
20180928_131154 50 1 3 10000 100000 597296547 0 10 0 10 0 0 9 10000 1 TOTAL 0 0 0 0 0 0 0 0 0 100000 50000 100 10000 1 2 0 2 54 0.188 0.094 ../hl/test/log/doc50cop3shlf1lif10000_af10000s1tTOTAL_gf0i0d0m0_sh50000i100s1m10000_svrdeflif100000simlen0_seed597296547.log 27974 hl-extractinstructions.txt 20180928_131226 0.6_20170522 GenuineIntel_fam6mod69step1cor2spd2394.000 ab07eb5d44a445d946ec57fed9d247707016044b_13
20180928_131207 50 1 3 10000 100000 664375964 0 10 0 0 10 0 9 10000 1 TOTAL 0 0 0 0 0 0 0 0 0 100000 50000 100 10000 1 2 3 5 47 0.198 0.094 ../hl/test/log/doc50cop3shlf1lif10000_af10000s1tTOTAL_gf0i0d0m0_sh50000i100s1m10000_svrdeflif100000simlen0_seed664375964.log 29415 hl-extractinstructions.txt 20180928_131238 0.6_20170522 GenuineIntel_fam6mod69step1cor2spd2394.000 ab07eb5d44a445d946ec57fed9d247707016044b_14
20180928_131218 50 1 3 10000 100000 258760793 0 10 0 0 10 0 9 10000 1 TOTAL 0 0 0 0 0 0 0 0 0 100000 50000 100 10000 1 2 2 6 58 0.206 0.109 ../hl/test/log/doc50cop3shlf1lif10000_af10000s1tTOTAL_gf0i0d0m0_sh50000i100s1m10000_svrdeflif100000simlen0_seed258760793.log 29957 hl-extractinstructions.txt 20180928_131250 0.6_20170522 GenuineIntel_fam6mod69step1cor2spd2394.000 ab07eb5d44a445d946ec57fed9d247707016044b_15
20180928_131230 50 1 3 10000 100000 666549275 0 10 0 10 0 0 9 10000 1 TOTAL 0 0 0 0 0 0 0 0 0 100000 50000 100 10000 1 2 1 3 55 0.195 0.094 ../hl/test/log/doc50cop3shlf1lif10000_af10000s1tTOTAL_gf0i0d0m0_sh50000i100s1m10000_svrdeflif100000simlen0_seed666549275.log 28474 hl-extractinstructions.txt 20180928_131302 0.6_20170522 GenuineIntel_fam6mod69step1cor2spd2394.000 ab07eb5d44a445d946ec57fed9d247707016044b_16
20180928_131242 50 1 3 10000 100000 376517787 0 10 0 0 10 0 9 10000 1 TOTAL 0 0 0 0 0 0 0 0 0 100000 50000 100 10000 1 2 2 6 58 0.208 0.110 ../hl/test/log/doc50cop3shlf1lif10000_af10000s1tTOTAL_gf0i0d0m0_sh50000i100s1m10000_svrdeflif100000simlen0_seed376517787.log 29968 hl-extractinstructions.txt 20180928_131314 0.6_20170522 GenuineIntel_fam6mod69step1cor2spd2394.000 ab07eb5d44a445d946ec57fed9d247707016044b_17
20180928_131254 50 1 3 10000 100000 817713633 0 10 0 10 0 0 9 10000 1 TOTAL 0 0 0 0 0 0 0 0 0 100000 50000 100 10000 1 2 1 1 49 0.195 0.094 ../hl/test/log/doc50cop3shlf1lif10000_af10000s1tTOTAL_gf0i0d0m0_sh50000i100s1m10000_svrdeflif100000simlen0_seed817713633.log 27466 hl-extractinstructions.txt 20180928_131326 0.6_20170522 GenuineIntel_fam6mod69step1cor2spd2394.000 ab07eb5d44a445d946ec57fed9d247707016044b_18
20180928_131306 50 1 3 10000 100000 519606501 0 10 0 10 0 0 9 10000 1 TOTAL 0 0 0 0 0 0 0 0 0 100000 50000 100 10000 1 2 0 2 49 0.203 0.110 ../hl/test/log/doc50cop3shlf1lif10000_af10000s1tTOTAL_gf0i0d0m0_sh50000i100s1m10000_svrdeflif100000simlen0_seed519606501.log 27940 hl-extractinstructions.txt 20180928_131338 0.6_20170522 GenuineIntel_fam6mod69step1cor2spd2394.000 ab07eb5d44a445d946ec57fed9d247707016044b_19
20180928_131318 50 1 3 10000 100000 715258232 0 10 0 10 0 0 9 10000 1 TOTAL 0 0 0 0 0 0 0 0 0 100000 50000 100 10000 1 2 0 3 49 0.191 0.109 ../hl/test/log/doc50cop3shlf1lif10000_af10000s1tTOTAL_gf0i0d0m0_sh50000i100s1m10000_svrdeflif100000simlen0_seed715258232.log 28431 hl-extractinstructions.txt 20180928_131350 0.6_20170522 GenuineIntel_fam6mod69step1cor2spd2394.000 ab07eb5d44a445d946ec57fed9d247707016044b_20
20180928_131330 50 1 3 10000 100000 792850679 0 10 0 10 0 0 9 10000 1 TOTAL 0 0 0 0 0 0 0 0 0 100000 50000 100 10000 1 2 0 3 51 0.189 0.093 ../hl/test/log/doc50cop3shlf1lif10000_af10000s1tTOTAL_gf0i0d0m0_sh50000i100s1m10000_svrdeflif100000simlen0_seed792850679.log 28432 hl-extractinstructions.txt 20180928_131401 0.6_20170522 GenuineIntel_fam6mod69step1cor2spd2394.000 ab07eb5d44a445d946ec57fed9d247707016044b_21
20180928_131342 50 1 3 10000 100000 919028296 0 10 0 10 0 0 9 10000 1 TOTAL 0 0 0 0 0 0 0 0 0 100000 100000 80 10000 1 2 2 3 52 0.198 0.110 ../hl/test/log/doc50cop3shlf1lif10000_af10000s1tTOTAL_gf0i0d0m0_sh100000i80s1m10000_svrdeflif100000simlen0_seed919028296.log 28449 hl-extractinstructions.txt 20180928_131413 0.6_20170522 GenuineIntel_fam6mod69step1cor2spd2394.000 1e76706a890068ab25a37a371d433df5461015aa_1
20180928_131353 50 1 3 10000 100000 103765041 0 10 0 10 0 0 9 10000 1 TOTAL 0 0 0 0 0 0 0 0 0 100000 100000 80 10000 1 2 0 2 57 0.200 0.094 ../hl/test/log/doc50cop3shlf1lif10000_af10000s1tTOTAL_gf0i0d0m0_sh100000i80s1m10000_svrdeflif100000simlen0_seed103765041.log 27997 hl-extractinstructions.txt 20180928_131425 0.6_20170522 GenuineIntel_fam6mod69step1cor2spd2394.000 1e76706a890068ab25a37a371d433df5461015aa_2
20180928_131405 50 1 3 10000 100000 141246882 0 10 0 10 0 0 9 10000 1 TOTAL 0 0 0 0 0 0 0 0 0 100000 100000 80 10000 1 2 2 3 51 0.209 0.109 ../hl/test/log/doc50cop3shlf1lif10000_af10000s1tTOTAL_gf0i0d0m0_sh100000i80s1m10000_svrdeflif100000simlen0_seed141246882.log 28439 hl-extractinstructions.txt 20180928_131437 0.6_20170522 GenuineIntel_fam6mod69step1cor2spd2394.000 1e76706a890068ab25a37a371d433df5461015aa_3
20180928_131417 50 1 3 10000 100000 681028781 0 10 0 0 10 0 9 10000 1 TOTAL 0 0 0 0 0 0 0 0 0 100000 100000 80 10000 1 2 1 5 60 0.211 0.109 ../hl/test/log/doc50cop3shlf1lif10000_af10000s1tTOTAL_gf0i0d0m0_sh100000i80s1m10000_svrdeflif100000simlen0_seed681028781.log 29474 hl-extractinstructions.txt 20180928_131449 0.6_20170522 GenuineIntel_fam6mod69step1cor2spd2394.000 1e76706a890068ab25a37a371d433df5461015aa_4
20180928_131429 50 1 3 10000 100000 117661523 0 10 0 10 0 0 9 10000 1 TOTAL 0 0 0 0 0 0 0 0 0 100000 100000 80 10000 1 2 0 2 42 0.218 0.093 ../hl/test/log/doc50cop3shlf1lif10000_af10000s1tTOTAL_gf0i0d0m0_sh100000i80s1m10000_svrdeflif100000simlen0_seed117661523.log 27909 hl-extractinstructions.txt 20180928_131501 0.6_20170522 GenuineIntel_fam6mod69step1cor2spd2394.000 1e76706a890068ab25a37a371d433df5461015aa_5
20180928_131441 50 1 3 10000 100000 105731136 0 10 0 10 0 0 9 10000 1 TOTAL 0 0 0 0 0 0 0 0 0 100000 100000 80 10000 1 2 0 2 48 0.205 0.109 ../hl/test/log/doc50cop3shlf1lif10000_af10000s1tTOTAL_gf0i0d0m0_sh100000i80s1m10000_svrdeflif100000simlen0_seed105731136.log 27932 hl-extractinstructions.txt 20180928_131513 0.6_20170522 GenuineIntel_fam6mod69step1cor2spd2394.000 1e76706a890068ab25a37a371d433df5461015aa_6
20180928_131453 50 1 3 10000 100000 967561224 0 10 0 10 0 0 9 10000 1 TOTAL 0 0 0 0 0 0 0 0 0 100000 100000 80 10000 1 2 0 2 56 0.199 0.093 ../hl/test/log/doc50cop3shlf1lif10000_af10000s1tTOTAL_gf0i0d0m0_sh100000i80s1m10000_svrdeflif100000simlen0_seed967561224.log 27989 hl-extractinstructions.txt 20180928_131525 0.6_20170522 GenuineIntel_fam6mod69step1cor2spd2394.000 1e76706a890068ab25a37a371d433df5461015aa_7
20180928_131505 50 1 3 10000 100000 420477893 0 10 0 10 0 0 9 10000 1 TOTAL 0 0 0 0 0 0 0 0 0 100000 100000 80 10000 1 2 1 3 53 0.272 0.140 ../hl/test/log/doc50cop3shlf1lif10000_af10000s1tTOTAL_gf0i0d0m0_sh100000i80s1m10000_svrdeflif100000simlen0_seed420477893.log 28455 hl-extractinstructions.txt 20180928_131537 0.6_20170522 GenuineIntel_fam6mod69step1cor2spd2394.000 1e76706a890068ab25a37a371d433df5461015aa_8
20180928_131517 50 1 3 10000 100000 263688301 0 10 0 10 0 0 9 10000 1 TOTAL 0 0 0 0 0 0 0 0 0 100000 100000 80 10000 1 2 0 1 50 0.195 0.094 ../hl/test/log/doc50cop3shlf1lif10000_af10000s1tTOTAL_gf0i0d0m0_sh100000i80s1m10000_svrdeflif100000simlen0_seed263688301.log 27457 hl-extractinstructions.txt 20180928_131549 0.6_20170522 GenuineIntel_fam6mod69step1cor2spd2394.000 1e76706a890068ab25a37a371d433df5461015aa_9
20180928_131529 50 1 3 10000 100000 50746969 0 10 0 10 0 0 9 10000 1 TOTAL 0 0 0 0 0 0 0 0 0 100000 100000 80 10000 1 2 2 3 55 0.195 0.109 ../hl/test/log/doc50cop3shlf1lif10000_af10000s1tTOTAL_gf0i0d0m0_sh100000i80s1m10000_svrdeflif100000simlen0_seed50746969.log 28465 hl-extractinstructions.txt 20180928_131601 0.6_20170522 GenuineIntel_fam6mod69step1cor2spd2394.000 1e76706a890068ab25a37a371d433df5461015aa_10
20180928_131541 50 1 3 10000 100000 533657980 0 10 0 0 10 0 9 10000 1 TOTAL 0 0 0 0 0 0 0 0 0 100000 100000 80 10000 1 2 0 5 54 0.203 0.094 ../hl/test/log/doc50cop3shlf1lif10000_af10000s1tTOTAL_gf0i0d0m0_sh100000i80s1m10000_svrdeflif100000simlen0_seed533657980.log 29433 hl-extractinstructions.txt 20180928_131613 0.6_20170522 GenuineIntel_fam6mod69step1cor2spd2394.000 1e76706a890068ab25a37a371d433df5461015aa_11
20180928_131553 50 1 3 10000 100000 711283608 0 10 0 10 0 0 9 10000 1 TOTAL 0 0 0 0 0 0 0 0 0 100000 100000 80 10000 1 2 0 3 48 0.192 0.094 ../hl/test/log/doc50cop3shlf1lif10000_af10000s1tTOTAL_gf0i0d0m0_sh100000i80s1m10000_svrdeflif100000simlen0_seed711283608.log 28422 hl-extractinstructions.txt 20180928_131625 0.6_20170522 GenuineIntel_fam6mod69step1cor2spd2394.000 1e76706a890068ab25a37a371d433df5461015aa_12
20180928_131605 50 1 3 10000 100000 597296547 0 10 0 10 0 0 9 10000 1 TOTAL 0 0 0 0 0 0 0 0 0 100000 100000 80 10000 1 2 0 2 54 0.189 0.093 ../hl/test/log/doc50cop3shlf1lif10000_af10000s1tTOTAL_gf0i0d0m0_sh100000i80s1m10000_svrdeflif100000simlen0_seed597296547.log 27974 hl-extractinstructions.txt 20180928_131636 0.6_20170522 GenuineIntel_fam6mod69step1cor2spd2394.000 1e76706a890068ab25a37a371d433df5461015aa_13
20180928_131616 50 1 3 10000 100000 664375964 0 10 0 10 0 0 9 10000 1 TOTAL 0 0 0 0 0 0 0 0 0 100000 100000 80 10000 1 2 1 1 44 0.191 0.110 ../hl/test/log/doc50cop3shlf1lif10000_af10000s1tTOTAL_gf0i0d0m0_sh100000i80s1m10000_svrdeflif100000simlen0_seed664375964.log 27428 hl-extractinstructions.txt 20180928_131648 0.6_20170522 GenuineIntel_fam6mod69step1cor2spd2394.000 1e76706a890068ab25a37a371d433df5461015aa_14
20180928_131628 50 1 3 10000 100000 258760793 0 10 0 0 10 0 9 10000 1 TOTAL 0 0 0 0 0 0 0 0 0 100000 100000 80 10000 1 2 1 5 57 0.199 0.094 ../hl/test/log/doc50cop3shlf1lif10000_af10000s1tTOTAL_gf0i0d0m0_sh100000i80s1m10000_svrdeflif100000simlen0_seed258760793.log 29461 hl-extractinstructions.txt 20180928_131700 0.6_20170522 GenuineIntel_fam6mod69step1cor2spd2394.000 1e76706a890068ab25a37a371d433df5461015aa_15
20180928_131640 50 1 3 10000 100000 666549275 0 10 0 10 0 0 9 10000 1 TOTAL 0 0 0 0 0 0 0 0 0 100000 100000 80 10000 1 2 1 3 55 0.193 0.093 ../hl/test/log/doc50cop3shlf1lif10000_af10000s1tTOTAL_gf0i0d0m0_sh100000i80s1m10000_svrdeflif100000simlen0_seed666549275.log 28474 hl-extractinstructions.txt 20180928_131712 0.6_20170522 GenuineIntel_fam6mod69step1cor2spd2394.000 1e76706a890068ab25a37a371d433df5461015aa_16
20180928_131652 50 1 3 10000 100000 376517787 0 10 0 10 0 0 9 10000 1 TOTAL 0 0 0 0 0 0 0 0 0 100000 100000 80 10000 1 2 0 2 56 0.191 0.109 ../hl/test/log/doc50cop3shlf1lif10000_af10000s1tTOTAL_gf0i0d0m0_sh100000i80s1m10000_svrdeflif100000simlen0_seed376517787.log 27985 hl-extractinstructions.txt 20180928_131724 0.6_20170522 GenuineIntel_fam6mod69step1cor2spd2394.000 1e76706a890068ab25a37a371d433df5461015aa_17
20180928_131704 50 1 3 10000 100000 817713633 0 10 0 10 0 0 9 10000 1 TOTAL 0 0 0 0 0 0 0 0 0 100000 100000 80 10000 1 2 2 1 49 0.189 0.094 ../hl/test/log/doc50cop3shlf1lif10000_af10000s1tTOTAL_gf0i0d0m0_sh100000i80s1m10000_svrdeflif100000simlen0_seed817713633.log 27462 hl-extractinstructions.txt 20180928_131736 0.6_20170522 GenuineIntel_fam6mod69step1cor2spd2394.000 1e76706a890068ab25a37a371d433df5461015aa_18
20180928_131716 50 1 3 10000 100000 519606501 0 10 0 10 0 0 9 10000 1 TOTAL 0 0 0 0 0 0 0 0 0 100000 100000 80 10000 1 2 0 2 49 0.192 0.094 ../hl/test/log/doc50cop3shlf1lif10000_af10000s1tTOTAL_gf0i0d0m0_sh100000i80s1m10000_svrdeflif100000simlen0_seed519606501.log 27941 hl-extractinstructions.txt 20180928_131748 0.6_20170522 GenuineIntel_fam6mod69step1cor2spd2394.000 1e76706a890068ab25a37a371d433df5461015aa_19
20180928_131728 50 1 3 10000 100000 715258232 0 10 0 10 0 0 9 10000 1 TOTAL 0 0 0 0 0 0 0 0 0 100000 100000 80 10000 1 2 0 3 49 0.206 0.093 ../hl/test/log/doc50cop3shlf1lif10000_af10000s1tTOTAL_gf0i0d0m0_sh100000i80s1m10000_svrdeflif100000simlen0_seed715258232.log 28431 hl-extractinstructions.txt 20180928_131800 0.6_20170522 GenuineIntel_fam6mod69step1cor2spd2394.000 1e76706a890068ab25a37a371d433df5461015aa_20
20180928_131740 50 1 3 10000 100000 792850679 0 10 0 10 0 0 9 10000 1 TOTAL 0 0 0 0 0 0 0 0 0 100000 100000 80 10000 1 2 0 3 51 0.194 0.109 ../hl/test/log/doc50cop3shlf1lif10000_af10000s1tTOTAL_gf0i0d0m0_sh100000i80s1m10000_svrdeflif100000simlen0_seed792850679.log 28432 hl-extractinstructions.txt 20180928_131812 0.6_20170522 GenuineIntel_fam6mod69step1cor2spd2394.000 1e76706a890068ab25a37a371d433df5461015aa_21
20180928_131752 50 1 3 10000 100000 919028296 0 10 0 0 10 0 9 10000 1 TOTAL 0 0 0 0 0 0 0 0 0 100000 100000 100 10000 1 2 1 4 52 0.201 0.078 ../hl/test/log/doc50cop3shlf1lif10000_af10000s1tTOTAL_gf0i0d0m0_sh100000i100s1m10000_svrdeflif100000simlen0_seed919028296.log 28940 hl-extractinstructions.txt 20180928_131825 0.6_20170522 GenuineIntel_fam6mod69step1cor2spd2394.000 403795e29f372631a975542665904203d017ef54_1
20180928_131804 50 1 3 10000 100000 103765041 0 10 0 10 0 0 9 10000 1 TOTAL 0 0 0 0 0 0 0 0 0 100000 100000 100 10000 1 2 0 2 57 0.196 0.109 ../hl/test/log/doc50cop3shlf1lif10000_af10000s1tTOTAL_gf0i0d0m0_sh100000i100s1m10000_svrdeflif100000simlen0_seed103765041.log 27999 hl-extractinstructions.txt 20180928_131836 0.6_20170522 GenuineIntel_fam6mod69step1cor2spd2394.000 403795e29f372631a975542665904203d017ef54_2
20180928_131816 50 1 3 10000 100000 141246882 0 10 0 0 10 0 9 10000 1 TOTAL 0 0 0 0 0 0 0 0 0 100000 100000 100 10000 1 2 2 4 52 0.240 0.125 ../hl/test/log/doc50cop3shlf1lif10000_af10000s1tTOTAL_gf0i0d0m0_sh100000i100s1m10000_svrdeflif100000simlen0_seed141246882.log 28941 hl-extractinstructions.txt 20180928_131849 0.6_20170522 GenuineIntel_fam6mod69step1cor2spd2394.000 403795e29f372631a975542665904203d017ef54_3
20180928_131839 50 1 3 10000 100000 681028781 0 10 0 0 10 0 9 10000 1 TOTAL 0 0 0 0 0 0 0 0 0 100000 100000 100 10000 1 2 1 5 60 0.203 0.109 ../hl/test/log/doc50cop3shlf1lif10000_af10000s1tTOTAL_gf0i0d0m0_sh100000i100s1m10000_svrdeflif100000simlen0_seed681028781.log 29476 hl-extractinstructions.txt 20180928_131910 0.6_20170522 GenuineIntel_fam6mod69step1cor2spd2394.000 403795e29f372631a975542665904203d017ef54_4
20180928_131851 50 1 3 10000 100000 117661523 0 10 0 10 0 0 9 10000 1 TOTAL 0 0 0 0 0 0 0 0 0 100000 100000 100 10000 1 2 0 2 42 0.191 0.093 ../hl/test/log/doc50cop3shlf1lif10000_af10000s1tTOTAL_gf0i0d0m0_sh100000i100s1m10000_svrdeflif100000simlen0_seed117661523.log 27911 hl-extractinstructions.txt 20180928_131922 0.6_20170522 GenuineIntel_fam6mod69step1cor2spd2394.000 403795e29f372631a975542665904203d017ef54_5
20180928_131903 50 1 3 10000 100000 105731136 0 10 0 10 0 0 9 10000 1 TOTAL 0 0 0 0 0 0 0 0 0 100000 100000 100 10000 1 2 0 2 48 0.252 0.109 ../hl/test/log/doc50cop3shlf1lif10000_af10000s1tTOTAL_gf0i0d0m0_sh100000i100s1m10000_svrdeflif100000simlen0_seed105731136.log 27934 hl-extractinstructions.txt 20180928_131934 0.6_20170522 GenuineIntel_fam6mod69step1cor2spd2394.000 403795e29f372631a975542665904203d017ef54_6
20180928_131914 50 1 3 10000 100000 967561224 0 10 0 10 0 0 9 10000 1 TOTAL 0 0 0 0 0 0 0 0 0 100000 100000 100 10000 1 2 0 2 56 0.198 0.093 ../hl/test/log/doc50cop3shlf1lif10000_af10000s1tTOTAL_gf0i0d0m0_sh100000i100s1m10000_svrdeflif100000simlen0_seed967561224.log 27991 hl-extractinstructions.txt 20180928_131946 0.6_20170522 GenuineIntel_fam6mod69step1cor2spd2394.000 403795e29f372631a975542665904203d017ef54_7
20180928_131937 50 1 3 10000 100000 420477893 0 10 0 10 0 0 9 10000 1 TOTAL 0 0 0 0 0 0 0 0 0 100000 100000 100 10000 1 2 1 3 53 0.197 0.109 ../hl/test/log/doc50cop3shlf1lif10000_af10000s1tTOTAL_gf0i0d0m0_sh100000i100s1m10000_svrdeflif100000simlen0_seed420477893.log 28458 hl-extractinstructions.txt 20180928_132008 0.6_20170522 GenuineIntel_fam6mod69step1cor2spd2394.000 403795e29f372631a975542665904203d017ef54_8
20180928_131949 50 1 3 10000 100000 263688301 0 10 0 10 0 0 9 10000 1 TOTAL 0 0 0 0 0 0 0 0 0 100000 100000 100 10000 1 2 0 1 50 0.276 0.141 ../hl/test/log/doc50cop3shlf1lif10000_af10000s1tTOTAL_gf0i0d0m0_sh100000i100s1m10000_svrdeflif100000simlen0_seed263688301.log 27459 hl-extractinstructions.txt 20180928_132020 0.6_20170522 GenuineIntel_fam6mod69step1cor2spd2394.000 403795e29f372631a975542665904203d017ef54_9
20180928_132001 50 1 3 10000 100000 50746969 0 10 0 10 0 0 9 10000 1 TOTAL 0 0 0 0 0 0 0 0 0 100000 100000 100 10000 1 2 2 3 55 0.191 0.094 ../hl/test/log/doc50cop3shlf1lif10000_af10000s1tTOTAL_gf0i0d0m0_sh100000i100s1m10000_svrdeflif100000simlen0_seed50746969.log 28467 hl-extractinstructions.txt 20180928_132032 0.6_20170522 GenuineIntel_fam6mod69step1cor2spd2394.000 403795e29f372631a975542665904203d017ef54_10
20180928_132012 50 1 3 10000 100000 533657980 0 10 0 0 10 0 9 10000 1 TOTAL 0 0 0 0 0 0 0 0 0 100000 100000 100 10000 1 2 0 5 54 0.208 0.125 ../hl/test/log/doc50cop3shlf1lif10000_af10000s1tTOTAL_gf0i0d0m0_sh100000i100s1m10000_svrdeflif100000simlen0_seed533657980.log 29435 hl-extractinstructions.txt 20180928_132044 0.6_20170522 GenuineIntel_fam6mod69step1cor2spd2394.000 403795e29f372631a975542665904203d017ef54_11
20180928_132024 50 1 3 10000 100000 711283608 0 10 0 10 0 0 9 10000 1 TOTAL 0 0 0 0 0 0 0 0 0 100000 100000 100 10000 1 2 0 3 48 0.196 0.093 ../hl/test/log/doc50cop3shlf1lif10000_af10000s1tTOTAL_gf0i0d0m0_sh100000i100s1m10000_svrdeflif100000simlen0_seed711283608.log 28424 hl-extractinstructions.txt 20180928_132056 0.6_20170522 GenuineIntel_fam6mod69step1cor2spd2394.000 403795e29f372631a975542665904203d017ef54_12
20180928_132036 50 1 3 10000 100000 597296547 0 10 0 10 0 0 9 10000 1 TOTAL 0 0 0 0 0 0 0 0 0 100000 100000 100 10000 1 2 0 2 54 0.193 0.093 ../hl/test/log/doc50cop3shlf1lif10000_af10000s1tTOTAL_gf0i0d0m0_sh100000i100s1m10000_svrdeflif100000simlen0_seed597296547.log 27976 hl-extractinstructions.txt 20180928_132108 0.6_20170522 GenuineIntel_fam6mod69step1cor2spd2394.000 403795e29f372631a975542665904203d017ef54_13
20180928_132048 50 1 3 10000 100000 664375964 0 10 0 0 10 0 9 10000 1 TOTAL 0 0 0 0 0 0 0 0 0 100000 100000 100 10000 1 2 2 4 46 0.198 0.109 ../hl/test/log/doc50cop3shlf1lif10000_af10000s1tTOTAL_gf0i0d0m0_sh100000i100s1m10000_svrdeflif100000simlen0_seed664375964.log 28917 hl-extractinstructions.txt 20180928_132120 0.6_20170522 GenuineIntel_fam6mod69step1cor2spd2394.000 403795e29f372631a975542665904203d017ef54_14
20180928_132100 50 1 3 10000 100000 258760793 0 10 0 0 10 0 9 10000 1 TOTAL 0 0 0 0 0 0 0 0 0 100000 100000 100 10000 1 2 1 5 57 0.206 0.110 ../hl/test/log/doc50cop3shlf1lif10000_af10000s1tTOTAL_gf0i0d0m0_sh100000i100s1m10000_svrdeflif100000simlen0_seed258760793.log 29462 hl-extractinstructions.txt 20180928_132132 0.6_20170522 GenuineIntel_fam6mod69step1cor2spd2394.000 403795e29f372631a975542665904203d017ef54_15
20180928_132112 50 1 3 10000 100000 666549275 0 10 0 10 0 0 9 10000 1 TOTAL 0 0 0 0 0 0 0 0 0 100000 100000 100 10000 1 2 1 3 55 0.195 0.110 ../hl/test/log/doc50cop3shlf1lif10000_af10000s1tTOTAL_gf0i0d0m0_sh100000i100s1m10000_svrdeflif100000simlen0_seed666549275.log 28475 hl-extractinstructions.txt 20180928_132144 0.6_20170522 GenuineIntel_fam6mod69step1cor2spd2394.000 403795e29f372631a975542665904203d017ef54_16
20180928_132124 50 1 3 10000 100000 376517787 0 10 0 10 0 0 9 10000 1 TOTAL 0 0 0 0 0 0 0 0 0 100000 100000 100 10000 1 2 0 2 56 0.196 0.109 ../hl/test/log/doc50cop3shlf1lif10000_af10000s1tTOTAL_gf0i0d0m0_sh100000i100s1m10000_svrdeflif100000simlen0_seed376517787.log 27987 hl-extractinstructions.txt 20180928_132156 0.6_20170522 GenuineIntel_fam6mod69step1cor2spd2394.000 403795e29f372631a975542665904203d017ef54_17
20180928_132136 50 1 3 10000 100000 817713633 0 10 0 10 0 0 9 10000 1 TOTAL 0 0 0 0 0 0 0 0 0 100000 100000 100 10000 1 2 1 1 49 0.190 0.109 ../hl/test/log/doc50cop3shlf1lif10000_af10000s1tTOTAL_gf0i0d0m0_sh100000i100s1m10000_svrdeflif100000simlen0_seed817713633.log 27468 hl-extractinstructions.txt 20180928_132209 0.6_20170522 GenuineIntel_fam6mod69step1cor2spd2394.000 403795e29f372631a975542665904203d017ef54_18
20180928_132148 50 1 3 10000 100000 519606501 0 10 0 10 0 0 9 10000 1 TOTAL 0 0 0 0 0 0 0 0 0 100000 100000 100 10000 1 2 0 2 49 0.215 0.110 ../hl/test/log/doc50cop3shlf1lif10000_af10000s1tTOTAL_gf0i0d0m0_sh100000i100s1m10000_svrdeflif100000simlen0_seed519606501.log 27942 hl-extractinstructions.txt 20180928_132220 0.6_20170522 GenuineIntel_fam6mod69step1cor2spd2394.000 403795e29f372631a975542665904203d017ef54_19
20180928_132200 50 1 3 10000 100000 715258232 0 10 0 10 0 0 9 10000 1 TOTAL 0 0 0 0 0 0 0 0 0 100000 100000 100 10000 1 2 0 3 49 0.195 0.109 ../hl/test/log/doc50cop3shlf1lif10000_af10000s1tTOTAL_gf0i0d0m0_sh100000i100s1m10000_svrdeflif100000simlen0_seed715258232.log 28433 hl-extractinstructions.txt 20180928_132233 0.6_20170522 GenuineIntel_fam6mod69step1cor2spd2394.000 403795e29f372631a975542665904203d017ef54_20
20180928_132212 50 1 3 10000 100000 792850679 0 10 0 10 0 0 9 10000 1 TOTAL 0 0 0 0 0 0 0 0 0 100000 100000 100 10000 1 2 0 3 51 0.217 0.110 ../hl/test/log/doc50cop3shlf1lif10000_af10000s1tTOTAL_gf0i0d0m0_sh100000i100s1m10000_svrdeflif100000simlen0_seed792850679.log 28433 hl-extractinstructions.txt 20180928_132244 0.6_20170522 GenuineIntel_fam6mod69step1cor2spd2394.000 403795e29f372631a975542665904203d017ef54_21
