timestamp docsize copies lifem simlength seed lost docstotal docsokay docsrepairedmajority docsrepairedminority docslost auditcycles auditfrequency auditsegments auditrepairs auditmajority auditminority auditlost walltime cputime logfilename logfilesize instructionfilename todaysdatetime extractorversion
20150102_142542 50 3 50 100000 103765041 0 10000 7430 2554 22 0 9 10000 1 2660 2616 22 0 14.735 10.467 ../q2/d50a10000s1long100/logb0050/c03d50b0050s103765041.log 316808 q2-extractinstructions-02.txt 20150102_191910 0.4
20150102_142613 50 3 50 100000 105731136 0 10000 7462 2512 36 0 9 10000 1 2638 2568 35 0 14.196 10.498 ../q2/d50a10000s1long100/logb0050/c03d50b0050s105731136.log 313005 q2-extractinstructions-02.txt 20150102_191911 0.4
20150102_142607 50 3 50 100000 117661523 0 10000 7396 2579 30 0 9 10000 1 2722 2666 28 0 14.782 10.592 ../q2/d50a10000s1long100/logb0050/c03d50b0050s117661523.log 320858 q2-extractinstructions-02.txt 20150102_191912 0.4
20150102_142548 50 3 50 100000 141246882 0 10000 7463 2511 32 0 9 10000 1 2661 2603 29 0 15.246 11.154 ../q2/d50a10000s1long100/logb0050/c03d50b0050s141246882.log 312878 q2-extractinstructions-02.txt 20150102_191913 0.4
20150102_142930 50 3 50 100000 229298583 0 10000 7350 2622 34 0 9 10000 1 2739 2681 29 0 14.452 10.562 ../q2/d50a10000s1long100/logb0050/c03d50b0050s229298583.log 326343 q2-extractinstructions-02.txt 20150102_191914 0.4
20150102_142729 50 3 50 100000 258760793 0 10000 7361 2618 32 0 9 10000 1 2743 2691 26 0 14.254 10.452 ../q2/d50a10000s1long100/logb0050/c03d50b0050s258760793.log 325009 q2-extractinstructions-02.txt 20150102_191915 0.4
20150102_142638 50 3 50 100000 263688301 0 10000 7403 2585 22 0 9 10000 1 2685 2645 20 0 14.255 10.499 ../q2/d50a10000s1long100/logb0050/c03d50b0050s263688301.log 320014 q2-extractinstructions-02.txt 20150102_191916 0.4
20150102_143233 50 3 50 100000 336520112 0 10000 7365 2613 27 0 9 10000 1 2735 2683 26 0 14.186 10.483 ../q2/d50a10000s1long100/logb0050/c03d50b0050s336520112.log 324545 q2-extractinstructions-02.txt 20150102_191917 0.4
20150102_143111 50 3 50 100000 364245801 1 10000 7383 2591 32 1 9 10000 1 2735 2673 31 1 14.508 10.53 ../q2/d50a10000s1long100/logb0050/c03d50b0050s364245801.log 322379 q2-extractinstructions-02.txt 20150102_191918 0.4
20150102_142748 50 3 50 100000 376517787 0 10000 7376 2598 33 0 9 10000 1 2731 2669 31 0 14.447 10.53 ../q2/d50a10000s1long100/logb0050/c03d50b0050s376517787.log 323224 q2-extractinstructions-02.txt 20150102_191919 0.4
20150102_142632 50 3 50 100000 420477893 0 10000 7374 2598 34 0 9 10000 1 2667 2607 30 0 14.510 10.546 ../q2/d50a10000s1long100/logb0050/c03d50b0050s420477893.log 323470 q2-extractinstructions-02.txt 20150102_191920 0.4
20150102_143001 50 3 50 100000 487615299 0 10000 7453 2520 30 0 9 10000 1 2585 2533 26 0 14.156 10.42 ../q2/d50a10000s1long100/logb0050/c03d50b0050s487615299.log 314055 q2-extractinstructions-02.txt 20150102_191921 0.4
20150102_142904 50 3 50 100000 488153710 0 10000 7393 2594 16 0 9 10000 1 2700 2668 16 0 15.176 11.216 ../q2/d50a10000s1long100/logb0050/c03d50b0050s488153710.log 321198 q2-extractinstructions-02.txt 20150102_191922 0.4
20150102_142936 50 3 50 100000 49497595 1 10000 7401 2577 25 1 9 10000 1 2720 2672 24 0 14.345 10.452 ../q2/d50a10000s1long100/logb0050/c03d50b0050s49497595.log 320241 q2-extractinstructions-02.txt 20150102_191923 0.4
20150102_142653 50 3 50 100000 50746969 0 10000 7382 2591 38 0 9 10000 1 2728 2654 37 0 15.891 10.437 ../q2/d50a10000s1long100/logb0050/c03d50b0050s50746969.log 322479 q2-extractinstructions-02.txt 20150102_191924 0.4
20150102_142911 50 3 50 100000 51492881 0 10000 7381 2599 25 0 9 10000 1 2717 2673 22 0 14.325 10.468 ../q2/d50a10000s1long100/logb0050/c03d50b0050s51492881.log 322580 q2-extractinstructions-02.txt 20150102_191925 0.4
20150102_142809 50 3 50 100000 519606501 0 10000 7381 2600 25 0 9 10000 1 2724 2682 21 0 15.859 10.436 ../q2/d50a10000s1long100/logb0050/c03d50b0050s519606501.log 322616 q2-extractinstructions-02.txt 20150102_191926 0.4
20150102_142658 50 3 50 100000 533657980 0 10000 7417 2565 24 0 9 10000 1 2671 2629 21 0 14.521 10.483 ../q2/d50a10000s1long100/logb0050/c03d50b0050s533657980.log 318350 q2-extractinstructions-02.txt 20150102_191927 0.4
20150102_143041 50 3 50 100000 580369466 1 10000 7387 2585 32 1 9 10000 1 2684 2622 31 1 15.723 10.499 ../q2/d50a10000s1long100/logb0050/c03d50b0050s580369466.log 321909 q2-extractinstructions-02.txt 20150102_191928 0.4
20150102_142718 50 3 50 100000 597296547 0 10000 7364 2609 37 0 9 10000 1 2748 2674 37 0 15.682 10.545 ../q2/d50a10000s1long100/logb0050/c03d50b0050s597296547.log 324666 q2-extractinstructions-02.txt 20150102_191929 0.4
20150102_143117 50 3 50 100000 603593284 0 10000 7371 2618 16 0 9 10000 1 2739 2709 15 0 14.309 10.53 ../q2/d50a10000s1long100/logb0050/c03d50b0050s603593284.log 323800 q2-extractinstructions-02.txt 20150102_191931 0.4
20150102_143222 50 3 50 100000 60400782 0 10000 7444 2534 29 0 9 10000 1 2641 2595 23 0 15.715 10.405 ../q2/d50a10000s1long100/logb0050/c03d50b0050s60400782.log 315098 q2-extractinstructions-02.txt 20150102_191932 0.4
20150102_143021 50 3 50 100000 619181484 1 10000 7369 2605 27 1 9 10000 1 2710 2656 27 1 15.211 11.186 ../q2/d50a10000s1long100/logb0050/c03d50b0050s619181484.log 324041 q2-extractinstructions-02.txt 20150102_191933 0.4
20150102_143227 50 3 50 100000 65398367 0 10000 7439 2537 27 0 9 10000 1 2632 2582 25 0 14.236 10.484 ../q2/d50a10000s1long100/logb0050/c03d50b0050s65398367.log 315702 q2-extractinstructions-02.txt 20150102_191934 0.4
20150102_142839 50 3 50 100000 656627946 0 10000 7392 2583 37 0 9 10000 1 2704 2638 33 0 14.389 10.531 ../q2/d50a10000s1long100/logb0050/c03d50b0050s656627946.log 321297 q2-extractinstructions-02.txt 20150102_191935 0.4
20150102_142723 50 3 50 100000 664375964 0 10000 7352 2613 40 0 9 10000 1 2720 2644 38 0 14.580 10.53 ../q2/d50a10000s1long100/logb0050/c03d50b0050s664375964.log 326062 q2-extractinstructions-02.txt 20150102_191936 0.4
20150102_142743 50 3 50 100000 666549275 0 10000 7462 2507 41 0 9 10000 1 2629 2561 34 0 15.439 10.468 ../q2/d50a10000s1long100/logb0050/c03d50b0050s666549275.log 312996 q2-extractinstructions-02.txt 20150102_191937 0.4
20150102_142602 50 3 50 100000 681028781 0 10000 7392 2587 22 0 9 10000 1 2707 2669 19 0 16.362 11.247 ../q2/d50a10000s1long100/logb0050/c03d50b0050s681028781.log 321364 q2-extractinstructions-02.txt 20150102_191938 0.4
20150102_143052 50 3 50 100000 691574937 0 10000 7440 2535 35 0 9 10000 1 2651 2589 31 0 14.243 10.499 ../q2/d50a10000s1long100/logb0050/c03d50b0050s691574937.log 315596 q2-extractinstructions-02.txt 20150102_191939 0.4
20150102_143106 50 3 50 100000 696282793 0 10000 7344 2634 30 0 9 10000 1 2757 2703 27 0 15.826 10.53 ../q2/d50a10000s1long100/logb0050/c03d50b0050s696282793.log 327012 q2-extractinstructions-02.txt 20150102_191940 0.4
20150102_143132 50 3 50 100000 70757215 0 10000 7394 2577 39 0 9 10000 1 2714 2644 35 0 15.683 10.546 ../q2/d50a10000s1long100/logb0050/c03d50b0050s70757215.log 321057 q2-extractinstructions-02.txt 20150102_191941 0.4
20150102_142704 50 3 50 100000 711283608 0 10000 7456 2521 30 0 9 10000 1 2651 2599 26 0 14.175 10.484 ../q2/d50a10000s1long100/logb0050/c03d50b0050s711283608.log 313703 q2-extractinstructions-02.txt 20150102_191942 0.4
20150102_143142 50 3 50 100000 71232281 0 10000 7341 2640 26 0 9 10000 1 2733 2683 25 0 14.300 10.546 ../q2/d50a10000s1long100/logb0050/c03d50b0050s71232281.log 327364 q2-extractinstructions-02.txt 20150102_191943 0.4
20150102_142814 50 3 50 100000 715258232 1 10000 7324 2653 29 1 9 10000 1 2768 2712 28 1 14.589 10.592 ../q2/d50a10000s1long100/logb0050/c03d50b0050s715258232.log 329402 q2-extractinstructions-02.txt 20150102_191944 0.4
20150102_142955 50 3 50 100000 731421358 0 10000 7444 2537 22 0 9 10000 1 2613 2577 18 0 14.220 10.514 ../q2/d50a10000s1long100/logb0050/c03d50b0050s731421358.log 315145 q2-extractinstructions-02.txt 20150102_191945 0.4
20150102_143137 50 3 50 100000 764644760 0 10000 7402 2569 34 0 9 10000 1 2678 2614 32 0 15.014 11.139 ../q2/d50a10000s1long100/logb0050/c03d50b0050s764644760.log 320119 q2-extractinstructions-02.txt 20150102_191946 0.4
20150102_142859 50 3 50 100000 771297240 0 10000 7376 2601 30 0 9 10000 1 2752 2700 26 0 15.762 10.53 ../q2/d50a10000s1long100/logb0050/c03d50b0050s771297240.log 323228 q2-extractinstructions-02.txt 20150102_191947 0.4
20150102_142820 50 3 50 100000 792850679 0 10000 7453 2528 27 0 9 10000 1 2661 2613 24 0 14.178 10.498 ../q2/d50a10000s1long100/logb0050/c03d50b0050s792850679.log 314075 q2-extractinstructions-02.txt 20150102_191948 0.4
20150102_142754 50 3 50 100000 817713633 0 10000 7417 2567 24 0 9 10000 1 2656 2612 22 0 14.235 10.499 ../q2/d50a10000s1long100/logb0050/c03d50b0050s817713633.log 318365 q2-extractinstructions-02.txt 20150102_191949 0.4
20150102_143202 50 3 50 100000 835080798 0 10000 7490 2486 28 0 9 10000 1 2548 2494 27 0 14.400 10.452 ../q2/d50a10000s1long100/logb0050/c03d50b0050s835080798.log 309653 q2-extractinstructions-02.txt 20150102_191950 0.4
20150102_143157 50 3 50 100000 855242110 0 10000 7461 2526 19 0 9 10000 1 2632 2598 17 0 15.648 10.435 ../q2/d50a10000s1long100/logb0050/c03d50b0050s855242110.log 313120 q2-extractinstructions-02.txt 20150102_191951 0.4
20150102_143026 50 3 50 100000 869373100 1 10000 7396 2577 31 1 9 10000 1 2695 2635 30 0 14.260 10.545 ../q2/d50a10000s1long100/logb0050/c03d50b0050s869373100.log 320852 q2-extractinstructions-02.txt 20150102_191952 0.4
20150102_142536 50 3 50 100000 919028296 0 10000 7391 2587 28 0 9 10000 1 2730 2676 27 0 15.883 10.483 ../q2/d50a10000s1long100/logb0050/c03d50b0050s919028296.log 321426 q2-extractinstructions-02.txt 20150102_191953 0.4
20150102_142925 50 3 50 100000 932031761 0 10000 7451 2527 26 0 9 10000 1 2628 2582 23 0 15.424 10.437 ../q2/d50a10000s1long100/logb0050/c03d50b0050s932031761.log 314300 q2-extractinstructions-02.txt 20150102_191954 0.4
20150102_143208 50 3 50 100000 937674136 0 10000 7437 2545 27 0 9 10000 1 2663 2617 23 0 14.319 10.483 ../q2/d50a10000s1long100/logb0050/c03d50b0050s937674136.log 315959 q2-extractinstructions-02.txt 20150102_191955 0.4
20150102_142627 50 3 50 100000 967561224 1 10000 7389 2584 32 1 9 10000 1 2723 2669 27 1 15.666 10.452 ../q2/d50a10000s1long100/logb0050/c03d50b0050s967561224.log 321677 q2-extractinstructions-02.txt 20150102_191956 0.4
20150102_142834 50 3 50 100000 969331491 0 10000 7462 2522 19 0 9 10000 1 2639 2605 17 0 15.474 10.468 ../q2/d50a10000s1long100/logb0050/c03d50b0050s969331491.log 312985 q2-extractinstructions-02.txt 20150102_191958 0.4
20150102_143016 50 3 50 100000 974358641 0 10000 7447 2531 25 0 9 10000 1 2634 2586 24 0 16.311 11.122 ../q2/d50a10000s1long100/logb0050/c03d50b0050s974358641.log 314758 q2-extractinstructions-02.txt 20150102_191959 0.4
20150102_143046 50 3 50 100000 981597449 1 10000 7366 2608 40 1 9 10000 1 2702 2624 39 1 14.654 10.562 ../q2/d50a10000s1long100/logb0050/c03d50b0050s981597449.log 324409 q2-extractinstructions-02.txt 20150102_192000 0.4
20150102_142950 50 3 50 100000 981995409 1 10000 7446 2535 23 1 9 10000 1 2674 2636 19 1 15.625 10.483 ../q2/d50a10000s1long100/logb0050/c03d50b0050s981995409.log 314903 q2-extractinstructions-02.txt 20150102_192001 0.4
20150102_142845 50 3 50 100000 985655050 0 10000 7426 2553 21 0 9 10000 1 2643 2603 20 0 14.827 11.014 ../q2/d50a10000s1long100/logb0050/c03d50b0050s985655050.log 317282 q2-extractinstructions-02.txt 20150102_192002 0.4
20150102_174603 50 3 100 100000 103765041 0 10000 8609 1384 9 0 9 10000 1 1339 1321 9 0 13.134 8.876 ../q2/d50a10000s1long100/logb0100/c03d50b0100s103765041.log 176632 q2-extractinstructions-02.txt 20150102_192002 0.4
20150102_174624 50 3 100 100000 105731136 0 10000 8612 1379 10 0 9 10000 1 1341 1321 10 0 13.350 9.251 ../q2/d50a10000s1long100/logb0100/c03d50b0100s105731136.log 176261 q2-extractinstructions-02.txt 20150102_192003 0.4
20150102_174619 50 3 100 100000 117661523 0 10000 8605 1392 3 0 9 10000 1 1359 1353 3 0 13.143 9.251 ../q2/d50a10000s1long100/logb0100/c03d50b0100s117661523.log 177106 q2-extractinstructions-02.txt 20150102_192004 0.4
20150102_174608 50 3 100 100000 141246882 0 10000 8595 1400 5 0 9 10000 1 1364 1354 5 0 12.720 8.549 ../q2/d50a10000s1long100/logb0100/c03d50b0100s141246882.log 178275 q2-extractinstructions-02.txt 20150102_192005 0.4
20150102_174831 50 3 100 100000 229298583 0 10000 8575 1423 2 0 9 10000 1 1390 1386 2 0 12.888 8.845 ../q2/d50a10000s1long100/logb0100/c03d50b0100s229298583.log 180676 q2-extractinstructions-02.txt 20150102_192005 0.4
20150102_174710 50 3 100 100000 258760793 0 10000 8584 1411 8 0 9 10000 1 1374 1362 6 0 12.796 8.737 ../q2/d50a10000s1long100/logb0100/c03d50b0100s258760793.log 179593 q2-extractinstructions-02.txt 20150102_192006 0.4
20150102_174639 50 3 100 100000 263688301 0 10000 8596 1401 4 0 9 10000 1 1346 1338 4 0 12.976 8.83 ../q2/d50a10000s1long100/logb0100/c03d50b0100s263688301.log 178146 q2-extractinstructions-02.txt 20150102_192007 0.4
20150102_175024 50 3 100 100000 336520112 0 10000 8558 1437 5 0 9 10000 1 1389 1381 4 0 11.940 8.752 ../q2/d50a10000s1long100/logb0100/c03d50b0100s336520112.log 182701 q2-extractinstructions-02.txt 20150102_192007 0.4
20150102_174933 50 3 100 100000 364245801 0 10000 8596 1397 9 0 9 10000 1 1381 1365 8 0 12.663 8.674 ../q2/d50a10000s1long100/logb0100/c03d50b0100s364245801.log 178158 q2-extractinstructions-02.txt 20150102_192008 0.4
20150102_174720 50 3 100 100000 376517787 0 10000 8567 1425 8 0 9 10000 1 1417 1401 8 0 12.796 8.487 ../q2/d50a10000s1long100/logb0100/c03d50b0100s376517787.log 181619 q2-extractinstructions-02.txt 20150102_192009 0.4
20150102_174634 50 3 100 100000 420477893 0 10000 8577 1418 6 0 9 10000 1 1366 1356 5 0 13.095 8.876 ../q2/d50a10000s1long100/logb0100/c03d50b0100s420477893.log 180415 q2-extractinstructions-02.txt 20150102_192010 0.4
20150102_174852 50 3 100 100000 487615299 0 10000 8602 1394 4 0 9 10000 1 1385 1377 4 0 13.202 9.235 ../q2/d50a10000s1long100/logb0100/c03d50b0100s487615299.log 177435 q2-extractinstructions-02.txt 20150102_192010 0.4
20150102_174816 50 3 100 100000 488153710 0 10000 8638 1356 6 0 9 10000 1 1308 1298 5 0 12.518 8.455 ../q2/d50a10000s1long100/logb0100/c03d50b0100s488153710.log 173165 q2-extractinstructions-02.txt 20150102_192011 0.4
20150102_174837 50 3 100 100000 49497595 0 10000 8575 1419 6 0 9 10000 1 1381 1369 6 0 13.086 9.094 ../q2/d50a10000s1long100/logb0100/c03d50b0100s49497595.log 180640 q2-extractinstructions-02.txt 20150102_192012 0.4
20150102_174644 50 3 100 100000 50746969 0 10000 8578 1412 12 0 9 10000 1 1367 1345 11 0 12.921 8.846 ../q2/d50a10000s1long100/logb0100/c03d50b0100s50746969.log 180295 q2-extractinstructions-02.txt 20150102_192012 0.4
20150102_174821 50 3 100 100000 51492881 0 10000 8605 1390 5 0 9 10000 1 1321 1313 4 0 12.575 8.533 ../q2/d50a10000s1long100/logb0100/c03d50b0100s51492881.log 177068 q2-extractinstructions-02.txt 20150102_192013 0.4
20150102_174730 50 3 100 100000 519606501 0 10000 8568 1425 7 0 9 10000 1 1355 1343 6 0 14.053 8.985 ../q2/d50a10000s1long100/logb0100/c03d50b0100s519606501.log 181491 q2-extractinstructions-02.txt 20150102_192014 0.4
20150102_174649 50 3 100 100000 533657980 0 10000 8640 1352 8 0 9 10000 1 1323 1311 6 0 12.541 8.595 ../q2/d50a10000s1long100/logb0100/c03d50b0100s533657980.log 172932 q2-extractinstructions-02.txt 20150102_192015 0.4
20150102_174912 50 3 100 100000 580369466 0 10000 8576 1414 11 0 9 10000 1 1373 1351 11 0 12.738 8.736 ../q2/d50a10000s1long100/logb0100/c03d50b0100s580369466.log 180568 q2-extractinstructions-02.txt 20150102_192015 0.4
20150102_174659 50 3 100 100000 597296547 0 10000 8598 1390 13 0 9 10000 1 1383 1357 13 0 12.688 8.486 ../q2/d50a10000s1long100/logb0100/c03d50b0100s597296547.log 177943 q2-extractinstructions-02.txt 20150102_192016 0.4
20150102_174938 50 3 100 100000 603593284 0 10000 8583 1413 4 0 9 10000 1 1344 1340 2 0 12.271 8.44 ../q2/d50a10000s1long100/logb0100/c03d50b0100s603593284.log 179712 q2-extractinstructions-02.txt 20150102_192017 0.4
20150102_175014 50 3 100 100000 60400782 0 10000 8622 1374 6 0 9 10000 1 1321 1311 5 0 13.184 9.173 ../q2/d50a10000s1long100/logb0100/c03d50b0100s60400782.log 175048 q2-extractinstructions-02.txt 20150102_192017 0.4
20150102_174902 50 3 100 100000 619181484 0 10000 8585 1410 5 0 9 10000 1 1365 1357 4 0 12.607 8.517 ../q2/d50a10000s1long100/logb0100/c03d50b0100s619181484.log 179484 q2-extractinstructions-02.txt 20150102_192018 0.4
20150102_175019 50 3 100 100000 65398367 0 10000 8641 1353 6 0 9 10000 1 1323 1311 6 0 11.908 8.44 ../q2/d50a10000s1long100/logb0100/c03d50b0100s65398367.log 172800 q2-extractinstructions-02.txt 20150102_192019 0.4
20150102_174800 50 3 100 100000 656627946 0 10000 8577 1420 4 0 9 10000 1 1386 1380 3 0 12.750 8.798 ../q2/d50a10000s1long100/logb0100/c03d50b0100s656627946.log 180416 q2-extractinstructions-02.txt 20150102_192019 0.4
20150102_174705 50 3 100 100000 664375964 0 10000 8596 1398 7 0 9 10000 1 1357 1343 7 0 12.768 8.783 ../q2/d50a10000s1long100/logb0100/c03d50b0100s664375964.log 178159 q2-extractinstructions-02.txt 20150102_192020 0.4
20150102_174715 50 3 100 100000 666549275 0 10000 8631 1360 10 0 9 10000 1 1310 1292 9 0 12.576 8.486 ../q2/d50a10000s1long100/logb0100/c03d50b0100s666549275.log 174004 q2-extractinstructions-02.txt 20150102_192021 0.4
20150102_174613 50 3 100 100000 681028781 0 10000 8612 1382 7 0 9 10000 1 1365 1355 5 0 11.877 8.517 ../q2/d50a10000s1long100/logb0100/c03d50b0100s681028781.log 176295 q2-extractinstructions-02.txt 20150102_192022 0.4
20150102_174922 50 3 100 100000 691574937 0 10000 8599 1389 12 0 9 10000 1 1358 1336 11 0 12.651 8.486 ../q2/d50a10000s1long100/logb0100/c03d50b0100s691574937.log 177816 q2-extractinstructions-02.txt 20150102_192022 0.4
20150102_174928 50 3 100 100000 696282793 0 10000 8563 1430 7 0 9 10000 1 1400 1388 6 0 12.595 8.503 ../q2/d50a10000s1long100/logb0100/c03d50b0100s696282793.log 182079 q2-extractinstructions-02.txt 20150102_192023 0.4
20150102_174943 50 3 100 100000 70757215 0 10000 8598 1396 7 0 9 10000 1 1377 1365 6 0 12.733 8.783 ../q2/d50a10000s1long100/logb0100/c03d50b0100s70757215.log 177915 q2-extractinstructions-02.txt 20150102_192024 0.4
20150102_174654 50 3 100 100000 711283608 0 10000 8625 1369 7 0 9 10000 1 1324 1312 6 0 12.596 8.471 ../q2/d50a10000s1long100/logb0100/c03d50b0100s711283608.log 174718 q2-extractinstructions-02.txt 20150102_192024 0.4
20150102_174953 50 3 100 100000 71232281 0 10000 8600 1394 9 0 9 10000 1 1364 1346 9 0 12.838 8.767 ../q2/d50a10000s1long100/logb0100/c03d50b0100s71232281.log 177669 q2-extractinstructions-02.txt 20150102_192025 0.4
20150102_174735 50 3 100 100000 715258232 1 10000 8569 1422 8 1 9 10000 1 1383 1369 7 1 12.454 8.908 ../q2/d50a10000s1long100/logb0100/c03d50b0100s715258232.log 181372 q2-extractinstructions-02.txt 20150102_192026 0.4
20150102_174846 50 3 100 100000 731421358 0 10000 8631 1364 6 0 9 10000 1 1319 1307 6 0 12.674 8.861 ../q2/d50a10000s1long100/logb0100/c03d50b0100s731421358.log 174006 q2-extractinstructions-02.txt 20150102_192026 0.4
20150102_174948 50 3 100 100000 764644760 0 10000 8614 1377 9 0 9 10000 1 1324 1308 8 0 12.580 8.549 ../q2/d50a10000s1long100/logb0100/c03d50b0100s764644760.log 176025 q2-extractinstructions-02.txt 20150102_192027 0.4
20150102_174811 50 3 100 100000 771297240 0 10000 8581 1413 6 0 9 10000 1 1386 1374 6 0 12.602 8.564 ../q2/d50a10000s1long100/logb0100/c03d50b0100s771297240.log 179981 q2-extractinstructions-02.txt 20150102_192028 0.4
20150102_174741 50 3 100 100000 792850679 0 10000 8655 1339 6 0 9 10000 1 1313 1301 6 0 11.854 8.408 ../q2/d50a10000s1long100/logb0100/c03d50b0100s792850679.log 171161 q2-extractinstructions-02.txt 20150102_192029 0.4
20150102_174725 50 3 100 100000 817713633 0 10000 8675 1320 6 0 9 10000 1 1256 1244 6 0 12.385 8.548 ../q2/d50a10000s1long100/logb0100/c03d50b0100s817713633.log 168784 q2-extractinstructions-02.txt 20150102_192029 0.4
20150102_175004 50 3 100 100000 835080798 0 10000 8640 1348 13 0 9 10000 1 1314 1294 10 0 12.742 8.767 ../q2/d50a10000s1long100/logb0100/c03d50b0100s835080798.log 172935 q2-extractinstructions-02.txt 20150102_192030 0.4
20150102_174958 50 3 100 100000 855242110 0 10000 8613 1382 8 0 9 10000 1 1344 1328 8 0 12.757 8.752 ../q2/d50a10000s1long100/logb0100/c03d50b0100s855242110.log 176150 q2-extractinstructions-02.txt 20150102_192031 0.4
20150102_174907 50 3 100 100000 869373100 0 10000 8588 1402 11 0 9 10000 1 1364 1342 11 0 12.419 8.548 ../q2/d50a10000s1long100/logb0100/c03d50b0100s869373100.log 179101 q2-extractinstructions-02.txt 20150102_192031 0.4
20150102_174557 50 3 100 100000 919028296 0 10000 8536 1456 8 0 9 10000 1 1439 1423 8 0 13.432 8.752 ../q2/d50a10000s1long100/logb0100/c03d50b0100s919028296.log 185301 q2-extractinstructions-02.txt 20150102_192032 0.4
20150102_174826 50 3 100 100000 932031761 0 10000 8635 1358 8 0 9 10000 1 1327 1317 5 0 13.135 9.282 ../q2/d50a10000s1long100/logb0100/c03d50b0100s932031761.log 173534 q2-extractinstructions-02.txt 20150102_192033 0.4
20150102_175009 50 3 100 100000 937674136 0 10000 8606 1385 9 0 9 10000 1 1350 1334 8 0 13.363 9.235 ../q2/d50a10000s1long100/logb0100/c03d50b0100s937674136.log 176975 q2-extractinstructions-02.txt 20150102_192034 0.4
20150102_174629 50 3 100 100000 967561224 0 10000 8556 1438 7 0 9 10000 1 1373 1361 6 0 13.107 8.845 ../q2/d50a10000s1long100/logb0100/c03d50b0100s967561224.log 182918 q2-extractinstructions-02.txt 20150102_192034 0.4
20150102_174755 50 3 100 100000 969331491 0 10000 8629 1365 6 0 9 10000 1 1326 1316 5 0 13.153 9.235 ../q2/d50a10000s1long100/logb0100/c03d50b0100s969331491.log 174228 q2-extractinstructions-02.txt 20150102_192035 0.4
20150102_174857 50 3 100 100000 974358641 0 10000 8670 1320 11 0 9 10000 1 1284 1268 8 0 12.313 8.471 ../q2/d50a10000s1long100/logb0100/c03d50b0100s974358641.log 169350 q2-extractinstructions-02.txt 20150102_192036 0.4
20150102_174917 50 3 100 100000 981597449 0 10000 8628 1364 9 0 9 10000 1 1317 1301 8 0 12.698 8.689 ../q2/d50a10000s1long100/logb0100/c03d50b0100s981597449.log 174364 q2-extractinstructions-02.txt 20150102_192036 0.4
20150102_174842 50 3 100 100000 981995409 0 10000 8600 1398 2 0 9 10000 1 1348 1346 1 0 12.905 8.752 ../q2/d50a10000s1long100/logb0100/c03d50b0100s981995409.log 177709 q2-extractinstructions-02.txt 20150102_192037 0.4
20150102_174806 50 3 100 100000 985655050 0 10000 8633 1363 4 0 9 10000 1 1340 1332 4 0 12.512 8.378 ../q2/d50a10000s1long100/logb0100/c03d50b0100s985655050.log 173779 q2-extractinstructions-02.txt 20150102_192038 0.4
