timestamp docsize copies lifem simlength seed lost docstotal docsokay docsrepairedmajority docsrepairedminority docslost auditcycles auditfrequency auditsegments auditrepairs auditmajority auditminority auditlost walltime cputime logfilename logfilesize instructionfilename todaysdatetime extractorversion
20150104_140327 50 3 30 100000 103765041 0 10000 6080 3864 75 0 9 10000 1 4359 4231 64 0 18.100 13.104 ../q2/d50a10000s1long100/logb0030/c03d50b0030s103765041.log 477314 q2-extractinstructions-02.txt 20150104_150307 0.4
20150104_140407 50 3 30 100000 105731136 1 10000 6114 3829 90 1 9 10000 1 4423 4259 82 1 17.999 13.026 ../q2/d50a10000s1long100/logb0030/c03d50b0030s105731136.log 473217 q2-extractinstructions-02.txt 20150104_150309 0.4
20150104_140403 50 3 30 100000 117661523 1 10000 6041 3907 82 1 9 10000 1 4478 4334 72 1 18.020 13.041 ../q2/d50a10000s1long100/logb0030/c03d50b0030s117661523.log 481915 q2-extractinstructions-02.txt 20150104_150310 0.4
20150104_141711 50 3 30 100000 133966184 0 10000 6023 3937 68 0 9 10000 1 4482 4362 60 0 17.944 13.228 ../q2/d50a10000s1long100/logb0030/c03d50b0030s133966184.log 484066 q2-extractinstructions-02.txt 20150104_150312 0.4
20150104_140342 50 3 30 100000 141246882 0 10000 6108 3842 80 0 9 10000 1 4443 4313 65 0 19.022 14.242 ../q2/d50a10000s1long100/logb0030/c03d50b0030s141246882.log 473967 q2-extractinstructions-02.txt 20150104_150313 0.4
20150104_141444 50 3 30 100000 15591650 1 10000 6012 3940 73 1 9 10000 1 4461 4327 67 0 18.269 13.12 ../q2/d50a10000s1long100/logb0030/c03d50b0030s15591650.log 485360 q2-extractinstructions-02.txt 20150104_150315 0.4
20150104_141812 50 3 30 100000 166280481 0 10000 6141 3812 63 0 9 10000 1 4402 4290 56 0 18.144 12.98 ../q2/d50a10000s1long100/logb0030/c03d50b0030s166280481.log 470060 q2-extractinstructions-02.txt 20150104_150316 0.4
20150104_141606 50 3 30 100000 176818827 1 10000 6056 3908 63 1 9 10000 1 4394 4282 56 1 17.802 13.26 ../q2/d50a10000s1long100/logb0030/c03d50b0030s176818827.log 480108 q2-extractinstructions-02.txt 20150104_150317 0.4
20150104_141929 50 3 30 100000 178615611 1 10000 6107 3834 91 1 9 10000 1 4422 4252 85 1 17.596 12.979 ../q2/d50a10000s1long100/logb0030/c03d50b0030s178615611.log 474087 q2-extractinstructions-02.txt 20150104_150319 0.4
20150104_141348 50 3 30 100000 193031530 0 10000 6043 3905 81 0 9 10000 1 4477 4327 75 0 17.906 12.98 ../q2/d50a10000s1long100/logb0030/c03d50b0030s193031530.log 481675 q2-extractinstructions-02.txt 20150104_150320 0.4
20150104_142040 50 3 30 100000 213707177 0 10000 6024 3929 77 0 9 10000 1 4509 4369 70 0 17.183 12.932 ../q2/d50a10000s1long100/logb0030/c03d50b0030s213707177.log 483941 q2-extractinstructions-02.txt 20150104_150322 0.4
20150104_141727 50 3 30 100000 219481355 0 10000 6044 3911 71 0 9 10000 1 4438 4314 62 0 17.823 13.12 ../q2/d50a10000s1long100/logb0030/c03d50b0030s219481355.log 481570 q2-extractinstructions-02.txt 20150104_150323 0.4
20150104_140817 50 3 30 100000 229298583 0 10000 6028 3933 65 0 9 10000 1 4475 4355 60 0 17.919 13.011 ../q2/d50a10000s1long100/logb0030/c03d50b0030s229298583.log 483489 q2-extractinstructions-02.txt 20150104_150324 0.4
20150104_141914 50 3 30 100000 235032171 0 10000 6045 3903 78 0 9 10000 1 4460 4324 68 0 18.095 13.01 ../q2/d50a10000s1long100/logb0030/c03d50b0030s235032171.log 481462 q2-extractinstructions-02.txt 20150104_150326 0.4
20150104_141546 50 3 30 100000 257965973 0 10000 6015 3934 83 0 9 10000 1 4494 4344 75 0 18.030 13.057 ../q2/d50a10000s1long100/logb0030/c03d50b0030s257965973.log 485024 q2-extractinstructions-02.txt 20150104_150327 0.4
20150104_140545 50 3 30 100000 258760793 2 10000 5992 3952 84 2 9 10000 1 4529 4375 77 2 18.083 12.901 ../q2/d50a10000s1long100/logb0030/c03d50b0030s258760793.log 487751 q2-extractinstructions-02.txt 20150104_150329 0.4
20150104_140443 50 3 30 100000 263688301 1 10000 6097 3854 78 1 9 10000 1 4446 4310 68 1 18.008 13.058 ../q2/d50a10000s1long100/logb0030/c03d50b0030s263688301.log 475264 q2-extractinstructions-02.txt 20150104_150330 0.4
20150104_141933 50 3 30 100000 267313125 0 10000 6065 3878 84 0 9 10000 1 4452 4304 74 0 19.114 13.993 ../q2/d50a10000s1long100/logb0030/c03d50b0030s267313125.log 479059 q2-extractinstructions-02.txt 20150104_150332 0.4
20150104_141626 50 3 30 100000 273539877 0 10000 6014 3926 82 0 9 10000 1 4510 4366 72 0 17.955 13.182 ../q2/d50a10000s1long100/logb0030/c03d50b0030s273539877.log 485165 q2-extractinstructions-02.txt 20150104_150333 0.4
20150104_141732 50 3 30 100000 273745496 0 10000 6087 3857 93 0 9 10000 1 4472 4300 86 0 17.926 13.182 ../q2/d50a10000s1long100/logb0030/c03d50b0030s273745496.log 476462 q2-extractinstructions-02.txt 20150104_150334 0.4
20150104_141409 50 3 30 100000 288867276 1 10000 6048 3907 73 1 9 10000 1 4437 4307 65 1 18.316 13.12 ../q2/d50a10000s1long100/logb0030/c03d50b0030s288867276.log 481063 q2-extractinstructions-02.txt 20150104_150336 0.4
20150104_141949 50 3 30 100000 289290043 0 10000 6082 3885 63 0 9 10000 1 4429 4319 55 0 18.876 13.743 ../q2/d50a10000s1long100/logb0030/c03d50b0030s289290043.log 477026 q2-extractinstructions-02.txt 20150104_150337 0.4
20150104_141449 50 3 30 100000 31802340 2 10000 6074 3879 75 2 9 10000 1 4479 4351 64 2 18.569 13.15 ../q2/d50a10000s1long100/logb0030/c03d50b0030s31802340.log 477987 q2-extractinstructions-02.txt 20150104_150339 0.4
20150104_141201 50 3 30 100000 336520112 1 10000 6046 3909 66 1 9 10000 1 4502 4380 61 0 18.761 13.011 ../q2/d50a10000s1long100/logb0030/c03d50b0030s336520112.log 481334 q2-extractinstructions-02.txt 20150104_150340 0.4
20150104_141832 50 3 30 100000 338766876 0 10000 6084 3855 83 0 9 10000 1 4519 4363 78 0 18.104 13.041 ../q2/d50a10000s1long100/logb0030/c03d50b0030s338766876.log 476836 q2-extractinstructions-02.txt 20150104_150341 0.4
20150104_141019 50 3 30 100000 364245801 0 10000 6107 3836 81 0 9 10000 1 4414 4266 74 0 18.495 12.979 ../q2/d50a10000s1long100/logb0030/c03d50b0030s364245801.log 474069 q2-extractinstructions-02.txt 20150104_150343 0.4
20150104_140605 50 3 30 100000 376517787 0 10000 6002 3938 86 0 9 10000 1 4512 4352 80 0 18.079 12.995 ../q2/d50a10000s1long100/logb0030/c03d50b0030s376517787.log 486568 q2-extractinstructions-02.txt 20150104_150344 0.4
20150104_141646 50 3 30 100000 419739236 1 10000 6038 3904 83 1 9 10000 1 4441 4293 74 0 17.946 13.057 ../q2/d50a10000s1long100/logb0030/c03d50b0030s419739236.log 482279 q2-extractinstructions-02.txt 20150104_150346 0.4
20150104_140428 50 3 30 100000 420477893 0 10000 6039 3902 91 0 9 10000 1 4496 4330 83 0 18.298 13.119 ../q2/d50a10000s1long100/logb0030/c03d50b0030s420477893.log 482152 q2-extractinstructions-02.txt 20150104_150347 0.4
20150104_141747 50 3 30 100000 422259284 1 10000 6048 3881 101 1 9 10000 1 4494 4314 90 1 17.840 12.948 ../q2/d50a10000s1long100/logb0030/c03d50b0030s422259284.log 481106 q2-extractinstructions-02.txt 20150104_150349 0.4
20150104_142019 50 3 30 100000 453304600 0 10000 6017 3933 77 0 9 10000 1 4508 4368 70 0 17.948 13.089 ../q2/d50a10000s1long100/logb0030/c03d50b0030s453304600.log 484797 q2-extractinstructions-02.txt 20150104_150350 0.4
20150104_141908 50 3 30 100000 455349142 0 10000 6047 3901 82 0 9 10000 1 4507 4359 74 0 17.862 13.026 ../q2/d50a10000s1long100/logb0030/c03d50b0030s455349142.log 481200 q2-extractinstructions-02.txt 20150104_150351 0.4
20150104_141403 50 3 30 100000 458957777 0 10000 6125 3827 74 0 9 10000 1 4363 4233 65 0 18.430 13.136 ../q2/d50a10000s1long100/logb0030/c03d50b0030s458957777.log 471930 q2-extractinstructions-02.txt 20150104_150353 0.4
20150104_141424 50 3 30 100000 476293280 0 10000 6109 3844 70 0 9 10000 1 4419 4291 64 0 18.103 13.119 ../q2/d50a10000s1long100/logb0030/c03d50b0030s476293280.log 473859 q2-extractinstructions-02.txt 20150104_150354 0.4
20150104_140858 50 3 30 100000 487615299 0 10000 6124 3834 79 0 9 10000 1 4366 4222 72 0 17.846 12.995 ../q2/d50a10000s1long100/logb0030/c03d50b0030s487615299.log 472034 q2-extractinstructions-02.txt 20150104_150356 0.4
20150104_140741 50 3 30 100000 488153710 1 10000 6064 3886 72 1 9 10000 1 4454 4332 61 1 18.487 12.948 ../q2/d50a10000s1long100/logb0030/c03d50b0030s488153710.log 479184 q2-extractinstructions-02.txt 20150104_150357 0.4
20150104_140822 50 3 30 100000 49497595 1 10000 6080 3884 67 1 9 10000 1 4470 4350 60 1 18.163 13.072 ../q2/d50a10000s1long100/logb0030/c03d50b0030s49497595.log 477276 q2-extractinstructions-02.txt 20150104_150358 0.4
20150104_140448 50 3 30 100000 50746969 0 10000 6082 3882 69 0 9 10000 1 4445 4321 62 0 17.801 12.979 ../q2/d50a10000s1long100/logb0030/c03d50b0030s50746969.log 477014 q2-extractinstructions-02.txt 20150104_150400 0.4
20150104_141848 50 3 30 100000 507715397 1 10000 6034 3904 90 1 9 10000 1 4520 4352 84 0 18.136 13.073 ../q2/d50a10000s1long100/logb0030/c03d50b0030s507715397.log 482745 q2-extractinstructions-02.txt 20150104_150401 0.4
20150104_141651 50 3 30 100000 512496119 1 10000 5990 3955 87 1 9 10000 1 4500 4342 79 1 18.019 13.182 ../q2/d50a10000s1long100/logb0030/c03d50b0030s512496119.log 487986 q2-extractinstructions-02.txt 20150104_150403 0.4
20150104_140757 50 3 30 100000 51492881 3 10000 6055 3891 88 3 9 10000 1 4458 4302 78 3 17.974 12.995 ../q2/d50a10000s1long100/logb0030/c03d50b0030s51492881.log 480182 q2-extractinstructions-02.txt 20150104_150404 0.4
20150104_140625 50 3 30 100000 519606501 0 10000 6074 3878 71 0 9 10000 1 4464 4334 65 0 18.405 13.089 ../q2/d50a10000s1long100/logb0030/c03d50b0030s519606501.log 477982 q2-extractinstructions-02.txt 20150104_150406 0.4
20150104_140504 50 3 30 100000 533657980 0 10000 6041 3908 73 0 9 10000 1 4479 4347 66 0 17.943 13.057 ../q2/d50a10000s1long100/logb0030/c03d50b0030s533657980.log 481938 q2-extractinstructions-02.txt 20150104_150407 0.4
20150104_141525 50 3 30 100000 534532649 0 10000 5998 3941 85 0 9 10000 1 4529 4373 78 0 18.613 13.228 ../q2/d50a10000s1long100/logb0030/c03d50b0030s534532649.log 487028 q2-extractinstructions-02.txt 20150104_150408 0.4
20150104_140938 50 3 30 100000 580369466 0 10000 6053 3902 75 0 9 10000 1 4453 4307 73 0 17.672 13.057 ../q2/d50a10000s1long100/logb0030/c03d50b0030s580369466.log 480482 q2-extractinstructions-02.txt 20150104_150410 0.4
20150104_141853 50 3 30 100000 59405335 1 10000 6114 3828 79 1 9 10000 1 4453 4309 72 0 18.226 13.057 ../q2/d50a10000s1long100/logb0030/c03d50b0030s59405335.log 473246 q2-extractinstructions-02.txt 20150104_150411 0.4
20150104_140524 50 3 30 100000 597296547 0 10000 6003 3943 83 0 9 10000 1 4540 4392 74 0 18.130 13.104 ../q2/d50a10000s1long100/logb0030/c03d50b0030s597296547.log 486471 q2-extractinstructions-02.txt 20150104_150413 0.4
20150104_141024 50 3 30 100000 603593284 0 10000 6052 3890 83 0 9 10000 1 4490 4344 73 0 17.750 12.964 ../q2/d50a10000s1long100/logb0030/c03d50b0030s603593284.log 480601 q2-extractinstructions-02.txt 20150104_150414 0.4
20150104_141141 50 3 30 100000 60400782 1 10000 6103 3847 80 1 9 10000 1 4394 4238 78 1 17.663 13.01 ../q2/d50a10000s1long100/logb0030/c03d50b0030s60400782.log 474512 q2-extractinstructions-02.txt 20150104_150416 0.4
20150104_140918 50 3 30 100000 619181484 1 10000 6042 3906 73 1 9 10000 1 4525 4397 64 1 17.976 13.12 ../q2/d50a10000s1long100/logb0030/c03d50b0030s619181484.log 481793 q2-extractinstructions-02.txt 20150104_150417 0.4
20150104_141808 50 3 30 100000 634367214 1 10000 6185 3770 71 1 9 10000 1 4313 4189 62 1 17.993 12.948 ../q2/d50a10000s1long100/logb0030/c03d50b0030s634367214.log 464820 q2-extractinstructions-02.txt 20150104_150419 0.4
20150104_141145 50 3 30 100000 65398367 0 10000 6151 3802 77 0 9 10000 1 4388 4250 69 0 17.785 12.901 ../q2/d50a10000s1long100/logb0030/c03d50b0030s65398367.log 468807 q2-extractinstructions-02.txt 20150104_150420 0.4
20150104_140706 50 3 30 100000 656627946 0 10000 6014 3936 85 0 9 10000 1 4505 4357 74 0 19.252 14.024 ../q2/d50a10000s1long100/logb0030/c03d50b0030s656627946.log 485099 q2-extractinstructions-02.txt 20150104_150421 0.4
20150104_140529 50 3 30 100000 664375964 0 10000 6020 3916 83 0 9 10000 1 4518 4370 74 0 17.961 13.072 ../q2/d50a10000s1long100/logb0030/c03d50b0030s664375964.log 484409 q2-extractinstructions-02.txt 20150104_150423 0.4
20150104_140549 50 3 30 100000 666549275 2 10000 6062 3887 88 2 9 10000 1 4485 4321 82 2 18.066 12.979 ../q2/d50a10000s1long100/logb0030/c03d50b0030s666549275.log 479401 q2-extractinstructions-02.txt 20150104_150424 0.4
20150104_141242 50 3 30 100000 678794337 1 10000 6072 3874 82 1 9 10000 1 4407 4249 79 1 18.357 12.995 ../q2/d50a10000s1long100/logb0030/c03d50b0030s678794337.log 478240 q2-extractinstructions-02.txt 20150104_150426 0.4
20150104_141530 50 3 30 100000 679844657 0 10000 6104 3845 75 0 9 10000 1 4461 4331 65 0 19.091 13.587 ../q2/d50a10000s1long100/logb0030/c03d50b0030s679844657.log 474444 q2-extractinstructions-02.txt 20150104_150427 0.4
20150104_142024 50 3 30 100000 680128204 0 10000 5988 3954 77 0 9 10000 1 4502 4374 64 0 18.441 13.151 ../q2/d50a10000s1long100/logb0030/c03d50b0030s680128204.log 488216 q2-extractinstructions-02.txt 20150104_150428 0.4
20150104_140347 50 3 30 100000 681028781 1 10000 6052 3890 84 1 9 10000 1 4485 4347 69 1 18.589 13.182 ../q2/d50a10000s1long100/logb0030/c03d50b0030s681028781.log 480644 q2-extractinstructions-02.txt 20150104_150430 0.4
20150104_141327 50 3 30 100000 684587419 1 10000 6061 3878 79 1 9 10000 1 4419 4275 72 1 17.840 13.025 ../q2/d50a10000s1long100/logb0030/c03d50b0030s684587419.log 479546 q2-extractinstructions-02.txt 20150104_150431 0.4
20150104_140959 50 3 30 100000 691574937 1 10000 6128 3818 89 1 9 10000 1 4405 4237 84 0 17.707 12.995 ../q2/d50a10000s1long100/logb0030/c03d50b0030s691574937.log 471564 q2-extractinstructions-02.txt 20150104_150433 0.4
20150104_141004 50 3 30 100000 696282793 0 10000 5982 3960 82 0 9 10000 1 4558 4408 75 0 18.091 12.964 ../q2/d50a10000s1long100/logb0030/c03d50b0030s696282793.log 488955 q2-extractinstructions-02.txt 20150104_150434 0.4
20150104_141039 50 3 30 100000 70757215 1 10000 6077 3865 88 1 9 10000 1 4459 4287 86 1 18.000 12.933 ../q2/d50a10000s1long100/logb0030/c03d50b0030s70757215.log 477600 q2-extractinstructions-02.txt 20150104_150436 0.4
20150104_140509 50 3 30 100000 711283608 0 10000 6111 3842 79 0 9 10000 1 4411 4265 73 0 18.354 12.994 ../q2/d50a10000s1long100/logb0030/c03d50b0030s711283608.log 473598 q2-extractinstructions-02.txt 20150104_150437 0.4
20150104_141100 50 3 30 100000 71232281 1 10000 6022 3935 62 1 9 10000 1 4501 4389 56 1 17.629 13.057 ../q2/d50a10000s1long100/logb0030/c03d50b0030s71232281.log 484174 q2-extractinstructions-02.txt 20150104_150438 0.4
20150104_141307 50 3 30 100000 713686983 0 10000 6079 3877 68 0 9 10000 1 4455 4335 60 0 18.256 13.104 ../q2/d50a10000s1long100/logb0030/c03d50b0030s713686983.log 477381 q2-extractinstructions-02.txt 20150104_150440 0.4
20150104_140630 50 3 30 100000 715258232 1 10000 5964 3992 68 1 9 10000 1 4544 4422 61 1 18.785 13.369 ../q2/d50a10000s1long100/logb0030/c03d50b0030s715258232.log 491094 q2-extractinstructions-02.txt 20150104_150441 0.4
20150104_141631 50 3 30 100000 720726081 2 10000 6047 3898 87 2 9 10000 1 4462 4308 77 2 18.048 13.058 ../q2/d50a10000s1long100/logb0030/c03d50b0030s720726081.log 481200 q2-extractinstructions-02.txt 20150104_150443 0.4
20150104_141610 50 3 30 100000 729004945 0 10000 6059 3885 81 0 9 10000 1 4551 4409 71 0 18.147 13.276 ../q2/d50a10000s1long100/logb0030/c03d50b0030s729004945.log 479790 q2-extractinstructions-02.txt 20150104_150444 0.4
20150104_140842 50 3 30 100000 731421358 0 10000 6115 3843 68 0 9 10000 1 4361 4239 61 0 18.153 13.01 ../q2/d50a10000s1long100/logb0030/c03d50b0030s731421358.log 473126 q2-extractinstructions-02.txt 20150104_150445 0.4
20150104_141206 50 3 30 100000 748542218 1 10000 6111 3850 70 1 9 10000 1 4429 4309 60 1 18.038 13.151 ../q2/d50a10000s1long100/logb0030/c03d50b0030s748542218.log 473585 q2-extractinstructions-02.txt 20150104_150447 0.4
20150104_141954 50 3 30 100000 749682202 2 10000 5974 3973 79 2 9 10000 1 4551 4411 70 2 17.562 12.776 ../q2/d50a10000s1long100/logb0030/c03d50b0030s749682202.log 489873 q2-extractinstructions-02.txt 20150104_150448 0.4
20150104_141044 50 3 30 100000 764644760 0 10000 6087 3852 102 0 9 10000 1 4444 4256 94 0 18.299 13.042 ../q2/d50a10000s1long100/logb0030/c03d50b0030s764644760.log 476427 q2-extractinstructions-02.txt 20150104_150450 0.4
20150104_140736 50 3 30 100000 771297240 0 10000 6070 3878 73 0 9 10000 1 4527 4393 67 0 18.082 13.041 ../q2/d50a10000s1long100/logb0030/c03d50b0030s771297240.log 478473 q2-extractinstructions-02.txt 20150104_150451 0.4
20150104_141707 50 3 30 100000 779623269 0 10000 6070 3881 73 0 9 10000 1 4428 4298 65 0 17.814 13.15 ../q2/d50a10000s1long100/logb0030/c03d50b0030s779623269.log 478490 q2-extractinstructions-02.txt 20150104_150452 0.4
20150104_141226 50 3 30 100000 792274735 1 10000 6136 3817 76 1 9 10000 1 4388 4260 64 0 18.084 13.01 ../q2/d50a10000s1long100/logb0030/c03d50b0030s792274735.log 470626 q2-extractinstructions-02.txt 20150104_150454 0.4
20150104_140646 50 3 30 100000 792850679 2 10000 6103 3846 74 2 9 10000 1 4468 4332 68 2 18.341 12.979 ../q2/d50a10000s1long100/logb0030/c03d50b0030s792850679.log 474557 q2-extractinstructions-02.txt 20150104_150455 0.4
20150104_140609 50 3 30 100000 817713633 0 10000 6087 3870 70 0 9 10000 1 4435 4305 65 0 19.126 14.086 ../q2/d50a10000s1long100/logb0030/c03d50b0030s817713633.log 476472 q2-extractinstructions-02.txt 20150104_150457 0.4
20150104_141221 50 3 30 100000 821083276 0 10000 6087 3854 75 0 9 10000 1 4377 4243 67 0 18.026 12.994 ../q2/d50a10000s1long100/logb0030/c03d50b0030s821083276.log 476458 q2-extractinstructions-02.txt 20150104_150458 0.4
20150104_141509 50 3 30 100000 830503386 0 10000 6106 3853 71 0 9 10000 1 4438 4310 64 0 18.513 13.073 ../q2/d50a10000s1long100/logb0030/c03d50b0030s830503386.log 474183 q2-extractinstructions-02.txt 20150104_150459 0.4
20150104_141120 50 3 30 100000 835080798 0 10000 6143 3799 94 0 9 10000 1 4361 4193 84 0 18.086 13.01 ../q2/d50a10000s1long100/logb0030/c03d50b0030s835080798.log 469779 q2-extractinstructions-02.txt 20150104_150501 0.4
20150104_141550 50 3 30 100000 844916563 0 10000 6079 3869 86 0 9 10000 1 4438 4280 79 0 18.630 13.197 ../q2/d50a10000s1long100/logb0030/c03d50b0030s844916563.log 477383 q2-extractinstructions-02.txt 20150104_150502 0.4
20150104_141302 50 3 30 100000 847753645 0 10000 6120 3829 81 0 9 10000 1 4404 4262 71 0 17.915 12.933 ../q2/d50a10000s1long100/logb0030/c03d50b0030s847753645.log 472540 q2-extractinstructions-02.txt 20150104_150504 0.4
20150104_141105 50 3 30 100000 855242110 0 10000 6092 3871 62 0 9 10000 1 4445 4333 56 0 17.920 13.056 ../q2/d50a10000s1long100/logb0030/c03d50b0030s855242110.log 475874 q2-extractinstructions-02.txt 20150104_150505 0.4
20150104_141428 50 3 30 100000 862671664 0 10000 6108 3846 79 0 9 10000 1 4375 4225 75 0 17.646 13.026 ../q2/d50a10000s1long100/logb0030/c03d50b0030s862671664.log 473977 q2-extractinstructions-02.txt 20150104_150507 0.4
20150104_140923 50 3 30 100000 869373100 1 10000 6026 3919 79 1 9 10000 1 4424 4282 71 1 18.438 13.479 ../q2/d50a10000s1long100/logb0030/c03d50b0030s869373100.log 483716 q2-extractinstructions-02.txt 20150104_150508 0.4
20150104_140321 50 3 30 100000 919028296 0 10000 6051 3899 73 0 9 10000 1 4515 4383 66 0 18.112 13.073 ../q2/d50a10000s1long100/logb0030/c03d50b0030s919028296.log 480733 q2-extractinstructions-02.txt 20150104_150509 0.4
20150104_141323 50 3 30 100000 9255885 1 10000 6026 3919 97 1 9 10000 1 4557 4379 89 1 17.999 13.166 ../q2/d50a10000s1long100/logb0030/c03d50b0030s9255885.log 483708 q2-extractinstructions-02.txt 20150104_150511 0.4
20150104_140801 50 3 30 100000 932031761 0 10000 6128 3839 70 0 9 10000 1 4354 4234 60 0 17.419 12.902 ../q2/d50a10000s1long100/logb0030/c03d50b0030s932031761.log 471559 q2-extractinstructions-02.txt 20150104_150512 0.4
20150104_141125 50 3 30 100000 937674136 0 10000 6116 3839 72 0 9 10000 1 4450 4324 63 0 18.403 13.025 ../q2/d50a10000s1long100/logb0030/c03d50b0030s937674136.log 472995 q2-extractinstructions-02.txt 20150104_150514 0.4
20150104_141828 50 3 30 100000 950542138 0 10000 6020 3929 70 0 9 10000 1 4484 4358 63 0 17.945 13.073 ../q2/d50a10000s1long100/logb0030/c03d50b0030s950542138.log 484404 q2-extractinstructions-02.txt 20150104_150515 0.4
20150104_141752 50 3 30 100000 955201089 1 10000 6092 3850 83 1 9 10000 1 4526 4372 77 1 19.272 13.868 ../q2/d50a10000s1long100/logb0030/c03d50b0030s955201089.log 475861 q2-extractinstructions-02.txt 20150104_150516 0.4
20150104_141343 50 3 30 100000 960426761 0 10000 6011 3938 88 0 9 10000 1 4510 4356 77 0 17.725 13.011 ../q2/d50a10000s1long100/logb0030/c03d50b0030s960426761.log 485468 q2-extractinstructions-02.txt 20150104_150518 0.4
20150104_140423 50 3 30 100000 967561224 0 10000 6056 3893 83 0 9 10000 1 4475 4321 77 0 17.785 13.042 ../q2/d50a10000s1long100/logb0030/c03d50b0030s967561224.log 480154 q2-extractinstructions-02.txt 20150104_150519 0.4
20150104_140650 50 3 30 100000 969331491 0 10000 6140 3815 73 0 9 10000 1 4379 4251 64 0 17.889 12.995 ../q2/d50a10000s1long100/logb0030/c03d50b0030s969331491.log 470149 q2-extractinstructions-02.txt 20150104_150521 0.4
20150104_140903 50 3 30 100000 974358641 0 10000 6101 3849 84 0 9 10000 1 4419 4277 71 0 17.520 13.011 ../q2/d50a10000s1long100/logb0030/c03d50b0030s974358641.log 474745 q2-extractinstructions-02.txt 20150104_150522 0.4
20150104_141247 50 3 30 100000 97735260 1 10000 6042 3899 91 1 9 10000 1 4538 4364 87 1 18.103 13.151 ../q2/d50a10000s1long100/logb0030/c03d50b0030s97735260.log 481801 q2-extractinstructions-02.txt 20150104_150523 0.4
20150104_140943 50 3 30 100000 981597449 0 10000 5959 3983 94 0 9 10000 1 4552 4386 83 0 18.199 13.057 ../q2/d50a10000s1long100/logb0030/c03d50b0030s981597449.log 491665 q2-extractinstructions-02.txt 20150104_150525 0.4
20150104_140837 50 3 30 100000 981995409 2 10000 6041 3908 78 2 9 10000 1 4517 4381 68 2 17.680 13.104 ../q2/d50a10000s1long100/logb0030/c03d50b0030s981995409.log 481939 q2-extractinstructions-02.txt 20150104_150526 0.4
20150104_140711 50 3 30 100000 985655050 0 10000 6056 3887 91 0 9 10000 1 4436 4284 76 0 17.234 12.948 ../q2/d50a10000s1long100/logb0030/c03d50b0030s985655050.log 480126 q2-extractinstructions-02.txt 20150104_150528 0.4
20150104_141505 50 3 30 100000 987909730 1 10000 6046 3912 65 1 9 10000 1 4448 4334 57 1 18.096 13.104 ../q2/d50a10000s1long100/logb0030/c03d50b0030s987909730.log 481341 q2-extractinstructions-02.txt 20150104_150529 0.4
20150104_142720 50 4 30 100000 103765041 0 10000 5184 4815 1 0 9 10000 1 5881 5738 1 0 22.462 17.269 ../q2/d50a10000s1long100/logb0030/c04d50b0030s103765041.log 584501 q2-extractinstructions-02.txt 20150104_150531 0.4
20150104_142820 50 4 30 100000 105731136 0 10000 5136 4862 2 0 9 10000 1 5891 5757 2 0 22.644 17.395 ../q2/d50a10000s1long100/logb0030/c04d50b0030s105731136.log 590174 q2-extractinstructions-02.txt 20150104_150532 0.4
20150104_142815 50 4 30 100000 117661523 0 10000 5105 4893 2 0 9 10000 1 6025 5871 2 0 23.260 17.596 ../q2/d50a10000s1long100/logb0030/c04d50b0030s117661523.log 593874 q2-extractinstructions-02.txt 20150104_150534 0.4
20150104_144733 50 4 30 100000 133966184 0 10000 5119 4881 1 0 9 10000 1 5952 5825 1 0 22.332 17.269 ../q2/d50a10000s1long100/logb0030/c04d50b0030s133966184.log 592201 q2-extractinstructions-02.txt 20150104_150536 0.4
20150104_142745 50 4 30 100000 141246882 0 10000 5147 4852 3 0 9 10000 1 5842 5692 3 0 24.314 17.362 ../q2/d50a10000s1long100/logb0030/c04d50b0030s141246882.log 588884 q2-extractinstructions-02.txt 20150104_150537 0.4
20150104_144356 50 4 30 100000 15591650 0 10000 5072 4927 2 0 9 10000 1 6015 5869 2 0 22.227 17.254 ../q2/d50a10000s1long100/logb0030/c04d50b0030s15591650.log 597783 q2-extractinstructions-02.txt 20150104_150539 0.4
20150104_144904 50 4 30 100000 166280481 0 10000 5178 4821 1 0 9 10000 1 5909 5765 1 0 22.704 17.347 ../q2/d50a10000s1long100/logb0030/c04d50b0030s166280481.log 585229 q2-extractinstructions-02.txt 20150104_150541 0.4
20150104_144557 50 4 30 100000 176818827 0 10000 5106 4892 4 0 9 10000 1 5901 5752 4 0 22.198 17.192 ../q2/d50a10000s1long100/logb0030/c04d50b0030s176818827.log 593726 q2-extractinstructions-02.txt 20150104_150542 0.4
20150104_145100 50 4 30 100000 178615611 0 10000 5126 4874 1 0 9 10000 1 5871 5734 1 0 22.328 17.207 ../q2/d50a10000s1long100/logb0030/c04d50b0030s178615611.log 591384 q2-extractinstructions-02.txt 20150104_150544 0.4
20150104_144230 50 4 30 100000 193031530 0 10000 5157 4842 3 0 9 10000 1 5874 5730 3 0 22.277 17.129 ../q2/d50a10000s1long100/logb0030/c04d50b0030s193031530.log 587681 q2-extractinstructions-02.txt 20150104_150546 0.4
20150104_145231 50 4 30 100000 213707177 0 10000 5059 4939 3 0 9 10000 1 5998 5838 3 0 22.616 17.348 ../q2/d50a10000s1long100/logb0030/c04d50b0030s213707177.log 599343 q2-extractinstructions-02.txt 20150104_150547 0.4
20150104_144758 50 4 30 100000 219481355 1 10000 5094 4905 1 1 9 10000 1 5896 5767 1 1 22.109 17.191 ../q2/d50a10000s1long100/logb0030/c04d50b0030s219481355.log 595185 q2-extractinstructions-02.txt 20150104_150549 0.4
20150104_143420 50 4 30 100000 229298583 0 10000 5057 4942 3 0 9 10000 1 6046 5912 3 0 22.425 17.426 ../q2/d50a10000s1long100/logb0030/c04d50b0030s229298583.log 599609 q2-extractinstructions-02.txt 20150104_150551 0.4
20150104_145035 50 4 30 100000 235032171 0 10000 5126 4872 2 0 9 10000 1 5949 5803 2 0 22.408 17.175 ../q2/d50a10000s1long100/logb0030/c04d50b0030s235032171.log 591378 q2-extractinstructions-02.txt 20150104_150552 0.4
20150104_144527 50 4 30 100000 257965973 0 10000 5118 4882 1 0 9 10000 1 5952 5807 0 0 22.173 17.222 ../q2/d50a10000s1long100/logb0030/c04d50b0030s257965973.log 592347 q2-extractinstructions-02.txt 20150104_150554 0.4
20150104_143048 50 4 30 100000 258760793 0 10000 5040 4960 0 0 9 10000 1 6104 5967 0 0 23.603 17.503 ../q2/d50a10000s1long100/logb0030/c04d50b0030s258760793.log 601605 q2-extractinstructions-02.txt 20150104_150556 0.4
20150104_142916 50 4 30 100000 263688301 0 10000 5108 4890 3 0 9 10000 1 5939 5813 3 0 24.048 17.581 ../q2/d50a10000s1long100/logb0030/c04d50b0030s263688301.log 593523 q2-extractinstructions-02.txt 20150104_150558 0.4
20150104_145105 50 4 30 100000 267313125 0 10000 5156 4842 3 0 9 10000 1 5897 5762 1 0 22.567 17.238 ../q2/d50a10000s1long100/logb0030/c04d50b0030s267313125.log 587800 q2-extractinstructions-02.txt 20150104_150559 0.4
20150104_144627 50 4 30 100000 273539877 0 10000 5127 4873 1 0 9 10000 1 6011 5856 1 0 22.129 17.222 ../q2/d50a10000s1long100/logb0030/c04d50b0030s273539877.log 591279 q2-extractinstructions-02.txt 20150104_150601 0.4
20150104_144803 50 4 30 100000 273745496 0 10000 5187 4808 6 0 9 10000 1 5929 5777 3 0 22.489 17.176 ../q2/d50a10000s1long100/logb0030/c04d50b0030s273745496.log 584115 q2-extractinstructions-02.txt 20150104_150603 0.4
20150104_144300 50 4 30 100000 288867276 0 10000 5111 4889 0 0 9 10000 1 5921 5804 0 0 22.539 17.268 ../q2/d50a10000s1long100/logb0030/c04d50b0030s288867276.log 593139 q2-extractinstructions-02.txt 20150104_150604 0.4
20150104_145130 50 4 30 100000 289290043 0 10000 5094 4905 1 0 9 10000 1 5937 5798 1 0 22.593 17.519 ../q2/d50a10000s1long100/logb0030/c04d50b0030s289290043.log 595181 q2-extractinstructions-02.txt 20150104_150606 0.4
20150104_144401 50 4 30 100000 31802340 0 10000 5128 4872 0 0 9 10000 1 5961 5828 0 0 22.515 17.316 ../q2/d50a10000s1long100/logb0030/c04d50b0030s31802340.log 591129 q2-extractinstructions-02.txt 20150104_150608 0.4
20150104_143953 50 4 30 100000 336520112 0 10000 5080 4920 3 0 9 10000 1 5957 5808 3 0 22.232 17.207 ../q2/d50a10000s1long100/logb0030/c04d50b0030s336520112.log 596854 q2-extractinstructions-02.txt 20150104_150609 0.4
20150104_144934 50 4 30 100000 338766876 0 10000 5144 4855 3 0 9 10000 1 6019 5841 3 0 22.763 17.441 ../q2/d50a10000s1long100/logb0030/c04d50b0030s338766876.log 589258 q2-extractinstructions-02.txt 20150104_150611 0.4
20150104_143722 50 4 30 100000 364245801 0 10000 5182 4817 2 0 9 10000 1 5851 5700 2 0 22.302 17.192 ../q2/d50a10000s1long100/logb0030/c04d50b0030s364245801.log 584711 q2-extractinstructions-02.txt 20150104_150613 0.4
20150104_143118 50 4 30 100000 376517787 0 10000 5033 4965 3 0 9 10000 1 6094 5923 3 0 23.260 17.394 ../q2/d50a10000s1long100/logb0030/c04d50b0030s376517787.log 602427 q2-extractinstructions-02.txt 20150104_150614 0.4
20150104_144658 50 4 30 100000 419739236 0 10000 5102 4897 3 0 9 10000 1 5915 5749 2 0 22.058 17.16 ../q2/d50a10000s1long100/logb0030/c04d50b0030s419739236.log 594235 q2-extractinstructions-02.txt 20150104_150616 0.4
20150104_142851 50 4 30 100000 420477893 0 10000 5095 4904 1 0 9 10000 1 6000 5851 1 0 22.777 17.518 ../q2/d50a10000s1long100/logb0030/c04d50b0030s420477893.log 595062 q2-extractinstructions-02.txt 20150104_150618 0.4
20150104_144829 50 4 30 100000 422259284 0 10000 5134 4865 4 0 9 10000 1 6052 5878 4 0 22.196 17.269 ../q2/d50a10000s1long100/logb0030/c04d50b0030s422259284.log 590436 q2-extractinstructions-02.txt 20150104_150619 0.4
20150104_145201 50 4 30 100000 453304600 0 10000 5084 4916 1 0 9 10000 1 6058 5906 1 0 22.401 17.347 ../q2/d50a10000s1long100/logb0030/c04d50b0030s453304600.log 596390 q2-extractinstructions-02.txt 20150104_150621 0.4
20150104_145030 50 4 30 100000 455349142 0 10000 5159 4840 3 0 9 10000 1 5947 5805 3 0 22.241 17.27 ../q2/d50a10000s1long100/logb0030/c04d50b0030s455349142.log 587434 q2-extractinstructions-02.txt 20150104_150623 0.4
20150104_144255 50 4 30 100000 458957777 0 10000 5159 4840 2 0 9 10000 1 5890 5729 1 0 22.152 17.222 ../q2/d50a10000s1long100/logb0030/c04d50b0030s458957777.log 587440 q2-extractinstructions-02.txt 20150104_150624 0.4
20150104_144326 50 4 30 100000 476293280 0 10000 5179 4820 1 0 9 10000 1 5928 5789 1 0 22.255 17.269 ../q2/d50a10000s1long100/logb0030/c04d50b0030s476293280.log 585093 q2-extractinstructions-02.txt 20150104_150626 0.4
20150104_143521 50 4 30 100000 487615299 0 10000 5232 4767 2 0 9 10000 1 5865 5696 2 0 22.241 17.3 ../q2/d50a10000s1long100/logb0030/c04d50b0030s487615299.log 578749 q2-extractinstructions-02.txt 20150104_150628 0.4
20150104_143324 50 4 30 100000 488153710 0 10000 5136 4863 3 0 9 10000 1 5941 5815 2 0 22.571 17.3 ../q2/d50a10000s1long100/logb0030/c04d50b0030s488153710.log 590185 q2-extractinstructions-02.txt 20150104_150629 0.4
20150104_143425 50 4 30 100000 49497595 0 10000 5180 4819 2 0 9 10000 1 5885 5753 2 0 22.331 17.315 ../q2/d50a10000s1long100/logb0030/c04d50b0030s49497595.log 584956 q2-extractinstructions-02.txt 20150104_150631 0.4
20150104_142922 50 4 30 100000 50746969 0 10000 5111 4889 0 0 9 10000 1 5894 5750 0 0 22.693 17.441 ../q2/d50a10000s1long100/logb0030/c04d50b0030s50746969.log 593129 q2-extractinstructions-02.txt 20150104_150633 0.4
20150104_145000 50 4 30 100000 507715397 0 10000 5110 4888 3 0 9 10000 1 5993 5837 3 0 22.271 17.316 ../q2/d50a10000s1long100/logb0030/c04d50b0030s507715397.log 593265 q2-extractinstructions-02.txt 20150104_150634 0.4
20150104_144703 50 4 30 100000 512496119 0 10000 5069 4929 2 0 9 10000 1 6036 5889 2 0 22.442 17.207 ../q2/d50a10000s1long100/logb0030/c04d50b0030s512496119.log 598178 q2-extractinstructions-02.txt 20150104_150636 0.4
20150104_143350 50 4 30 100000 51492881 0 10000 5079 4920 2 0 9 10000 1 6041 5893 2 0 22.365 17.175 ../q2/d50a10000s1long100/logb0030/c04d50b0030s51492881.log 596902 q2-extractinstructions-02.txt 20150104_150638 0.4
20150104_143148 50 4 30 100000 519606501 0 10000 5170 4829 4 0 9 10000 1 5990 5843 4 0 24.036 17.58 ../q2/d50a10000s1long100/logb0030/c04d50b0030s519606501.log 586106 q2-extractinstructions-02.txt 20150104_150639 0.4
20150104_142947 50 4 30 100000 533657980 0 10000 5118 4881 1 0 9 10000 1 5926 5784 1 0 23.661 17.487 ../q2/d50a10000s1long100/logb0030/c04d50b0030s533657980.log 592327 q2-extractinstructions-02.txt 20150104_150641 0.4
20150104_144456 50 4 30 100000 534532649 0 10000 5070 4929 1 0 9 10000 1 6005 5872 1 0 22.220 17.238 ../q2/d50a10000s1long100/logb0030/c04d50b0030s534532649.log 598047 q2-extractinstructions-02.txt 20150104_150643 0.4
20150104_143621 50 4 30 100000 580369466 0 10000 5138 4859 4 0 9 10000 1 5961 5811 3 0 22.345 17.269 ../q2/d50a10000s1long100/logb0030/c04d50b0030s580369466.log 589934 q2-extractinstructions-02.txt 20150104_150644 0.4
20150104_145004 50 4 30 100000 59405335 0 10000 5171 4828 2 0 9 10000 1 5862 5725 2 0 22.394 17.269 ../q2/d50a10000s1long100/logb0030/c04d50b0030s59405335.log 586019 q2-extractinstructions-02.txt 20150104_150646 0.4
20150104_143017 50 4 30 100000 597296547 0 10000 5087 4913 1 0 9 10000 1 6017 5875 1 0 23.281 17.488 ../q2/d50a10000s1long100/logb0030/c04d50b0030s597296547.log 596039 q2-extractinstructions-02.txt 20150104_150647 0.4
20150104_143727 50 4 30 100000 603593284 0 10000 5129 4871 1 0 9 10000 1 6019 5865 1 0 22.672 17.394 ../q2/d50a10000s1long100/logb0030/c04d50b0030s603593284.log 591007 q2-extractinstructions-02.txt 20150104_150649 0.4
20150104_143923 50 4 30 100000 60400782 0 10000 5163 4836 1 0 9 10000 1 5976 5835 1 0 22.332 17.285 ../q2/d50a10000s1long100/logb0030/c04d50b0030s60400782.log 586948 q2-extractinstructions-02.txt 20150104_150651 0.4
20150104_143551 50 4 30 100000 619181484 0 10000 5164 4836 1 0 9 10000 1 5926 5787 1 0 22.225 17.206 ../q2/d50a10000s1long100/logb0030/c04d50b0030s619181484.log 586847 q2-extractinstructions-02.txt 20150104_150652 0.4
20150104_144859 50 4 30 100000 634367214 0 10000 5270 4728 2 0 9 10000 1 5755 5635 2 0 22.426 17.301 ../q2/d50a10000s1long100/logb0030/c04d50b0030s634367214.log 574289 q2-extractinstructions-02.txt 20150104_150654 0.4
20150104_143928 50 4 30 100000 65398367 0 10000 5176 4824 2 0 9 10000 1 5920 5772 1 0 22.485 17.269 ../q2/d50a10000s1long100/logb0030/c04d50b0030s65398367.log 585402 q2-extractinstructions-02.txt 20150104_150656 0.4
20150104_143249 50 4 30 100000 656627946 0 10000 5087 4912 1 0 9 10000 1 6080 5943 1 0 22.510 17.362 ../q2/d50a10000s1long100/logb0030/c04d50b0030s656627946.log 595988 q2-extractinstructions-02.txt 20150104_150657 0.4
20150104_143022 50 4 30 100000 664375964 0 10000 5059 4940 1 0 9 10000 1 5981 5820 1 0 22.674 17.518 ../q2/d50a10000s1long100/logb0030/c04d50b0030s664375964.log 599327 q2-extractinstructions-02.txt 20150104_150659 0.4
20150104_143053 50 4 30 100000 666549275 0 10000 5114 4885 1 0 9 10000 1 5995 5842 1 0 22.614 17.456 ../q2/d50a10000s1long100/logb0030/c04d50b0030s666549275.log 592789 q2-extractinstructions-02.txt 20150104_150701 0.4
20150104_144054 50 4 30 100000 678794337 0 10000 5175 4824 2 0 9 10000 1 5940 5780 2 0 22.092 17.191 ../q2/d50a10000s1long100/logb0030/c04d50b0030s678794337.log 585556 q2-extractinstructions-02.txt 20150104_150702 0.4
20150104_144501 50 4 30 100000 679844657 0 10000 5208 4792 1 0 9 10000 1 5932 5792 1 0 22.487 17.269 ../q2/d50a10000s1long100/logb0030/c04d50b0030s679844657.log 581655 q2-extractinstructions-02.txt 20150104_150704 0.4
20150104_145206 50 4 30 100000 680128204 0 10000 5056 4944 1 0 9 10000 1 6058 5914 1 0 22.794 17.503 ../q2/d50a10000s1long100/logb0030/c04d50b0030s680128204.log 599663 q2-extractinstructions-02.txt 20150104_150706 0.4
20150104_142750 50 4 30 100000 681028781 0 10000 5173 4827 0 0 9 10000 1 5908 5757 0 0 22.823 17.473 ../q2/d50a10000s1long100/logb0030/c04d50b0030s681028781.log 585821 q2-extractinstructions-02.txt 20150104_150707 0.4
20150104_144159 50 4 30 100000 684587419 0 10000 5131 4868 1 0 9 10000 1 5897 5761 1 0 22.510 17.27 ../q2/d50a10000s1long100/logb0030/c04d50b0030s684587419.log 590774 q2-extractinstructions-02.txt 20150104_150709 0.4
20150104_143652 50 4 30 100000 691574937 0 10000 5152 4847 2 0 9 10000 1 5918 5767 2 0 22.395 17.332 ../q2/d50a10000s1long100/logb0030/c04d50b0030s691574937.log 588283 q2-extractinstructions-02.txt 20150104_150710 0.4
20150104_143656 50 4 30 100000 696282793 0 10000 5097 4903 0 0 9 10000 1 6060 5932 0 0 22.534 17.317 ../q2/d50a10000s1long100/logb0030/c04d50b0030s696282793.log 594860 q2-extractinstructions-02.txt 20150104_150712 0.4
20150104_143752 50 4 30 100000 70757215 0 10000 5145 4855 1 0 9 10000 1 6021 5861 1 0 22.355 17.254 ../q2/d50a10000s1long100/logb0030/c04d50b0030s70757215.log 589094 q2-extractinstructions-02.txt 20150104_150714 0.4
20150104_142952 50 4 30 100000 711283608 0 10000 5239 4760 1 0 9 10000 1 5801 5646 1 0 22.426 17.3 ../q2/d50a10000s1long100/logb0030/c04d50b0030s711283608.log 577947 q2-extractinstructions-02.txt 20150104_150715 0.4
20150104_143823 50 4 30 100000 71232281 0 10000 5117 4882 5 0 9 10000 1 5901 5781 4 0 22.243 17.238 ../q2/d50a10000s1long100/logb0030/c04d50b0030s71232281.log 592416 q2-extractinstructions-02.txt 20150104_150717 0.4
20150104_144129 50 4 30 100000 713686983 0 10000 5104 4896 2 0 9 10000 1 5987 5852 2 0 22.457 17.346 ../q2/d50a10000s1long100/logb0030/c04d50b0030s713686983.log 593965 q2-extractinstructions-02.txt 20150104_150719 0.4
20150104_143154 50 4 30 100000 715258232 0 10000 5066 4934 3 0 9 10000 1 6029 5888 3 0 22.935 17.534 ../q2/d50a10000s1long100/logb0030/c04d50b0030s715258232.log 598522 q2-extractinstructions-02.txt 20150104_150720 0.4
20150104_144632 50 4 30 100000 720726081 0 10000 5151 4847 3 0 9 10000 1 5930 5784 3 0 22.257 17.284 ../q2/d50a10000s1long100/logb0030/c04d50b0030s720726081.log 588387 q2-extractinstructions-02.txt 20150104_150722 0.4
20150104_144602 50 4 30 100000 729004945 0 10000 5134 4866 0 0 9 10000 1 5999 5858 0 0 22.374 17.3 ../q2/d50a10000s1long100/logb0030/c04d50b0030s729004945.log 590424 q2-extractinstructions-02.txt 20150104_150724 0.4
20150104_143455 50 4 30 100000 731421358 0 10000 5141 4859 2 0 9 10000 1 5884 5745 2 0 22.754 17.269 ../q2/d50a10000s1long100/logb0030/c04d50b0030s731421358.log 589593 q2-extractinstructions-02.txt 20150104_150725 0.4
20150104_143958 50 4 30 100000 748542218 0 10000 5184 4815 1 0 9 10000 1 5900 5779 1 0 22.277 17.192 ../q2/d50a10000s1long100/logb0030/c04d50b0030s748542218.log 584466 q2-extractinstructions-02.txt 20150104_150727 0.4
20150104_145135 50 4 30 100000 749682202 0 10000 5054 4946 3 0 9 10000 1 6050 5897 3 0 22.811 17.518 ../q2/d50a10000s1long100/logb0030/c04d50b0030s749682202.log 599919 q2-extractinstructions-02.txt 20150104_150729 0.4
20150104_143757 50 4 30 100000 764644760 0 10000 5172 4828 2 0 9 10000 1 5891 5723 2 0 22.370 17.16 ../q2/d50a10000s1long100/logb0030/c04d50b0030s764644760.log 585896 q2-extractinstructions-02.txt 20150104_150730 0.4
20150104_143319 50 4 30 100000 771297240 0 10000 5158 4841 3 0 9 10000 1 5990 5844 3 0 22.281 17.317 ../q2/d50a10000s1long100/logb0030/c04d50b0030s771297240.log 587555 q2-extractinstructions-02.txt 20150104_150732 0.4
20150104_144728 50 4 30 100000 779623269 0 10000 5143 4857 2 0 9 10000 1 5910 5765 2 0 22.100 17.191 ../q2/d50a10000s1long100/logb0030/c04d50b0030s779623269.log 589380 q2-extractinstructions-02.txt 20150104_150734 0.4
20150104_144029 50 4 30 100000 792274735 0 10000 5215 4785 3 0 9 10000 1 5917 5766 3 0 22.297 17.206 ../q2/d50a10000s1long100/logb0030/c04d50b0030s792274735.log 580799 q2-extractinstructions-02.txt 20150104_150735 0.4
20150104_143219 50 4 30 100000 792850679 0 10000 5172 4828 1 0 9 10000 1 5905 5761 1 0 22.107 17.285 ../q2/d50a10000s1long100/logb0030/c04d50b0030s792850679.log 585920 q2-extractinstructions-02.txt 20150104_150737 0.4
20150104_143123 50 4 30 100000 817713633 0 10000 5182 4817 2 0 9 10000 1 5804 5670 2 0 22.637 17.456 ../q2/d50a10000s1long100/logb0030/c04d50b0030s817713633.log 584718 q2-extractinstructions-02.txt 20150104_150738 0.4
20150104_144024 50 4 30 100000 821083276 0 10000 5166 4834 0 0 9 10000 1 5911 5764 0 0 22.099 17.269 ../q2/d50a10000s1long100/logb0030/c04d50b0030s821083276.log 586605 q2-extractinstructions-02.txt 20150104_150740 0.4
20150104_144431 50 4 30 100000 830503386 0 10000 5165 4835 0 0 9 10000 1 5919 5796 0 0 22.466 17.191 ../q2/d50a10000s1long100/logb0030/c04d50b0030s830503386.log 586743 q2-extractinstructions-02.txt 20150104_150742 0.4
20150104_143853 50 4 30 100000 835080798 0 10000 5164 4836 1 0 9 10000 1 5947 5807 1 0 22.385 17.347 ../q2/d50a10000s1long100/logb0030/c04d50b0030s835080798.log 586848 q2-extractinstructions-02.txt 20150104_150743 0.4
20150104_144532 50 4 30 100000 844916563 0 10000 5137 4862 1 0 9 10000 1 5981 5840 1 0 22.472 17.331 ../q2/d50a10000s1long100/logb0030/c04d50b0030s844916563.log 590049 q2-extractinstructions-02.txt 20150104_150745 0.4
20150104_144124 50 4 30 100000 847753645 0 10000 5230 4770 1 0 9 10000 1 5831 5699 1 0 21.954 17.082 ../q2/d50a10000s1long100/logb0030/c04d50b0030s847753645.log 579010 q2-extractinstructions-02.txt 20150104_150747 0.4
20150104_143827 50 4 30 100000 855242110 0 10000 5156 4843 2 0 9 10000 1 5973 5849 2 0 22.398 17.284 ../q2/d50a10000s1long100/logb0030/c04d50b0030s855242110.log 587805 q2-extractinstructions-02.txt 20150104_150748 0.4
20150104_144330 50 4 30 100000 862671664 0 10000 5179 4820 3 0 9 10000 1 5859 5707 3 0 22.368 17.253 ../q2/d50a10000s1long100/logb0030/c04d50b0030s862671664.log 585087 q2-extractinstructions-02.txt 20150104_150750 0.4
20150104_143556 50 4 30 100000 869373100 0 10000 5087 4911 3 0 9 10000 1 5979 5819 3 0 22.505 17.222 ../q2/d50a10000s1long100/logb0030/c04d50b0030s869373100.log 596008 q2-extractinstructions-02.txt 20150104_150752 0.4
20150104_142714 50 4 30 100000 919028296 0 10000 5134 4865 3 0 9 10000 1 5976 5836 3 0 23.047 17.317 ../q2/d50a10000s1long100/logb0030/c04d50b0030s919028296.log 590414 q2-extractinstructions-02.txt 20150104_150753 0.4
20150104_144155 50 4 30 100000 9255885 0 10000 5102 4895 5 0 9 10000 1 6005 5840 5 0 22.229 17.268 ../q2/d50a10000s1long100/logb0030/c04d50b0030s9255885.log 594241 q2-extractinstructions-02.txt 20150104_150755 0.4
20150104_143355 50 4 30 100000 932031761 0 10000 5194 4806 1 0 9 10000 1 5899 5764 1 0 22.614 17.222 ../q2/d50a10000s1long100/logb0030/c04d50b0030s932031761.log 583282 q2-extractinstructions-02.txt 20150104_150756 0.4
20150104_143858 50 4 30 100000 937674136 0 10000 5153 4846 2 0 9 10000 1 5877 5729 2 0 22.578 17.269 ../q2/d50a10000s1long100/logb0030/c04d50b0030s937674136.log 588172 q2-extractinstructions-02.txt 20150104_150758 0.4
20150104_144929 50 4 30 100000 950542138 0 10000 5097 4902 2 0 9 10000 1 5988 5850 2 0 22.709 17.488 ../q2/d50a10000s1long100/logb0030/c04d50b0030s950542138.log 594808 q2-extractinstructions-02.txt 20150104_150800 0.4
20150104_144833 50 4 30 100000 955201089 0 10000 5145 4854 1 0 9 10000 1 5988 5844 1 0 22.407 17.252 ../q2/d50a10000s1long100/logb0030/c04d50b0030s955201089.log 589133 q2-extractinstructions-02.txt 20150104_150801 0.4
20150104_144225 50 4 30 100000 960426761 0 10000 5105 4894 2 0 9 10000 1 6001 5848 2 0 22.242 17.222 ../q2/d50a10000s1long100/logb0030/c04d50b0030s960426761.log 593852 q2-extractinstructions-02.txt 20150104_150803 0.4
20150104_142846 50 4 30 100000 967561224 0 10000 5091 4908 1 0 9 10000 1 5974 5830 1 0 23.826 17.456 ../q2/d50a10000s1long100/logb0030/c04d50b0030s967561224.log 595562 q2-extractinstructions-02.txt 20150104_150805 0.4
20150104_143224 50 4 30 100000 969331491 0 10000 5141 4859 3 0 9 10000 1 5976 5837 3 0 22.423 17.206 ../q2/d50a10000s1long100/logb0030/c04d50b0030s969331491.log 589595 q2-extractinstructions-02.txt 20150104_150806 0.4
20150104_143526 50 4 30 100000 974358641 0 10000 5201 4799 2 0 9 10000 1 5918 5757 2 0 22.589 17.502 ../q2/d50a10000s1long100/logb0030/c04d50b0030s974358641.log 582421 q2-extractinstructions-02.txt 20150104_150808 0.4
20150104_144059 50 4 30 100000 97735260 0 10000 5085 4914 2 0 9 10000 1 6072 5917 0 0 22.412 17.27 ../q2/d50a10000s1long100/logb0030/c04d50b0030s97735260.log 596244 q2-extractinstructions-02.txt 20150104_150810 0.4
20150104_143626 50 4 30 100000 981597449 1 10000 5070 4928 3 1 9 10000 1 6044 5905 2 1 22.422 17.253 ../q2/d50a10000s1long100/logb0030/c04d50b0030s981597449.log 598033 q2-extractinstructions-02.txt 20150104_150811 0.4
20150104_143450 50 4 30 100000 981995409 0 10000 5147 4853 0 0 9 10000 1 5982 5844 0 0 22.440 17.472 ../q2/d50a10000s1long100/logb0030/c04d50b0030s981995409.log 588887 q2-extractinstructions-02.txt 20150104_150813 0.4
20150104_143254 50 4 30 100000 985655050 0 10000 5141 4858 3 0 9 10000 1 5909 5757 3 0 22.559 17.347 ../q2/d50a10000s1long100/logb0030/c04d50b0030s985655050.log 589580 q2-extractinstructions-02.txt 20150104_150815 0.4
20150104_144426 50 4 30 100000 987909730 0 10000 5107 4892 2 0 9 10000 1 5906 5775 2 0 22.262 17.207 ../q2/d50a10000s1long100/logb0030/c04d50b0030s987909730.log 593647 q2-extractinstructions-02.txt 20150104_150816 0.4
20150103_130618 50 3 50 100000 103765041 0 10000 7430 2554 22 0 9 10000 1 2660 2616 22 0 13.835 10.203 ../q2/d50a10000s1long100/logb0050/c03d50b0050s103765041.log 316808 q2-extractinstructions-02.txt 20150104_150817 0.4
20150103_130659 50 3 50 100000 105731136 0 10000 7462 2512 36 0 9 10000 1 2638 2568 35 0 13.937 10.264 ../q2/d50a10000s1long100/logb0050/c03d50b0050s105731136.log 313005 q2-extractinstructions-02.txt 20150104_150818 0.4
20150103_130654 50 3 50 100000 117661523 0 10000 7396 2579 30 0 9 10000 1 2722 2666 28 0 14.137 10.296 ../q2/d50a10000s1long100/logb0050/c03d50b0050s117661523.log 320858 q2-extractinstructions-02.txt 20150104_150819 0.4
20150103_131957 50 3 50 100000 133966184 0 10000 7392 2594 20 0 9 10000 1 2710 2674 18 0 16.017 10.406 ../q2/d50a10000s1long100/logb0050/c03d50b0050s133966184.log 321320 q2-extractinstructions-02.txt 20150104_150820 0.4
20150103_130633 50 3 50 100000 141246882 0 10000 7463 2511 32 0 9 10000 1 2661 2603 29 0 15.121 10.921 ../q2/d50a10000s1long100/logb0050/c03d50b0050s141246882.log 312878 q2-extractinstructions-02.txt 20150104_150821 0.4
20150103_131724 50 3 50 100000 15591650 0 10000 7418 2555 33 0 9 10000 1 2716 2654 31 0 16.588 10.421 ../q2/d50a10000s1long100/logb0050/c03d50b0050s15591650.log 318222 q2-extractinstructions-02.txt 20150104_150822 0.4
20150103_132057 50 3 50 100000 166280481 0 10000 7427 2560 16 0 9 10000 1 2626 2598 14 0 15.383 10.436 ../q2/d50a10000s1long100/logb0050/c03d50b0050s166280481.log 317179 q2-extractinstructions-02.txt 20150104_150823 0.4
20150103_131847 50 3 50 100000 176818827 1 10000 7465 2510 30 1 9 10000 1 2649 2591 29 0 16.397 10.498 ../q2/d50a10000s1long100/logb0050/c03d50b0050s176818827.log 312625 q2-extractinstructions-02.txt 20150104_150824 0.4
20150103_132212 50 3 50 100000 178615611 0 10000 7382 2594 28 0 9 10000 1 2707 2651 28 0 16.448 11.077 ../q2/d50a10000s1long100/logb0050/c03d50b0050s178615611.log 322520 q2-extractinstructions-02.txt 20150104_150825 0.4
20150103_131630 50 3 50 100000 193031530 0 10000 7345 2624 35 0 9 10000 1 2789 2723 33 0 16.386 11.123 ../q2/d50a10000s1long100/logb0050/c03d50b0050s193031530.log 326905 q2-extractinstructions-02.txt 20150104_150826 0.4
20150103_132313 50 3 50 100000 213707177 0 10000 7320 2661 25 0 9 10000 1 2761 2717 22 0 13.824 10.327 ../q2/d50a10000s1long100/logb0050/c03d50b0050s213707177.log 329882 q2-extractinstructions-02.txt 20150104_150827 0.4
20150103_132010 50 3 50 100000 219481355 0 10000 7399 2587 21 0 9 10000 1 2698 2656 21 0 16.397 10.514 ../q2/d50a10000s1long100/logb0050/c03d50b0050s219481355.log 320482 q2-extractinstructions-02.txt 20150104_150828 0.4
20150103_131057 50 3 50 100000 229298583 0 10000 7350 2622 34 0 9 10000 1 2739 2681 29 0 14.178 10.296 ../q2/d50a10000s1long100/logb0050/c03d50b0050s229298583.log 326343 q2-extractinstructions-02.txt 20150104_150830 0.4
20150103_132158 50 3 50 100000 235032171 0 10000 7425 2556 24 0 9 10000 1 2685 2641 22 0 15.546 10.436 ../q2/d50a10000s1long100/logb0050/c03d50b0050s235032171.log 317402 q2-extractinstructions-02.txt 20150104_150831 0.4
20150103_131826 50 3 50 100000 257965973 0 10000 7375 2604 29 0 9 10000 1 2685 2629 28 0 15.836 10.467 ../q2/d50a10000s1long100/logb0050/c03d50b0050s257965973.log 323355 q2-extractinstructions-02.txt 20150104_150832 0.4
20150103_130835 50 3 50 100000 258760793 0 10000 7361 2618 32 0 9 10000 1 2743 2691 26 0 14.484 10.265 ../q2/d50a10000s1long100/logb0050/c03d50b0050s258760793.log 325009 q2-extractinstructions-02.txt 20150104_150833 0.4
20150103_130734 50 3 50 100000 263688301 0 10000 7403 2585 22 0 9 10000 1 2685 2645 20 0 14.077 10.249 ../q2/d50a10000s1long100/logb0050/c03d50b0050s263688301.log 320014 q2-extractinstructions-02.txt 20150104_150834 0.4
20150103_132219 50 3 50 100000 267313125 0 10000 7410 2570 22 0 9 10000 1 2691 2651 20 0 15.467 10.39 ../q2/d50a10000s1long100/logb0050/c03d50b0050s267313125.log 319161 q2-extractinstructions-02.txt 20150104_150835 0.4
20150103_131907 50 3 50 100000 273539877 0 10000 7354 2623 32 0 9 10000 1 2720 2664 28 0 16.392 10.515 ../q2/d50a10000s1long100/logb0050/c03d50b0050s273539877.log 325851 q2-extractinstructions-02.txt 20150104_150836 0.4
20150103_132016 50 3 50 100000 273745496 0 10000 7386 2583 41 0 9 10000 1 2725 2653 36 0 15.790 10.406 ../q2/d50a10000s1long100/logb0050/c03d50b0050s273745496.log 322040 q2-extractinstructions-02.txt 20150104_150837 0.4
20150103_131651 50 3 50 100000 288867276 1 10000 7467 2523 16 1 9 10000 1 2632 2604 14 0 15.834 10.375 ../q2/d50a10000s1long100/logb0050/c03d50b0050s288867276.log 312392 q2-extractinstructions-02.txt 20150104_150838 0.4
20150103_132233 50 3 50 100000 289290043 0 10000 7449 2533 26 0 9 10000 1 2638 2594 22 0 16.484 10.655 ../q2/d50a10000s1long100/logb0050/c03d50b0050s289290043.log 314523 q2-extractinstructions-02.txt 20150104_150839 0.4
20150103_131732 50 3 50 100000 31802340 1 10000 7390 2585 37 1 9 10000 1 2739 2671 34 1 15.678 10.468 ../q2/d50a10000s1long100/logb0050/c03d50b0050s31802340.log 321539 q2-extractinstructions-02.txt 20150104_150840 0.4
20150103_131441 50 3 50 100000 336520112 0 10000 7365 2613 27 0 9 10000 1 2735 2683 26 0 14.330 10.296 ../q2/d50a10000s1long100/logb0050/c03d50b0050s336520112.log 324545 q2-extractinstructions-02.txt 20150104_150841 0.4
20150103_132118 50 3 50 100000 338766876 0 10000 7373 2595 40 0 9 10000 1 2720 2646 37 0 16.220 10.483 ../q2/d50a10000s1long100/logb0050/c03d50b0050s338766876.log 323611 q2-extractinstructions-02.txt 20150104_150842 0.4
20150103_131259 50 3 50 100000 364245801 1 10000 7383 2591 32 1 9 10000 1 2735 2673 31 1 14.297 10.264 ../q2/d50a10000s1long100/logb0050/c03d50b0050s364245801.log 322381 q2-extractinstructions-02.txt 20150104_150843 0.4
20150103_130855 50 3 50 100000 376517787 0 10000 7376 2598 33 0 9 10000 1 2731 2669 31 0 14.171 10.188 ../q2/d50a10000s1long100/logb0050/c03d50b0050s376517787.log 323226 q2-extractinstructions-02.txt 20150104_150844 0.4
20150103_131927 50 3 50 100000 419739236 0 10000 7427 2552 28 0 9 10000 1 2667 2613 27 0 17.097 11.061 ../q2/d50a10000s1long100/logb0050/c03d50b0050s419739236.log 317153 q2-extractinstructions-02.txt 20150104_150845 0.4
20150103_130719 50 3 50 100000 420477893 0 10000 7374 2598 34 0 9 10000 1 2667 2607 30 0 13.882 10.249 ../q2/d50a10000s1long100/logb0050/c03d50b0050s420477893.log 323470 q2-extractinstructions-02.txt 20150104_150846 0.4
20150103_132030 50 3 50 100000 422259284 1 10000 7424 2556 30 1 9 10000 1 2711 2655 28 1 17.341 11.076 ../q2/d50a10000s1long100/logb0050/c03d50b0050s422259284.log 317500 q2-extractinstructions-02.txt 20150104_150847 0.4
20150103_132253 50 3 50 100000 453304600 0 10000 7388 2583 35 0 9 10000 1 2742 2680 31 0 16.602 10.484 ../q2/d50a10000s1long100/logb0050/c03d50b0050s453304600.log 321804 q2-extractinstructions-02.txt 20150104_150848 0.4
20150103_132151 50 3 50 100000 455349142 0 10000 7413 2569 25 0 9 10000 1 2714 2666 24 0 16.957 11.169 ../q2/d50a10000s1long100/logb0050/c03d50b0050s455349142.log 318804 q2-extractinstructions-02.txt 20150104_150849 0.4
20150103_131643 50 3 50 100000 458957777 0 10000 7460 2522 23 0 9 10000 1 2630 2588 21 0 16.654 10.405 ../q2/d50a10000s1long100/logb0050/c03d50b0050s458957777.log 313223 q2-extractinstructions-02.txt 20150104_150850 0.4
20150103_131704 50 3 50 100000 476293280 0 10000 7493 2483 33 0 9 10000 1 2590 2530 30 0 16.861 11.124 ../q2/d50a10000s1long100/logb0050/c03d50b0050s476293280.log 309317 q2-extractinstructions-02.txt 20150104_150851 0.4
20150103_131138 50 3 50 100000 487615299 0 10000 7453 2520 30 0 9 10000 1 2585 2533 26 0 13.959 10.187 ../q2/d50a10000s1long100/logb0050/c03d50b0050s487615299.log 314057 q2-extractinstructions-02.txt 20150104_150852 0.4
20150103_131022 50 3 50 100000 488153710 0 10000 7393 2594 16 0 9 10000 1 2700 2668 16 0 14.530 10.921 ../q2/d50a10000s1long100/logb0050/c03d50b0050s488153710.log 321198 q2-extractinstructions-02.txt 20150104_150853 0.4
20150103_131103 50 3 50 100000 49497595 1 10000 7401 2577 25 1 9 10000 1 2720 2672 24 0 13.786 10.249 ../q2/d50a10000s1long100/logb0050/c03d50b0050s49497595.log 320241 q2-extractinstructions-02.txt 20150104_150854 0.4
20150103_130739 50 3 50 100000 50746969 0 10000 7382 2591 38 0 9 10000 1 2728 2654 37 0 13.862 10.249 ../q2/d50a10000s1long100/logb0050/c03d50b0050s50746969.log 322479 q2-extractinstructions-02.txt 20150104_150856 0.4
20150103_132131 50 3 50 100000 507715397 0 10000 7395 2580 33 0 9 10000 1 2709 2651 29 0 15.799 10.514 ../q2/d50a10000s1long100/logb0050/c03d50b0050s507715397.log 320945 q2-extractinstructions-02.txt 20150104_150857 0.4
20150103_131934 50 3 50 100000 512496119 0 10000 7376 2608 26 0 9 10000 1 2701 2653 24 0 15.974 11.122 ../q2/d50a10000s1long100/logb0050/c03d50b0050s512496119.log 323220 q2-extractinstructions-02.txt 20150104_150858 0.4
20150103_131037 50 3 50 100000 51492881 0 10000 7381 2599 25 0 9 10000 1 2717 2673 22 0 14.048 10.28 ../q2/d50a10000s1long100/logb0050/c03d50b0050s51492881.log 322578 q2-extractinstructions-02.txt 20150104_150859 0.4
20150103_130916 50 3 50 100000 519606501 0 10000 7381 2600 25 0 9 10000 1 2724 2682 21 0 14.365 10.249 ../q2/d50a10000s1long100/logb0050/c03d50b0050s519606501.log 322616 q2-extractinstructions-02.txt 20150104_150900 0.4
20150103_130754 50 3 50 100000 533657980 0 10000 7417 2565 24 0 9 10000 1 2671 2629 21 0 14.493 10.249 ../q2/d50a10000s1long100/logb0050/c03d50b0050s533657980.log 318350 q2-extractinstructions-02.txt 20150104_150901 0.4
20150103_131805 50 3 50 100000 534532649 0 10000 7396 2582 34 0 9 10000 1 2717 2651 33 0 17.311 11.185 ../q2/d50a10000s1long100/logb0050/c03d50b0050s534532649.log 320845 q2-extractinstructions-02.txt 20150104_150902 0.4
20150103_131218 50 3 50 100000 580369466 1 10000 7387 2585 32 1 9 10000 1 2684 2622 31 1 14.438 10.28 ../q2/d50a10000s1long100/logb0050/c03d50b0050s580369466.log 321907 q2-extractinstructions-02.txt 20150104_150903 0.4
20150103_132138 50 3 50 100000 59405335 0 10000 7422 2557 26 0 9 10000 1 2699 2649 25 0 15.298 10.389 ../q2/d50a10000s1long100/logb0050/c03d50b0050s59405335.log 317747 q2-extractinstructions-02.txt 20150104_150904 0.4
20150103_130815 50 3 50 100000 597296547 0 10000 7364 2609 37 0 9 10000 1 2748 2674 37 0 14.283 10.343 ../q2/d50a10000s1long100/logb0050/c03d50b0050s597296547.log 324666 q2-extractinstructions-02.txt 20150104_150905 0.4
20150103_131304 50 3 50 100000 603593284 0 10000 7371 2618 16 0 9 10000 1 2739 2709 15 0 13.974 10.234 ../q2/d50a10000s1long100/logb0050/c03d50b0050s603593284.log 323802 q2-extractinstructions-02.txt 20150104_150906 0.4
20150103_131420 50 3 50 100000 60400782 0 10000 7444 2534 29 0 9 10000 1 2641 2595 23 0 14.203 10.218 ../q2/d50a10000s1long100/logb0050/c03d50b0050s60400782.log 315098 q2-extractinstructions-02.txt 20150104_150907 0.4
20150103_131158 50 3 50 100000 619181484 1 10000 7369 2605 27 1 9 10000 1 2710 2656 27 1 14.962 10.935 ../q2/d50a10000s1long100/logb0050/c03d50b0050s619181484.log 324041 q2-extractinstructions-02.txt 20150104_150908 0.4
20150103_132050 50 3 50 100000 634367214 0 10000 7447 2536 25 0 9 10000 1 2616 2570 23 0 16.785 11.092 ../q2/d50a10000s1long100/logb0050/c03d50b0050s634367214.log 314785 q2-extractinstructions-02.txt 20150104_150909 0.4
20150103_131426 50 3 50 100000 65398367 0 10000 7439 2537 27 0 9 10000 1 2632 2582 25 0 13.859 10.171 ../q2/d50a10000s1long100/logb0050/c03d50b0050s65398367.log 315702 q2-extractinstructions-02.txt 20150104_150910 0.4
20150103_130956 50 3 50 100000 656627946 0 10000 7392 2583 37 0 9 10000 1 2704 2638 33 0 14.365 10.39 ../q2/d50a10000s1long100/logb0050/c03d50b0050s656627946.log 321295 q2-extractinstructions-02.txt 20150104_150911 0.4
20150103_130820 50 3 50 100000 664375964 0 10000 7352 2613 40 0 9 10000 1 2720 2644 38 0 14.091 10.328 ../q2/d50a10000s1long100/logb0050/c03d50b0050s664375964.log 326064 q2-extractinstructions-02.txt 20150104_150912 0.4
20150103_130840 50 3 50 100000 666549275 0 10000 7462 2507 41 0 9 10000 1 2629 2561 34 0 13.801 10.203 ../q2/d50a10000s1long100/logb0050/c03d50b0050s666549275.log 312996 q2-extractinstructions-02.txt 20150104_150913 0.4
20150103_131521 50 3 50 100000 678794337 0 10000 7419 2560 21 0 9 10000 1 2650 2610 20 0 14.225 10.249 ../q2/d50a10000s1long100/logb0050/c03d50b0050s678794337.log 318118 q2-extractinstructions-02.txt 20150104_150914 0.4
20150103_131813 50 3 50 100000 679844657 0 10000 7370 2603 33 0 9 10000 1 2723 2659 32 0 15.654 10.514 ../q2/d50a10000s1long100/logb0050/c03d50b0050s679844657.log 323937 q2-extractinstructions-02.txt 20150104_150915 0.4
20150103_132259 50 3 50 100000 680128204 0 10000 7393 2584 29 0 9 10000 1 2665 2613 26 0 15.174 10.468 ../q2/d50a10000s1long100/logb0050/c03d50b0050s680128204.log 321177 q2-extractinstructions-02.txt 20150104_150916 0.4
20150103_130639 50 3 50 100000 681028781 0 10000 7392 2587 22 0 9 10000 1 2707 2669 19 0 14.675 10.998 ../q2/d50a10000s1long100/logb0050/c03d50b0050s681028781.log 321364 q2-extractinstructions-02.txt 20150104_150917 0.4
20150103_131607 50 3 50 100000 684587419 0 10000 7421 2554 30 0 9 10000 1 2648 2590 29 0 13.794 10.249 ../q2/d50a10000s1long100/logb0050/c03d50b0050s684587419.log 317863 q2-extractinstructions-02.txt 20150104_150918 0.4
20150103_131239 50 3 50 100000 691574937 0 10000 7440 2535 35 0 9 10000 1 2651 2589 31 0 14.394 10.265 ../q2/d50a10000s1long100/logb0050/c03d50b0050s691574937.log 315596 q2-extractinstructions-02.txt 20150104_150919 0.4
20150103_131244 50 3 50 100000 696282793 0 10000 7344 2634 30 0 9 10000 1 2757 2703 27 0 13.975 10.25 ../q2/d50a10000s1long100/logb0050/c03d50b0050s696282793.log 327012 q2-extractinstructions-02.txt 20150104_150920 0.4
20150103_131319 50 3 50 100000 70757215 0 10000 7394 2577 39 0 9 10000 1 2714 2644 35 0 14.303 10.28 ../q2/d50a10000s1long100/logb0050/c03d50b0050s70757215.log 321055 q2-extractinstructions-02.txt 20150104_150922 0.4
20150103_130759 50 3 50 100000 711283608 0 10000 7456 2521 30 0 9 10000 1 2651 2599 26 0 13.880 10.296 ../q2/d50a10000s1long100/logb0050/c03d50b0050s711283608.log 313703 q2-extractinstructions-02.txt 20150104_150923 0.4
20150103_131340 50 3 50 100000 71232281 0 10000 7341 2640 26 0 9 10000 1 2733 2683 25 0 14.306 10.296 ../q2/d50a10000s1long100/logb0050/c03d50b0050s71232281.log 327364 q2-extractinstructions-02.txt 20150104_150924 0.4
20150103_131547 50 3 50 100000 713686983 0 10000 7406 2577 22 0 9 10000 1 2712 2668 22 0 13.840 10.217 ../q2/d50a10000s1long100/logb0050/c03d50b0050s713686983.log 319627 q2-extractinstructions-02.txt 20150104_150925 0.4
20150103_130921 50 3 50 100000 715258232 1 10000 7324 2653 29 1 9 10000 1 2768 2712 28 1 13.903 10.28 ../q2/d50a10000s1long100/logb0050/c03d50b0050s715258232.log 329400 q2-extractinstructions-02.txt 20150104_150926 0.4
20150103_131914 50 3 50 100000 720726081 0 10000 7404 2568 36 0 9 10000 1 2680 2614 33 0 16.104 10.436 ../q2/d50a10000s1long100/logb0050/c03d50b0050s720726081.log 319888 q2-extractinstructions-02.txt 20150104_150927 0.4
20150103_131853 50 3 50 100000 729004945 0 10000 7373 2603 30 0 9 10000 1 2747 2695 26 0 14.735 10.545 ../q2/d50a10000s1long100/logb0050/c03d50b0050s729004945.log 323597 q2-extractinstructions-02.txt 20150104_150928 0.4
20150103_131123 50 3 50 100000 731421358 0 10000 7444 2537 22 0 9 10000 1 2613 2577 18 0 13.891 10.218 ../q2/d50a10000s1long100/logb0050/c03d50b0050s731421358.log 315145 q2-extractinstructions-02.txt 20150104_150929 0.4
20150103_131446 50 3 50 100000 748542218 0 10000 7435 2548 27 0 9 10000 1 2672 2622 25 0 14.682 10.982 ../q2/d50a10000s1long100/logb0050/c03d50b0050s748542218.log 316212 q2-extractinstructions-02.txt 20150104_150930 0.4
20150103_132239 50 3 50 100000 749682202 1 10000 7366 2612 30 1 9 10000 1 2715 2659 28 1 16.194 10.483 ../q2/d50a10000s1long100/logb0050/c03d50b0050s749682202.log 324398 q2-extractinstructions-02.txt 20150104_150931 0.4
20150103_131325 50 3 50 100000 764644760 0 10000 7402 2569 34 0 9 10000 1 2678 2614 32 0 14.532 10.858 ../q2/d50a10000s1long100/logb0050/c03d50b0050s764644760.log 320119 q2-extractinstructions-02.txt 20150104_150932 0.4
20150103_131017 50 3 50 100000 771297240 0 10000 7376 2601 30 0 9 10000 1 2752 2700 26 0 14.728 10.312 ../q2/d50a10000s1long100/logb0050/c03d50b0050s771297240.log 323230 q2-extractinstructions-02.txt 20150104_150933 0.4
20150103_131948 50 3 50 100000 779623269 0 10000 7420 2559 25 0 9 10000 1 2678 2630 24 0 16.642 10.405 ../q2/d50a10000s1long100/logb0050/c03d50b0050s779623269.log 318006 q2-extractinstructions-02.txt 20150104_150934 0.4
20150103_131506 50 3 50 100000 792274735 0 10000 7471 2509 25 0 9 10000 1 2586 2540 23 0 13.813 10.202 ../q2/d50a10000s1long100/logb0050/c03d50b0050s792274735.log 311925 q2-extractinstructions-02.txt 20150104_150935 0.4
20150103_130936 50 3 50 100000 792850679 0 10000 7453 2528 27 0 9 10000 1 2661 2613 24 0 14.148 10.265 ../q2/d50a10000s1long100/logb0050/c03d50b0050s792850679.log 314075 q2-extractinstructions-02.txt 20150104_150936 0.4
20150103_130901 50 3 50 100000 817713633 0 10000 7417 2567 24 0 9 10000 1 2656 2612 22 0 13.928 10.28 ../q2/d50a10000s1long100/logb0050/c03d50b0050s817713633.log 318363 q2-extractinstructions-02.txt 20150104_150937 0.4
20150103_131501 50 3 50 100000 821083276 0 10000 7467 2509 28 0 9 10000 1 2641 2593 24 0 15.282 10.95 ../q2/d50a10000s1long100/logb0050/c03d50b0050s821083276.log 312387 q2-extractinstructions-02.txt 20150104_150938 0.4
20150103_131752 50 3 50 100000 830503386 0 10000 7395 2585 27 0 9 10000 1 2678 2634 22 0 15.622 10.452 ../q2/d50a10000s1long100/logb0050/c03d50b0050s830503386.log 320973 q2-extractinstructions-02.txt 20150104_150939 0.4
20150103_131400 50 3 50 100000 835080798 0 10000 7490 2486 28 0 9 10000 1 2548 2494 27 0 14.348 10.171 ../q2/d50a10000s1long100/logb0050/c03d50b0050s835080798.log 309653 q2-extractinstructions-02.txt 20150104_150940 0.4
20150103_131833 50 3 50 100000 844916563 0 10000 7452 2534 21 0 9 10000 1 2658 2622 18 0 16.295 11.077 ../q2/d50a10000s1long100/logb0050/c03d50b0050s844916563.log 314177 q2-extractinstructions-02.txt 20150104_150941 0.4
20150103_131542 50 3 50 100000 847753645 0 10000 7467 2508 38 0 9 10000 1 2663 2589 37 0 14.017 10.249 ../q2/d50a10000s1long100/logb0050/c03d50b0050s847753645.log 312397 q2-extractinstructions-02.txt 20150104_150942 0.4
20150103_131345 50 3 50 100000 855242110 0 10000 7461 2526 19 0 9 10000 1 2632 2598 17 0 13.765 10.233 ../q2/d50a10000s1long100/logb0050/c03d50b0050s855242110.log 313120 q2-extractinstructions-02.txt 20150104_150943 0.4
20150103_131711 50 3 50 100000 862671664 0 10000 7402 2587 16 0 9 10000 1 2697 2667 15 0 15.534 10.468 ../q2/d50a10000s1long100/logb0050/c03d50b0050s862671664.log 320157 q2-extractinstructions-02.txt 20150104_150944 0.4
20150103_131203 50 3 50 100000 869373100 1 10000 7396 2577 31 1 9 10000 1 2695 2635 30 0 13.860 10.249 ../q2/d50a10000s1long100/logb0050/c03d50b0050s869373100.log 320852 q2-extractinstructions-02.txt 20150104_150945 0.4
20150103_130613 50 3 50 100000 919028296 0 10000 7391 2587 28 0 9 10000 1 2730 2676 27 0 14.368 10.296 ../q2/d50a10000s1long100/logb0050/c03d50b0050s919028296.log 321426 q2-extractinstructions-02.txt 20150104_150946 0.4
20150103_131602 50 3 50 100000 9255885 0 10000 7369 2603 37 0 9 10000 1 2745 2675 35 0 14.311 10.359 ../q2/d50a10000s1long100/logb0050/c03d50b0050s9255885.log 324073 q2-extractinstructions-02.txt 20150104_150947 0.4
20150103_131042 50 3 50 100000 932031761 0 10000 7451 2527 26 0 9 10000 1 2628 2582 23 0 13.862 10.218 ../q2/d50a10000s1long100/logb0050/c03d50b0050s932031761.log 314300 q2-extractinstructions-02.txt 20150104_150948 0.4
20150103_131405 50 3 50 100000 937674136 0 10000 7437 2545 27 0 9 10000 1 2663 2617 23 0 13.780 10.187 ../q2/d50a10000s1long100/logb0050/c03d50b0050s937674136.log 315959 q2-extractinstructions-02.txt 20150104_150949 0.4
20150103_132110 50 3 50 100000 950542138 0 10000 7369 2609 26 0 9 10000 1 2685 2637 24 0 16.833 10.499 ../q2/d50a10000s1long100/logb0050/c03d50b0050s950542138.log 324039 q2-extractinstructions-02.txt 20150104_150950 0.4
20150103_132037 50 3 50 100000 955201089 1 10000 7427 2543 35 1 9 10000 1 2725 2661 32 1 15.829 10.467 ../q2/d50a10000s1long100/logb0050/c03d50b0050s955201089.log 317138 q2-extractinstructions-02.txt 20150104_150951 0.4
20150103_131622 50 3 50 100000 960426761 0 10000 7352 2623 34 0 9 10000 1 2758 2696 31 0 15.848 10.421 ../q2/d50a10000s1long100/logb0050/c03d50b0050s960426761.log 326068 q2-extractinstructions-02.txt 20150104_150952 0.4
20150103_130714 50 3 50 100000 967561224 1 10000 7389 2584 32 1 9 10000 1 2723 2669 27 1 14.454 10.265 ../q2/d50a10000s1long100/logb0050/c03d50b0050s967561224.log 321677 q2-extractinstructions-02.txt 20150104_150953 0.4
20150103_130941 50 3 50 100000 969331491 0 10000 7462 2522 19 0 9 10000 1 2639 2605 17 0 13.846 10.171 ../q2/d50a10000s1long100/logb0050/c03d50b0050s969331491.log 312985 q2-extractinstructions-02.txt 20150104_150954 0.4
20150103_131143 50 3 50 100000 974358641 0 10000 7447 2531 25 0 9 10000 1 2634 2586 24 0 14.523 10.827 ../q2/d50a10000s1long100/logb0050/c03d50b0050s974358641.log 314758 q2-extractinstructions-02.txt 20150104_150955 0.4
20150103_131527 50 3 50 100000 97735260 0 10000 7362 2609 36 0 9 10000 1 2765 2699 33 0 13.959 10.328 ../q2/d50a10000s1long100/logb0050/c03d50b0050s97735260.log 324888 q2-extractinstructions-02.txt 20150104_150956 0.4
20150103_131224 50 3 50 100000 981597449 1 10000 7366 2608 40 1 9 10000 1 2702 2624 39 1 13.922 10.187 ../q2/d50a10000s1long100/logb0050/c03d50b0050s981597449.log 324409 q2-extractinstructions-02.txt 20150104_150958 0.4
20150103_131118 50 3 50 100000 981995409 1 10000 7446 2535 23 1 9 10000 1 2674 2636 19 1 14.084 10.265 ../q2/d50a10000s1long100/logb0050/c03d50b0050s981995409.log 314903 q2-extractinstructions-02.txt 20150104_150959 0.4
20150103_131001 50 3 50 100000 985655050 0 10000 7426 2553 21 0 9 10000 1 2643 2603 20 0 14.567 10.952 ../q2/d50a10000s1long100/logb0050/c03d50b0050s985655050.log 317282 q2-extractinstructions-02.txt 20150104_151000 0.4
20150103_131745 50 3 50 100000 987909730 0 10000 7382 2596 25 0 9 10000 1 2701 2653 24 0 15.727 10.438 ../q2/d50a10000s1long100/logb0050/c03d50b0050s987909730.log 322529 q2-extractinstructions-02.txt 20150104_151001 0.4
20150103_132402 50 4 50 100000 103765041 0 10000 6734 3266 0 0 9 10000 1 3515 3468 0 0 18.898 13.806 ../q2/d50a10000s1long100/logb0050/c04d50b0050s103765041.log 400205 q2-extractinstructions-02.txt 20150104_151002 0.4
20150103_132453 50 4 50 100000 105731136 0 10000 6744 3256 0 0 9 10000 1 3533 3483 0 0 19.100 13.712 ../q2/d50a10000s1long100/logb0050/c04d50b0050s105731136.log 398991 q2-extractinstructions-02.txt 20150104_151003 0.4
20150103_132438 50 4 50 100000 117661523 0 10000 6690 3310 0 0 9 10000 1 3599 3546 0 0 19.803 14.586 ../q2/d50a10000s1long100/logb0050/c04d50b0050s117661523.log 405410 q2-extractinstructions-02.txt 20150104_151004 0.4
20150103_134241 50 4 50 100000 133966184 0 10000 6698 3302 0 0 9 10000 1 3621 3573 0 0 19.730 14.851 ../q2/d50a10000s1long100/logb0050/c04d50b0050s133966184.log 404490 q2-extractinstructions-02.txt 20150104_151005 0.4
20150103_132417 50 4 50 100000 141246882 0 10000 6713 3287 0 0 9 10000 1 3518 3468 0 0 18.917 13.852 ../q2/d50a10000s1long100/logb0050/c04d50b0050s141246882.log 402695 q2-extractinstructions-02.txt 20150104_151007 0.4
20150103_133900 50 4 50 100000 15591650 0 10000 6678 3322 0 0 9 10000 1 3604 3549 0 0 22.068 14.914 ../q2/d50a10000s1long100/logb0050/c04d50b0050s15591650.log 406845 q2-extractinstructions-02.txt 20150104_151008 0.4
20150103_134412 50 4 50 100000 166280481 0 10000 6733 3267 0 0 9 10000 1 3514 3461 0 0 18.805 14.056 ../q2/d50a10000s1long100/logb0050/c04d50b0050s166280481.log 400330 q2-extractinstructions-02.txt 20150104_151009 0.4
20150103_134102 50 4 50 100000 176818827 0 10000 6744 3256 0 0 9 10000 1 3514 3471 0 0 21.243 14.024 ../q2/d50a10000s1long100/logb0050/c04d50b0050s176818827.log 398975 q2-extractinstructions-02.txt 20150104_151010 0.4
20150103_134606 50 4 50 100000 178615611 0 10000 6747 3253 0 0 9 10000 1 3576 3522 0 0 20.936 14.009 ../q2/d50a10000s1long100/logb0050/c04d50b0050s178615611.log 398659 q2-extractinstructions-02.txt 20150104_151011 0.4
20150103_133735 50 4 50 100000 193031530 0 10000 6669 3331 0 0 9 10000 1 3608 3551 0 0 18.575 14.04 ../q2/d50a10000s1long100/logb0050/c04d50b0050s193031530.log 407910 q2-extractinstructions-02.txt 20150104_151013 0.4
20150103_134738 50 4 50 100000 213707177 0 10000 6673 3326 1 0 9 10000 1 3645 3587 0 0 18.172 13.868 ../q2/d50a10000s1long100/logb0050/c04d50b0050s213707177.log 407457 q2-extractinstructions-02.txt 20150104_151014 0.4
20150103_134304 50 4 50 100000 219481355 0 10000 6702 3298 1 0 9 10000 1 3553 3502 1 0 21.651 14.117 ../q2/d50a10000s1long100/logb0050/c04d50b0050s219481355.log 403988 q2-extractinstructions-02.txt 20150104_151015 0.4
20150103_132952 50 4 50 100000 229298583 0 10000 6656 3344 0 0 9 10000 1 3624 3581 0 0 19.663 14.726 ../q2/d50a10000s1long100/logb0050/c04d50b0050s229298583.log 409489 q2-extractinstructions-02.txt 20150104_151016 0.4
20150103_134543 50 4 50 100000 235032171 0 10000 6718 3281 1 0 9 10000 1 3544 3486 1 0 19.586 15.039 ../q2/d50a10000s1long100/logb0050/c04d50b0050s235032171.log 402102 q2-extractinstructions-02.txt 20150104_151018 0.4
20150103_134031 50 4 50 100000 257965973 0 10000 6648 3352 0 0 9 10000 1 3613 3560 0 0 21.377 14.056 ../q2/d50a10000s1long100/logb0050/c04d50b0050s257965973.log 410423 q2-extractinstructions-02.txt 20150104_151019 0.4
20150103_132709 50 4 50 100000 258760793 0 10000 6653 3347 0 0 9 10000 1 3647 3587 0 0 18.719 13.76 ../q2/d50a10000s1long100/logb0050/c04d50b0050s258760793.log 409829 q2-extractinstructions-02.txt 20150104_151020 0.4
20150103_132539 50 4 50 100000 263688301 0 10000 6703 3296 1 0 9 10000 1 3563 3509 1 0 20.014 14.665 ../q2/d50a10000s1long100/logb0050/c04d50b0050s263688301.log 403888 q2-extractinstructions-02.txt 20150104_151021 0.4
20150103_134614 50 4 50 100000 267313125 0 10000 6721 3278 1 0 9 10000 1 3553 3499 1 0 18.797 13.993 ../q2/d50a10000s1long100/logb0050/c04d50b0050s267313125.log 401729 q2-extractinstructions-02.txt 20150104_151022 0.4
20150103_134132 50 4 50 100000 273539877 0 10000 6643 3357 1 0 9 10000 1 3687 3634 1 0 21.244 14.072 ../q2/d50a10000s1long100/logb0050/c04d50b0050s273539877.log 411041 q2-extractinstructions-02.txt 20150104_151024 0.4
20150103_134311 50 4 50 100000 273745496 0 10000 6687 3313 0 0 9 10000 1 3601 3557 0 0 18.936 14.055 ../q2/d50a10000s1long100/logb0050/c04d50b0050s273745496.log 405793 q2-extractinstructions-02.txt 20150104_151025 0.4
20150103_133806 50 4 50 100000 288867276 0 10000 6734 3266 0 0 9 10000 1 3533 3496 0 0 19.844 15.148 ../q2/d50a10000s1long100/logb0050/c04d50b0050s288867276.log 400175 q2-extractinstructions-02.txt 20150104_151026 0.4
20150103_134637 50 4 50 100000 289290043 0 10000 6711 3289 0 0 9 10000 1 3576 3525 0 0 21.479 14.087 ../q2/d50a10000s1long100/logb0050/c04d50b0050s289290043.log 402917 q2-extractinstructions-02.txt 20150104_151027 0.4
20150103_133907 50 4 50 100000 31802340 0 10000 6709 3291 0 0 9 10000 1 3603 3553 0 0 18.727 14.04 ../q2/d50a10000s1long100/logb0050/c04d50b0050s31802340.log 403147 q2-extractinstructions-02.txt 20150104_151029 0.4
20150103_133456 50 4 50 100000 336520112 0 10000 6683 3317 0 0 9 10000 1 3614 3564 0 0 21.061 14.211 ../q2/d50a10000s1long100/logb0050/c04d50b0050s336520112.log 406261 q2-extractinstructions-02.txt 20150104_151030 0.4
20150103_134442 50 4 50 100000 338766876 0 10000 6711 3289 0 0 9 10000 1 3605 3545 0 0 18.780 14.117 ../q2/d50a10000s1long100/logb0050/c04d50b0050s338766876.log 402961 q2-extractinstructions-02.txt 20150104_151031 0.4
20150103_133234 50 4 50 100000 364245801 0 10000 6683 3317 0 0 9 10000 1 3542 3490 0 0 19.467 14.617 ../q2/d50a10000s1long100/logb0050/c04d50b0050s364245801.log 406252 q2-extractinstructions-02.txt 20150104_151032 0.4
20150103_132730 50 4 50 100000 376517787 0 10000 6675 3325 0 0 9 10000 1 3647 3590 0 0 18.930 13.697 ../q2/d50a10000s1long100/logb0050/c04d50b0050s376517787.log 407222 q2-extractinstructions-02.txt 20150104_151033 0.4
20150103_134203 50 4 50 100000 419739236 0 10000 6721 3277 2 0 9 10000 1 3506 3439 2 0 20.982 14.025 ../q2/d50a10000s1long100/logb0050/c04d50b0050s419739236.log 401734 q2-extractinstructions-02.txt 20150104_151035 0.4
20150103_132524 50 4 50 100000 420477893 0 10000 6675 3325 0 0 9 10000 1 3617 3557 0 0 18.643 13.728 ../q2/d50a10000s1long100/logb0050/c04d50b0050s420477893.log 407213 q2-extractinstructions-02.txt 20150104_151036 0.4
20150103_134334 50 4 50 100000 422259284 0 10000 6704 3296 0 0 9 10000 1 3601 3540 0 0 21.679 14.04 ../q2/d50a10000s1long100/logb0050/c04d50b0050s422259284.log 403775 q2-extractinstructions-02.txt 20150104_151037 0.4
20150103_134707 50 4 50 100000 453304600 0 10000 6663 3337 0 0 9 10000 1 3638 3583 0 0 20.768 14.134 ../q2/d50a10000s1long100/logb0050/c04d50b0050s453304600.log 408632 q2-extractinstructions-02.txt 20150104_151038 0.4
20150103_134536 50 4 50 100000 455349142 0 10000 6694 3306 0 0 9 10000 1 3593 3530 0 0 21.047 14.103 ../q2/d50a10000s1long100/logb0050/c04d50b0050s455349142.log 404939 q2-extractinstructions-02.txt 20150104_151039 0.4
20150103_133759 50 4 50 100000 458957777 0 10000 6746 3254 0 0 9 10000 1 3499 3459 0 0 21.843 14.898 ../q2/d50a10000s1long100/logb0050/c04d50b0050s458957777.log 398763 q2-extractinstructions-02.txt 20150104_151041 0.4
20150103_133829 50 4 50 100000 476293280 0 10000 6754 3246 0 0 9 10000 1 3540 3487 0 0 20.825 14.072 ../q2/d50a10000s1long100/logb0050/c04d50b0050s476293280.log 397837 q2-extractinstructions-02.txt 20150104_151042 0.4
20150103_133052 50 4 50 100000 487615299 0 10000 6746 3254 0 0 9 10000 1 3511 3453 0 0 18.764 13.759 ../q2/d50a10000s1long100/logb0050/c04d50b0050s487615299.log 398755 q2-extractinstructions-02.txt 20150104_151043 0.4
20150103_132906 50 4 50 100000 488153710 0 10000 6711 3287 2 0 9 10000 1 3599 3552 2 0 18.479 13.837 ../q2/d50a10000s1long100/logb0050/c04d50b0050s488153710.log 402912 q2-extractinstructions-02.txt 20150104_151044 0.4
20150103_132957 50 4 50 100000 49497595 0 10000 6701 3299 0 0 9 10000 1 3581 3529 0 0 18.360 13.852 ../q2/d50a10000s1long100/logb0050/c04d50b0050s49497595.log 404093 q2-extractinstructions-02.txt 20150104_151045 0.4
20150103_132543 50 4 50 100000 50746969 0 10000 6726 3273 1 0 9 10000 1 3554 3493 0 0 18.350 13.807 ../q2/d50a10000s1long100/logb0050/c04d50b0050s50746969.log 401127 q2-extractinstructions-02.txt 20150104_151047 0.4
20150103_134506 50 4 50 100000 507715397 0 10000 6679 3321 0 0 9 10000 1 3595 3542 0 0 20.517 14.149 ../q2/d50a10000s1long100/logb0050/c04d50b0050s507715397.log 406717 q2-extractinstructions-02.txt 20150104_151048 0.4
20150103_134210 50 4 50 100000 512496119 0 10000 6664 3335 1 0 9 10000 1 3599 3551 0 0 18.658 14.086 ../q2/d50a10000s1long100/logb0050/c04d50b0050s512496119.log 408525 q2-extractinstructions-02.txt 20150104_151049 0.4
20150103_132922 50 4 50 100000 51492881 0 10000 6682 3318 0 0 9 10000 1 3646 3591 0 0 19.126 13.821 ../q2/d50a10000s1long100/logb0050/c04d50b0050s51492881.log 406319 q2-extractinstructions-02.txt 20150104_151050 0.4
20150103_132750 50 4 50 100000 519606501 0 10000 6703 3295 2 0 9 10000 1 3603 3561 2 0 18.852 13.712 ../q2/d50a10000s1long100/logb0050/c04d50b0050s519606501.log 403851 q2-extractinstructions-02.txt 20150104_151052 0.4
20150103_132609 50 4 50 100000 533657980 0 10000 6699 3301 0 0 9 10000 1 3526 3479 0 0 19.941 14.648 ../q2/d50a10000s1long100/logb0050/c04d50b0050s533657980.log 404364 q2-extractinstructions-02.txt 20150104_151053 0.4
20150103_134001 50 4 50 100000 534532649 0 10000 6683 3317 1 0 9 10000 1 3613 3561 1 0 22.240 15.085 ../q2/d50a10000s1long100/logb0050/c04d50b0050s534532649.log 406264 q2-extractinstructions-02.txt 20150104_151054 0.4
20150103_133143 50 4 50 100000 580369466 0 10000 6706 3293 1 0 9 10000 1 3598 3535 1 0 19.674 14.726 ../q2/d50a10000s1long100/logb0050/c04d50b0050s580369466.log 403526 q2-extractinstructions-02.txt 20150104_151055 0.4
20150103_134513 50 4 50 100000 59405335 0 10000 6740 3260 0 0 9 10000 1 3552 3508 0 0 19.849 14.93 ../q2/d50a10000s1long100/logb0050/c04d50b0050s59405335.log 399479 q2-extractinstructions-02.txt 20150104_151056 0.4
20150103_132639 50 4 50 100000 597296547 0 10000 6659 3341 0 0 9 10000 1 3672 3609 0 0 19.943 14.742 ../q2/d50a10000s1long100/logb0050/c04d50b0050s597296547.log 409132 q2-extractinstructions-02.txt 20150104_151058 0.4
20150103_133239 50 4 50 100000 603593284 0 10000 6673 3327 0 0 9 10000 1 3613 3566 0 0 18.333 13.775 ../q2/d50a10000s1long100/logb0050/c04d50b0050s603593284.log 407429 q2-extractinstructions-02.txt 20150104_151059 0.4
20150103_133425 50 4 50 100000 60400782 0 10000 6749 3251 0 0 9 10000 1 3538 3494 0 0 20.340 13.945 ../q2/d50a10000s1long100/logb0050/c04d50b0050s60400782.log 398366 q2-extractinstructions-02.txt 20150104_151100 0.4
20150103_133113 50 4 50 100000 619181484 0 10000 6685 3314 1 0 9 10000 1 3627 3564 1 0 19.589 14.633 ../q2/d50a10000s1long100/logb0050/c04d50b0050s619181484.log 406003 q2-extractinstructions-02.txt 20150104_151101 0.4
20150103_134405 50 4 50 100000 634367214 0 10000 6784 3216 0 0 9 10000 1 3456 3422 0 0 21.177 14.008 ../q2/d50a10000s1long100/logb0050/c04d50b0050s634367214.log 394257 q2-extractinstructions-02.txt 20150104_151103 0.4
20150103_133433 50 4 50 100000 65398367 0 10000 6774 3226 0 0 9 10000 1 3496 3445 0 0 18.450 13.915 ../q2/d50a10000s1long100/logb0050/c04d50b0050s65398367.log 395404 q2-extractinstructions-02.txt 20150104_151104 0.4
20150103_132830 50 4 50 100000 656627946 0 10000 6687 3311 2 0 9 10000 1 3647 3595 2 0 19.893 14.789 ../q2/d50a10000s1long100/logb0050/c04d50b0050s656627946.log 405763 q2-extractinstructions-02.txt 20150104_151105 0.4
20150103_132644 50 4 50 100000 664375964 0 10000 6664 3336 0 0 9 10000 1 3647 3586 0 0 19.159 14.649 ../q2/d50a10000s1long100/logb0050/c04d50b0050s664375964.log 408506 q2-extractinstructions-02.txt 20150104_151106 0.4
20150103_132714 50 4 50 100000 666549275 0 10000 6702 3297 1 0 9 10000 1 3586 3522 1 0 19.747 14.711 ../q2/d50a10000s1long100/logb0050/c04d50b0050s666549275.log 404001 q2-extractinstructions-02.txt 20150104_151107 0.4
20150103_133557 50 4 50 100000 678794337 0 10000 6726 3273 1 0 9 10000 1 3579 3520 1 0 20.135 14.041 ../q2/d50a10000s1long100/logb0050/c04d50b0050s678794337.log 401156 q2-extractinstructions-02.txt 20150104_151109 0.4
20150103_134009 50 4 50 100000 679844657 0 10000 6698 3301 1 0 9 10000 1 3606 3548 1 0 19.343 14.103 ../q2/d50a10000s1long100/logb0050/c04d50b0050s679844657.log 404481 q2-extractinstructions-02.txt 20150104_151110 0.4
20150103_134715 50 4 50 100000 680128204 0 10000 6635 3365 0 0 9 10000 1 3607 3566 0 0 19.820 14.992 ../q2/d50a10000s1long100/logb0050/c04d50b0050s680128204.log 411945 q2-extractinstructions-02.txt 20150104_151111 0.4
20150103_132422 50 4 50 100000 681028781 0 10000 6697 3303 0 0 9 10000 1 3601 3550 0 0 19.449 13.805 ../q2/d50a10000s1long100/logb0050/c04d50b0050s681028781.log 404636 q2-extractinstructions-02.txt 20150104_151112 0.4
20150103_133705 50 4 50 100000 684587419 0 10000 6716 3284 0 0 9 10000 1 3569 3521 0 0 18.818 14.119 ../q2/d50a10000s1long100/logb0050/c04d50b0050s684587419.log 402329 q2-extractinstructions-02.txt 20150104_151113 0.4
20150103_133213 50 4 50 100000 691574937 0 10000 6757 3242 1 0 9 10000 1 3544 3490 0 0 19.517 14.648 ../q2/d50a10000s1long100/logb0050/c04d50b0050s691574937.log 397440 q2-extractinstructions-02.txt 20150104_151115 0.4
20150103_133219 50 4 50 100000 696282793 0 10000 6611 3389 0 0 9 10000 1 3681 3633 0 0 19.086 13.868 ../q2/d50a10000s1long100/logb0050/c04d50b0050s696282793.log 414817 q2-extractinstructions-02.txt 20150104_151116 0.4
20150103_133304 50 4 50 100000 70757215 0 10000 6699 3301 0 0 9 10000 1 3598 3539 0 0 19.938 14.727 ../q2/d50a10000s1long100/logb0050/c04d50b0050s70757215.log 404321 q2-extractinstructions-02.txt 20150104_151117 0.4
20150103_132614 50 4 50 100000 711283608 0 10000 6718 3282 0 0 9 10000 1 3525 3478 0 0 18.481 13.837 ../q2/d50a10000s1long100/logb0050/c04d50b0050s711283608.log 402081 q2-extractinstructions-02.txt 20150104_151118 0.4
20150103_133335 50 4 50 100000 71232281 0 10000 6648 3351 1 0 9 10000 1 3610 3572 1 0 19.001 13.821 ../q2/d50a10000s1long100/logb0050/c04d50b0050s71232281.log 410394 q2-extractinstructions-02.txt 20150104_151120 0.4
20150103_133634 50 4 50 100000 713686983 0 10000 6690 3310 0 0 9 10000 1 3599 3546 0 0 18.684 14.04 ../q2/d50a10000s1long100/logb0050/c04d50b0050s713686983.log 405394 q2-extractinstructions-02.txt 20150104_151121 0.4
20150103_132805 50 4 50 100000 715258232 0 10000 6626 3374 0 0 9 10000 1 3655 3601 0 0 18.977 13.884 ../q2/d50a10000s1long100/logb0050/c04d50b0050s715258232.log 413041 q2-extractinstructions-02.txt 20150104_151122 0.4
20150103_134140 50 4 50 100000 720726081 0 10000 6679 3319 2 0 9 10000 1 3589 3526 2 0 18.754 14.024 ../q2/d50a10000s1long100/logb0050/c04d50b0050s720726081.log 406741 q2-extractinstructions-02.txt 20150104_151123 0.4
20150103_134109 50 4 50 100000 729004945 0 10000 6657 3343 0 0 9 10000 1 3653 3592 0 0 19.054 14.196 ../q2/d50a10000s1long100/logb0050/c04d50b0050s729004945.log 409359 q2-extractinstructions-02.txt 20150104_151124 0.4
20150103_133027 50 4 50 100000 731421358 0 10000 6742 3258 0 0 9 10000 1 3492 3434 0 0 18.246 13.822 ../q2/d50a10000s1long100/logb0050/c04d50b0050s731421358.log 399244 q2-extractinstructions-02.txt 20150104_151126 0.4
20150103_133503 50 4 50 100000 748542218 0 10000 6747 3253 0 0 9 10000 1 3519 3469 0 0 18.874 14.117 ../q2/d50a10000s1long100/logb0050/c04d50b0050s748542218.log 398649 q2-extractinstructions-02.txt 20150104_151127 0.4
20150103_134644 50 4 50 100000 749682202 0 10000 6645 3353 2 0 9 10000 1 3675 3629 2 0 18.869 14.103 ../q2/d50a10000s1long100/logb0050/c04d50b0050s749682202.log 410759 q2-extractinstructions-02.txt 20150104_151128 0.4
20150103_133310 50 4 50 100000 764644760 0 10000 6692 3308 0 0 9 10000 1 3581 3527 0 0 18.293 13.853 ../q2/d50a10000s1long100/logb0050/c04d50b0050s764644760.log 405171 q2-extractinstructions-02.txt 20150104_151129 0.4
20150103_132901 50 4 50 100000 771297240 0 10000 6681 3319 0 0 9 10000 1 3653 3609 0 0 19.047 13.791 ../q2/d50a10000s1long100/logb0050/c04d50b0050s771297240.log 406502 q2-extractinstructions-02.txt 20150104_151130 0.4
20150103_134233 50 4 50 100000 779623269 0 10000 6720 3280 0 0 9 10000 1 3547 3502 0 0 20.881 14.133 ../q2/d50a10000s1long100/logb0050/c04d50b0050s779623269.log 401864 q2-extractinstructions-02.txt 20150104_151132 0.4
20150103_133534 50 4 50 100000 792274735 0 10000 6765 3235 0 0 9 10000 1 3517 3462 0 0 18.693 13.93 ../q2/d50a10000s1long100/logb0050/c04d50b0050s792274735.log 396506 q2-extractinstructions-02.txt 20150104_151133 0.4
20150103_132810 50 4 50 100000 792850679 0 10000 6710 3290 0 0 9 10000 1 3571 3513 0 0 18.744 13.9 ../q2/d50a10000s1long100/logb0050/c04d50b0050s792850679.log 403066 q2-extractinstructions-02.txt 20150104_151134 0.4
20150103_132745 50 4 50 100000 817713633 0 10000 6728 3271 1 0 9 10000 1 3578 3521 1 0 19.028 13.79 ../q2/d50a10000s1long100/logb0050/c04d50b0050s817713633.log 400917 q2-extractinstructions-02.txt 20150104_151135 0.4
20150103_133526 50 4 50 100000 821083276 0 10000 6769 3231 0 0 9 10000 1 3465 3413 0 0 20.781 13.993 ../q2/d50a10000s1long100/logb0050/c04d50b0050s821083276.log 396035 q2-extractinstructions-02.txt 20150104_151137 0.4
20150103_133938 50 4 50 100000 830503386 0 10000 6726 3274 0 0 9 10000 1 3548 3503 0 0 19.570 14.867 ../q2/d50a10000s1long100/logb0050/c04d50b0050s830503386.log 401141 q2-extractinstructions-02.txt 20150104_151138 0.4
20150103_133355 50 4 50 100000 835080798 0 10000 6780 3220 1 0 9 10000 1 3482 3432 1 0 20.880 13.993 ../q2/d50a10000s1long100/logb0050/c04d50b0050s835080798.log 394714 q2-extractinstructions-02.txt 20150104_151139 0.4
20150103_134039 50 4 50 100000 844916563 0 10000 6738 3262 0 0 9 10000 1 3518 3470 0 0 19.597 15.117 ../q2/d50a10000s1long100/logb0050/c04d50b0050s844916563.log 399704 q2-extractinstructions-02.txt 20150104_151140 0.4
20150103_133627 50 4 50 100000 847753645 0 10000 6721 3279 0 0 9 10000 1 3520 3467 0 0 21.587 14.009 ../q2/d50a10000s1long100/logb0050/c04d50b0050s847753645.log 401727 q2-extractinstructions-02.txt 20150104_151141 0.4
20150103_133340 50 4 50 100000 855242110 0 10000 6755 3245 0 0 9 10000 1 3540 3504 0 0 19.392 13.9 ../q2/d50a10000s1long100/logb0050/c04d50b0050s855242110.log 397704 q2-extractinstructions-02.txt 20150104_151143 0.4
20150103_133837 50 4 50 100000 862671664 0 10000 6728 3271 1 0 9 10000 1 3511 3467 0 0 18.761 13.994 ../q2/d50a10000s1long100/logb0050/c04d50b0050s862671664.log 400925 q2-extractinstructions-02.txt 20150104_151144 0.4
20150103_133118 50 4 50 100000 869373100 0 10000 6692 3308 0 0 9 10000 1 3589 3531 0 0 18.291 13.821 ../q2/d50a10000s1long100/logb0050/c04d50b0050s869373100.log 405186 q2-extractinstructions-02.txt 20150104_151145 0.4
20150103_132357 50 4 50 100000 919028296 0 10000 6682 3318 0 0 9 10000 1 3615 3563 0 0 18.911 13.807 ../q2/d50a10000s1long100/logb0050/c04d50b0050s919028296.log 406367 q2-extractinstructions-02.txt 20150104_151146 0.4
20150103_133658 50 4 50 100000 9255885 0 10000 6679 3321 0 0 9 10000 1 3645 3583 0 0 21.731 15.039 ../q2/d50a10000s1long100/logb0050/c04d50b0050s9255885.log 406761 q2-extractinstructions-02.txt 20150104_151147 0.4
20150103_132926 50 4 50 100000 932031761 0 10000 6752 3248 0 0 9 10000 1 3533 3484 0 0 18.192 13.791 ../q2/d50a10000s1long100/logb0050/c04d50b0050s932031761.log 398041 q2-extractinstructions-02.txt 20150104_151149 0.4
20150103_133400 50 4 50 100000 937674136 0 10000 6729 3271 0 0 9 10000 1 3569 3522 0 0 19.396 14.992 ../q2/d50a10000s1long100/logb0050/c04d50b0050s937674136.log 400786 q2-extractinstructions-02.txt 20150104_151150 0.4
20150103_134435 50 4 50 100000 950542138 0 10000 6672 3328 0 0 9 10000 1 3554 3517 0 0 20.942 14.055 ../q2/d50a10000s1long100/logb0050/c04d50b0050s950542138.log 407535 q2-extractinstructions-02.txt 20150104_151151 0.4
20150103_134341 50 4 50 100000 955201089 0 10000 6711 3289 1 0 9 10000 1 3562 3513 1 0 19.510 14.852 ../q2/d50a10000s1long100/logb0050/c04d50b0050s955201089.log 402923 q2-extractinstructions-02.txt 20150104_151152 0.4
20150103_133728 50 4 50 100000 960426761 0 10000 6657 3343 1 0 9 10000 1 3648 3599 1 0 21.147 14.072 ../q2/d50a10000s1long100/logb0050/c04d50b0050s960426761.log 409339 q2-extractinstructions-02.txt 20150104_151153 0.4
20150103_132508 50 4 50 100000 967561224 0 10000 6679 3320 1 0 9 10000 1 3634 3575 1 0 19.966 14.616 ../q2/d50a10000s1long100/logb0050/c04d50b0050s967561224.log 406737 q2-extractinstructions-02.txt 20150104_151155 0.4
20150103_132826 50 4 50 100000 969331491 0 10000 6734 3266 0 0 9 10000 1 3534 3487 0 0 18.802 13.822 ../q2/d50a10000s1long100/logb0050/c04d50b0050s969331491.log 400178 q2-extractinstructions-02.txt 20150104_151156 0.4
20150103_133057 50 4 50 100000 974358641 0 10000 6750 3250 0 0 9 10000 1 3530 3474 0 0 18.868 13.836 ../q2/d50a10000s1long100/logb0050/c04d50b0050s974358641.log 398260 q2-extractinstructions-02.txt 20150104_151157 0.4
20150103_133604 50 4 50 100000 97735260 0 10000 6695 3305 0 0 9 10000 1 3696 3640 0 0 18.838 14.055 ../q2/d50a10000s1long100/logb0050/c04d50b0050s97735260.log 404823 q2-extractinstructions-02.txt 20150104_151158 0.4
20150103_133148 50 4 50 100000 981597449 0 10000 6618 3382 1 0 9 10000 1 3683 3632 1 0 18.344 13.822 ../q2/d50a10000s1long100/logb0050/c04d50b0050s981597449.log 413994 q2-extractinstructions-02.txt 20150104_151200 0.4
20150103_133022 50 4 50 100000 981995409 0 10000 6723 3277 0 0 9 10000 1 3544 3491 0 0 20.910 15.663 ../q2/d50a10000s1long100/logb0050/c04d50b0050s981995409.log 401505 q2-extractinstructions-02.txt 20150104_151201 0.4
20150103_132846 50 4 50 100000 985655050 0 10000 6715 3285 0 0 9 10000 1 3542 3498 0 0 18.966 13.682 ../q2/d50a10000s1long100/logb0050/c04d50b0050s985655050.log 402457 q2-extractinstructions-02.txt 20150104_151202 0.4
20150103_133930 50 4 50 100000 987909730 0 10000 6661 3339 0 0 9 10000 1 3569 3524 0 0 22.395 14.088 ../q2/d50a10000s1long100/logb0050/c04d50b0050s987909730.log 408887 q2-extractinstructions-02.txt 20150104_151203 0.4
20150102_174603 50 3 100 100000 103765041 0 10000 8609 1384 9 0 9 10000 1 1339 1321 9 0 13.134 8.876 ../q2/d50a10000s1long100/logb0100/c03d50b0100s103765041.log 176632 q2-extractinstructions-02.txt 20150104_151204 0.4
20150102_174624 50 3 100 100000 105731136 0 10000 8612 1379 10 0 9 10000 1 1341 1321 10 0 13.350 9.251 ../q2/d50a10000s1long100/logb0100/c03d50b0100s105731136.log 176261 q2-extractinstructions-02.txt 20150104_151205 0.4
20150102_174619 50 3 100 100000 117661523 0 10000 8605 1392 3 0 9 10000 1 1359 1353 3 0 13.143 9.251 ../q2/d50a10000s1long100/logb0100/c03d50b0100s117661523.log 177106 q2-extractinstructions-02.txt 20150104_151205 0.4
20150102_174608 50 3 100 100000 141246882 0 10000 8595 1400 5 0 9 10000 1 1364 1354 5 0 12.720 8.549 ../q2/d50a10000s1long100/logb0100/c03d50b0100s141246882.log 178275 q2-extractinstructions-02.txt 20150104_151206 0.4
20150102_174831 50 3 100 100000 229298583 0 10000 8575 1423 2 0 9 10000 1 1390 1386 2 0 12.888 8.845 ../q2/d50a10000s1long100/logb0100/c03d50b0100s229298583.log 180676 q2-extractinstructions-02.txt 20150104_151207 0.4
20150102_174710 50 3 100 100000 258760793 0 10000 8584 1411 8 0 9 10000 1 1374 1362 6 0 12.796 8.737 ../q2/d50a10000s1long100/logb0100/c03d50b0100s258760793.log 179593 q2-extractinstructions-02.txt 20150104_151208 0.4
20150102_174639 50 3 100 100000 263688301 0 10000 8596 1401 4 0 9 10000 1 1346 1338 4 0 12.976 8.83 ../q2/d50a10000s1long100/logb0100/c03d50b0100s263688301.log 178146 q2-extractinstructions-02.txt 20150104_151208 0.4
20150102_175024 50 3 100 100000 336520112 0 10000 8558 1437 5 0 9 10000 1 1389 1381 4 0 11.940 8.752 ../q2/d50a10000s1long100/logb0100/c03d50b0100s336520112.log 182701 q2-extractinstructions-02.txt 20150104_151209 0.4
20150102_174933 50 3 100 100000 364245801 0 10000 8596 1397 9 0 9 10000 1 1381 1365 8 0 12.663 8.674 ../q2/d50a10000s1long100/logb0100/c03d50b0100s364245801.log 178158 q2-extractinstructions-02.txt 20150104_151210 0.4
20150102_174720 50 3 100 100000 376517787 0 10000 8567 1425 8 0 9 10000 1 1417 1401 8 0 12.796 8.487 ../q2/d50a10000s1long100/logb0100/c03d50b0100s376517787.log 181619 q2-extractinstructions-02.txt 20150104_151211 0.4
20150102_174634 50 3 100 100000 420477893 0 10000 8577 1418 6 0 9 10000 1 1366 1356 5 0 13.095 8.876 ../q2/d50a10000s1long100/logb0100/c03d50b0100s420477893.log 180415 q2-extractinstructions-02.txt 20150104_151211 0.4
20150102_174852 50 3 100 100000 487615299 0 10000 8602 1394 4 0 9 10000 1 1385 1377 4 0 13.202 9.235 ../q2/d50a10000s1long100/logb0100/c03d50b0100s487615299.log 177435 q2-extractinstructions-02.txt 20150104_151212 0.4
20150102_174816 50 3 100 100000 488153710 0 10000 8638 1356 6 0 9 10000 1 1308 1298 5 0 12.518 8.455 ../q2/d50a10000s1long100/logb0100/c03d50b0100s488153710.log 173165 q2-extractinstructions-02.txt 20150104_151213 0.4
20150102_174837 50 3 100 100000 49497595 0 10000 8575 1419 6 0 9 10000 1 1381 1369 6 0 13.086 9.094 ../q2/d50a10000s1long100/logb0100/c03d50b0100s49497595.log 180640 q2-extractinstructions-02.txt 20150104_151213 0.4
20150102_174644 50 3 100 100000 50746969 0 10000 8578 1412 12 0 9 10000 1 1367 1345 11 0 12.921 8.846 ../q2/d50a10000s1long100/logb0100/c03d50b0100s50746969.log 180295 q2-extractinstructions-02.txt 20150104_151214 0.4
20150102_174821 50 3 100 100000 51492881 0 10000 8605 1390 5 0 9 10000 1 1321 1313 4 0 12.575 8.533 ../q2/d50a10000s1long100/logb0100/c03d50b0100s51492881.log 177068 q2-extractinstructions-02.txt 20150104_151215 0.4
20150102_174730 50 3 100 100000 519606501 0 10000 8568 1425 7 0 9 10000 1 1355 1343 6 0 14.053 8.985 ../q2/d50a10000s1long100/logb0100/c03d50b0100s519606501.log 181491 q2-extractinstructions-02.txt 20150104_151216 0.4
20150102_174649 50 3 100 100000 533657980 0 10000 8640 1352 8 0 9 10000 1 1323 1311 6 0 12.541 8.595 ../q2/d50a10000s1long100/logb0100/c03d50b0100s533657980.log 172932 q2-extractinstructions-02.txt 20150104_151216 0.4
20150102_174912 50 3 100 100000 580369466 0 10000 8576 1414 11 0 9 10000 1 1373 1351 11 0 12.738 8.736 ../q2/d50a10000s1long100/logb0100/c03d50b0100s580369466.log 180568 q2-extractinstructions-02.txt 20150104_151217 0.4
20150102_174659 50 3 100 100000 597296547 0 10000 8598 1390 13 0 9 10000 1 1383 1357 13 0 12.688 8.486 ../q2/d50a10000s1long100/logb0100/c03d50b0100s597296547.log 177943 q2-extractinstructions-02.txt 20150104_151218 0.4
20150102_174938 50 3 100 100000 603593284 0 10000 8583 1413 4 0 9 10000 1 1344 1340 2 0 12.271 8.44 ../q2/d50a10000s1long100/logb0100/c03d50b0100s603593284.log 179712 q2-extractinstructions-02.txt 20150104_151218 0.4
20150102_175014 50 3 100 100000 60400782 0 10000 8622 1374 6 0 9 10000 1 1321 1311 5 0 13.184 9.173 ../q2/d50a10000s1long100/logb0100/c03d50b0100s60400782.log 175048 q2-extractinstructions-02.txt 20150104_151219 0.4
20150102_174902 50 3 100 100000 619181484 0 10000 8585 1410 5 0 9 10000 1 1365 1357 4 0 12.607 8.517 ../q2/d50a10000s1long100/logb0100/c03d50b0100s619181484.log 179484 q2-extractinstructions-02.txt 20150104_151220 0.4
20150102_175019 50 3 100 100000 65398367 0 10000 8641 1353 6 0 9 10000 1 1323 1311 6 0 11.908 8.44 ../q2/d50a10000s1long100/logb0100/c03d50b0100s65398367.log 172800 q2-extractinstructions-02.txt 20150104_151220 0.4
20150102_174800 50 3 100 100000 656627946 0 10000 8577 1420 4 0 9 10000 1 1386 1380 3 0 12.750 8.798 ../q2/d50a10000s1long100/logb0100/c03d50b0100s656627946.log 180416 q2-extractinstructions-02.txt 20150104_151221 0.4
20150102_174705 50 3 100 100000 664375964 0 10000 8596 1398 7 0 9 10000 1 1357 1343 7 0 12.768 8.783 ../q2/d50a10000s1long100/logb0100/c03d50b0100s664375964.log 178159 q2-extractinstructions-02.txt 20150104_151222 0.4
20150102_174715 50 3 100 100000 666549275 0 10000 8631 1360 10 0 9 10000 1 1310 1292 9 0 12.576 8.486 ../q2/d50a10000s1long100/logb0100/c03d50b0100s666549275.log 174004 q2-extractinstructions-02.txt 20150104_151223 0.4
20150102_174613 50 3 100 100000 681028781 0 10000 8612 1382 7 0 9 10000 1 1365 1355 5 0 11.877 8.517 ../q2/d50a10000s1long100/logb0100/c03d50b0100s681028781.log 176295 q2-extractinstructions-02.txt 20150104_151223 0.4
20150102_174922 50 3 100 100000 691574937 0 10000 8599 1389 12 0 9 10000 1 1358 1336 11 0 12.651 8.486 ../q2/d50a10000s1long100/logb0100/c03d50b0100s691574937.log 177816 q2-extractinstructions-02.txt 20150104_151224 0.4
20150102_174928 50 3 100 100000 696282793 0 10000 8563 1430 7 0 9 10000 1 1400 1388 6 0 12.595 8.503 ../q2/d50a10000s1long100/logb0100/c03d50b0100s696282793.log 182079 q2-extractinstructions-02.txt 20150104_151225 0.4
20150102_174943 50 3 100 100000 70757215 0 10000 8598 1396 7 0 9 10000 1 1377 1365 6 0 12.733 8.783 ../q2/d50a10000s1long100/logb0100/c03d50b0100s70757215.log 177915 q2-extractinstructions-02.txt 20150104_151225 0.4
20150102_174654 50 3 100 100000 711283608 0 10000 8625 1369 7 0 9 10000 1 1324 1312 6 0 12.596 8.471 ../q2/d50a10000s1long100/logb0100/c03d50b0100s711283608.log 174718 q2-extractinstructions-02.txt 20150104_151226 0.4
20150102_174953 50 3 100 100000 71232281 0 10000 8600 1394 9 0 9 10000 1 1364 1346 9 0 12.838 8.767 ../q2/d50a10000s1long100/logb0100/c03d50b0100s71232281.log 177669 q2-extractinstructions-02.txt 20150104_151227 0.4
20150102_174735 50 3 100 100000 715258232 1 10000 8569 1422 8 1 9 10000 1 1383 1369 7 1 12.454 8.908 ../q2/d50a10000s1long100/logb0100/c03d50b0100s715258232.log 181372 q2-extractinstructions-02.txt 20150104_151228 0.4
20150102_174846 50 3 100 100000 731421358 0 10000 8631 1364 6 0 9 10000 1 1319 1307 6 0 12.674 8.861 ../q2/d50a10000s1long100/logb0100/c03d50b0100s731421358.log 174006 q2-extractinstructions-02.txt 20150104_151228 0.4
20150102_174948 50 3 100 100000 764644760 0 10000 8614 1377 9 0 9 10000 1 1324 1308 8 0 12.580 8.549 ../q2/d50a10000s1long100/logb0100/c03d50b0100s764644760.log 176025 q2-extractinstructions-02.txt 20150104_151229 0.4
20150102_174811 50 3 100 100000 771297240 0 10000 8581 1413 6 0 9 10000 1 1386 1374 6 0 12.602 8.564 ../q2/d50a10000s1long100/logb0100/c03d50b0100s771297240.log 179981 q2-extractinstructions-02.txt 20150104_151230 0.4
20150102_174741 50 3 100 100000 792850679 0 10000 8655 1339 6 0 9 10000 1 1313 1301 6 0 11.854 8.408 ../q2/d50a10000s1long100/logb0100/c03d50b0100s792850679.log 171161 q2-extractinstructions-02.txt 20150104_151230 0.4
20150102_174725 50 3 100 100000 817713633 0 10000 8675 1320 6 0 9 10000 1 1256 1244 6 0 12.385 8.548 ../q2/d50a10000s1long100/logb0100/c03d50b0100s817713633.log 168784 q2-extractinstructions-02.txt 20150104_151231 0.4
20150102_175004 50 3 100 100000 835080798 0 10000 8640 1348 13 0 9 10000 1 1314 1294 10 0 12.742 8.767 ../q2/d50a10000s1long100/logb0100/c03d50b0100s835080798.log 172935 q2-extractinstructions-02.txt 20150104_151232 0.4
20150102_174958 50 3 100 100000 855242110 0 10000 8613 1382 8 0 9 10000 1 1344 1328 8 0 12.757 8.752 ../q2/d50a10000s1long100/logb0100/c03d50b0100s855242110.log 176150 q2-extractinstructions-02.txt 20150104_151232 0.4
20150102_174907 50 3 100 100000 869373100 0 10000 8588 1402 11 0 9 10000 1 1364 1342 11 0 12.419 8.548 ../q2/d50a10000s1long100/logb0100/c03d50b0100s869373100.log 179101 q2-extractinstructions-02.txt 20150104_151233 0.4
20150102_174557 50 3 100 100000 919028296 0 10000 8536 1456 8 0 9 10000 1 1439 1423 8 0 13.432 8.752 ../q2/d50a10000s1long100/logb0100/c03d50b0100s919028296.log 185301 q2-extractinstructions-02.txt 20150104_151234 0.4
20150102_174826 50 3 100 100000 932031761 0 10000 8635 1358 8 0 9 10000 1 1327 1317 5 0 13.135 9.282 ../q2/d50a10000s1long100/logb0100/c03d50b0100s932031761.log 173534 q2-extractinstructions-02.txt 20150104_151234 0.4
20150102_175009 50 3 100 100000 937674136 0 10000 8606 1385 9 0 9 10000 1 1350 1334 8 0 13.363 9.235 ../q2/d50a10000s1long100/logb0100/c03d50b0100s937674136.log 176975 q2-extractinstructions-02.txt 20150104_151235 0.4
20150102_174629 50 3 100 100000 967561224 0 10000 8556 1438 7 0 9 10000 1 1373 1361 6 0 13.107 8.845 ../q2/d50a10000s1long100/logb0100/c03d50b0100s967561224.log 182918 q2-extractinstructions-02.txt 20150104_151236 0.4
20150102_174755 50 3 100 100000 969331491 0 10000 8629 1365 6 0 9 10000 1 1326 1316 5 0 13.153 9.235 ../q2/d50a10000s1long100/logb0100/c03d50b0100s969331491.log 174228 q2-extractinstructions-02.txt 20150104_151237 0.4
20150102_174857 50 3 100 100000 974358641 0 10000 8670 1320 11 0 9 10000 1 1284 1268 8 0 12.313 8.471 ../q2/d50a10000s1long100/logb0100/c03d50b0100s974358641.log 169350 q2-extractinstructions-02.txt 20150104_151237 0.4
20150102_174917 50 3 100 100000 981597449 0 10000 8628 1364 9 0 9 10000 1 1317 1301 8 0 12.698 8.689 ../q2/d50a10000s1long100/logb0100/c03d50b0100s981597449.log 174364 q2-extractinstructions-02.txt 20150104_151238 0.4
20150102_174842 50 3 100 100000 981995409 0 10000 8600 1398 2 0 9 10000 1 1348 1346 1 0 12.905 8.752 ../q2/d50a10000s1long100/logb0100/c03d50b0100s981995409.log 177709 q2-extractinstructions-02.txt 20150104_151239 0.4
20150102_174806 50 3 100 100000 985655050 0 10000 8633 1363 4 0 9 10000 1 1340 1332 4 0 12.512 8.378 ../q2/d50a10000s1long100/logb0100/c03d50b0100s985655050.log 173779 q2-extractinstructions-02.txt 20150104_151239 0.4
