timestamp docsize copies lifem seed lost auditrepairs auditlosses forensics walltime cputime
20140725_120903 50 1 2 103765041 9184 0 8956 0 31.510 28.985
20140725_120935 50 1 2 105731136 9213 0 9005 0 31.404 29.515
20140725_120918 50 1 2 117661523 9151 0 8955 0 31.099 29.343
20140725_120908 50 1 2 141246882 9183 0 8955 0 31.217 29.499
20140725_120950 50 1 2 263688301 9179 0 8995 0 31.565 29.469
20140725_120945 50 1 2 420477893 9143 0 8961 0 31.783 29.593
20140725_121007 50 1 2 50746969 9157 0 8944 0 31.251 29.422
20140725_121014 50 1 2 533657980 9199 0 8987 0 31.519 29.547
20140725_120913 50 1 2 681028781 9205 0 8969 0 31.272 29.406
20140725_120839 50 1 2 919028296 9180 0 8944 0 30.217 29.062
20140725_120940 50 1 2 967561224 9196 0 8984 0 33.371 29.578
20140725_121024 50 2 2 103765041 3878 25820 7210 0 76.172 71.636
20140725_121140 50 2 2 105731136 3984 25659 7449 0 78.351 71.572
20140725_121117 50 2 2 117661523 3896 25688 7242 0 122.198 71.932
20140725_121039 50 2 2 141246882 3966 25613 7282 0 79.393 71.916
20140725_121213 50 2 2 263688301 3802 26070 7015 0 104.126 72.057
20140725_121203 50 2 2 420477893 3915 25959 7218 0 81.319 74.505
20140725_121252 50 2 2 50746969 3975 25457 7472 0 92.053 71.714
20140725_121320 50 2 2 533657980 3937 25566 7348 0 94.035 71.948
20140725_121046 50 2 2 681028781 4013 25447 7396 0 77.818 72.665
20140725_121019 50 2 2 919028296 3903 25639 7234 0 83.544 71.806
20140725_121155 50 2 2 967561224 3891 25652 7229 0 80.952 72.025
20140725_121357 50 3 2 103765041 997 55027 2710 10153 217.613 119.839
20140725_121518 50 3 2 105731136 980 55062 2652 10179 143.682 120.043
20140725_121434 50 3 2 117661523 935 55029 2594 10261 140.299 119.84
20140725_121349 50 3 2 141246882 960 54970 2685 10395 135.753 119.59
20140725_121707 50 3 2 263688301 999 54862 2744 10263 194.029 121.666
20140725_121655 50 3 2 420477893 1043 54371 2820 10034 192.166 126.75
20140725_121743 50 3 2 50746969 984 55017 2714 10298 174.304 132.273
20140725_121803 50 3 2 533657980 1010 54554 2743 10172 213.031 126.174
20140725_121431 50 3 2 681028781 969 55028 2650 10259 192.161 119.95
20140725_121323 50 3 2 919028296 1036 54741 2833 10024 125.528 119.559
20140725_121610 50 3 2 967561224 1013 55213 2798 10175 153.622 122.273
20140725_121918 50 4 2 103765041 227 78340 828 3032 399.300 184.362
20140725_122201 50 4 2 105731136 201 78821 739 3031 317.637 207.918
20140725_122053 50 4 2 117661523 234 77970 851 2885 335.494 163.022
20140725_122033 50 4 2 141246882 222 78015 824 2820 388.015 194.705
20140725_122656 50 4 2 263688301 221 78283 824 2953 544.610 205.891
20140725_122556 50 4 2 420477893 224 78362 817 2880 443.428 201.927
20140725_122642 50 4 2 50746969 215 78901 800 2948 325.007 183.066
20140725_122719 50 4 2 533657980 235 77799 864 2885 507.253 171.803
20140725_122036 50 4 2 681028781 220 78526 832 2903 283.501 174.127
20140725_121837 50 4 2 919028296 221 78155 812 2966 267.253 168.31
20140725_122320 50 4 2 967561224 235 78348 872 3007 229.566 163.317
20140725_122737 50 5 2 103765041 31 99486 135 7545 229.601 206.561
20140725_123351 50 5 2 105731136 51 99891 235 7555 515.690 233.003
20140725_123231 50 5 2 117661523 47 99630 200 7508 385.369 223.752
20140725_123138 50 5 2 141246882 46 99227 204 7274 238.250 216.17
20140725_123608 50 5 2 263688301 47 99542 220 7396 439.864 228.292
20140725_123607 50 5 2 420477893 50 100226 215 7730 396.650 227.745
20140725_123709 50 5 2 50746969 45 100304 215 7665 443.363 231.318
20140725_123932 50 5 2 533657980 47 99415 200 7360 248.946 216.732
20140725_123158 50 5 2 681028781 35 99807 170 7490 229.585 208.168
20140725_122735 50 5 2 919028296 56 99745 254 7494 222.900 207.31
20140725_123548 50 5 2 967561224 55 100292 265 7655 736.196 268.4
20140725_124328 50 8 2 103765041 0 160046 0 1482 814.500 404.151
20140725_124851 50 8 2 105731136 1 160150 8 1390 518.775 384.807
20140725_124447 50 8 2 117661523 1 159575 8 1527 760.304 338.256
20140725_124341 50 8 2 141246882 0 160061 0 1420 686.286 348.632
20140725_125527 50 8 2 263688301 0 160238 0 1502 451.955 363.373
20140725_125200 50 8 2 420477893 0 160889 0 1473 740.620 362.203
20140725_125730 50 8 2 50746969 0 160382 0 1496 862.849 379.894
20140725_125746 50 8 2 533657980 0 159951 0 1517 432.414 355.074
20140725_124403 50 8 2 681028781 0 159790 0 1516 364.644 334.887
20140725_124241 50 8 2 919028296 0 160202 0 1460 502.659 375.432
20140725_125048 50 8 2 967561224 0 160796 0 1513 715.220 346.353
20140725_130318 50 10 2 103765041 0 200874 0 958 1448.169 486.723
20140725_131148 50 10 2 105731136 0 200663 0 955 634.721 455.569
20140725_130500 50 10 2 117661523 0 200402 0 959 515.591 448.315
20140725_130318 50 10 2 141246882 0 200105 0 909 495.524 434.978
20140725_131809 50 10 2 263688301 0 201326 0 927 454.790 431.405
20140725_131347 50 10 2 420477893 0 200965 0 968 642.033 465.118
20140725_132037 50 10 2 50746969 0 200964 0 920 544.722 452.154
20140725_132316 50 10 2 533657980 0 200037 0 950 565.364 436.678
20140725_130459 50 10 2 681028781 0 200114 0 934 1301.529 468.705
20140725_125756 50 10 2 919028296 0 200999 0 984 1194.005 474.274
20140725_131215 50 10 2 967561224 0 201353 0 997 470.925 436.491
20140725_105741 50 1 3 103765041 8104 0 7767 0 22.149 20.467
20140725_105804 50 1 3 105731136 8146 0 7829 0 22.553 20.654
20140725_105759 50 1 3 117661523 8062 0 7769 0 22.719 20.53
20140725_105746 50 1 3 141246882 8123 0 7784 0 22.429 20.81
20140725_105822 50 1 3 263688301 8140 0 7842 0 22.964 20.857
20140725_105817 50 1 3 420477893 8116 0 7770 0 22.302 20.561
20140725_105830 50 1 3 50746969 8138 0 7838 0 22.610 20.732
20140725_105835 50 1 3 533657980 8126 0 7816 0 23.702 20.936
20140725_105751 50 1 3 681028781 8160 0 7825 0 22.569 20.811
20140725_105736 50 1 3 919028296 8107 0 7777 0 22.226 20.483
20140725_105810 50 1 3 967561224 8160 0 7848 0 22.171 20.653
20140725_105846 50 2 3 103765041 2186 21245 4013 0 59.515 50.435
20140725_105939 50 2 3 105731136 2172 21362 3978 0 62.036 50.529
20140725_105925 50 2 3 117661523 2121 21315 3889 0 64.092 50.918
20140725_105853 50 2 3 141246882 2140 21238 3920 0 56.035 51.401
20140725_110029 50 2 3 263688301 2095 21398 3842 0 56.690 50.434
20140725_105956 50 2 3 420477893 2136 21450 3917 0 55.118 50.108
20140725_110033 50 2 3 50746969 2086 21621 3848 0 63.529 50.606
20140725_110044 50 2 3 533657980 2127 21441 3882 0 57.738 51.168
20140725_105859 50 2 3 681028781 2155 21314 3906 0 56.759 50.996
20140725_105840 50 2 3 919028296 2187 21359 4018 0 58.631 51.683
20140725_105949 50 2 3 967561224 2137 21215 3936 0 54.544 50.513
20140725_110115 50 3 3 103765041 348 40168 945 5507 103.673 82.602
20140725_110221 50 3 3 105731136 344 40231 952 5464 102.450 80.512
20140725_110153 50 3 3 117661523 350 39952 946 5400 130.514 82.852
20140725_110132 50 3 3 141246882 327 39898 884 5380 112.566 82.354
20140725_110342 50 3 3 263688301 340 40276 942 5515 106.484 80.855
20140725_110309 50 3 3 420477893 355 39961 974 5404 95.659 82.26
20140725_110404 50 3 3 50746969 348 40283 932 5465 90.432 81.697
20140725_110415 50 3 3 533657980 305 40215 824 5425 108.995 82.634
20140725_110142 50 3 3 681028781 341 40108 949 5522 98.408 82.695
20140725_110052 50 3 3 919028296 361 40092 996 5396 87.219 80.699
20140725_110245 50 3 3 967561224 364 40517 996 5484 117.811 80.419
20140725_110506 50 4 3 103765041 50 54958 180 1097 128.530 108.935
20140725_110715 50 4 3 105731136 41 55531 160 1106 133.836 109.7
20140725_110605 50 4 3 117661523 41 54980 148 1086 151.717 108.888
20140725_110541 50 4 3 141246882 32 55098 112 1101 117.237 109.637
20140725_110824 50 4 3 263688301 56 54984 208 1086 142.439 108.748
20140725_110736 50 4 3 420477893 61 55305 212 1056 143.272 108.389
20140725_110900 50 4 3 50746969 45 55540 164 1088 151.934 108.686
20140725_110856 50 4 3 533657980 50 54819 188 1025 153.097 108.89
20140725_110604 50 4 3 681028781 39 55441 147 1080 140.029 109.138
20140725_110448 50 4 3 919028296 49 55267 184 1176 120.345 109.31
20140725_110736 50 4 3 967561224 47 55205 176 1084 118.300 108.437
20140725_111002 50 5 3 103765041 7 69146 30 2652 166.456 136.517
20140725_111208 50 5 3 105731136 10 69603 50 2694 194.137 137.765
20140725_111154 50 5 3 117661523 7 69662 30 2835 212.928 138.512
20140725_111020 50 5 3 141246882 5 68916 20 2625 184.817 137.92
20140725_111413 50 5 3 263688301 16 69256 75 2718 183.980 138.31
20140725_111357 50 5 3 420477893 9 69648 40 2729 213.794 138.076
20140725_111519 50 5 3 50746969 6 69972 30 2768 185.272 140.261
20140725_111547 50 5 3 533657980 6 69156 25 2647 187.959 141.29
20140725_111130 50 5 3 681028781 9 69641 45 2730 190.744 138.046
20140725_110945 50 5 3 919028296 10 69595 40 2659 210.545 137.421
20140725_111303 50 5 3 967561224 8 69722 35 2702 168.296 137.405
20140725_111623 50 8 3 103765041 0 111388 0 262 291.202 225.983
20140725_111913 50 8 3 105731136 0 111234 0 270 282.693 224.703
20140725_111859 50 8 3 117661523 0 110605 0 276 519.480 239.258
20140725_111734 50 8 3 141246882 0 111156 0 267 243.384 219.088
20140725_112439 50 8 3 263688301 0 111128 0 265 464.663 236.154
20140725_112143 50 8 3 420477893 0 111204 0 274 256.237 225.187
20140725_112533 50 8 3 50746969 0 110760 0 280 256.173 219.509
20140725_112604 50 8 3 533657980 0 110977 0 295 541.577 241.801
20140725_111752 50 8 3 681028781 0 111167 0 266 549.806 234.532
20140725_111609 50 8 3 919028296 0 111014 0 292 536.953 241.958
20140725_112127 50 8 3 967561224 0 111641 0 306 244.763 219.837
20140725_112745 50 10 3 103765041 0 139168 0 106 672.312 323.109
20140725_113433 50 10 3 105731136 0 139583 0 127 770.483 353.358
20140725_113250 50 10 3 117661523 0 139164 0 133 632.173 300.77
20140725_112747 50 10 3 141246882 0 139076 0 132 347.143 294.888
20140725_113913 50 10 3 263688301 0 139546 0 140 500.352 340.675
20140725_113526 50 10 3 420477893 0 139258 0 117 306.215 280.333
20140725_114053 50 10 3 50746969 0 139464 0 115 310.599 285.716
20140725_114114 50 10 3 533657980 0 138642 0 111 393.773 285.279
20140725_113033 50 10 3 681028781 0 139360 0 136 608.431 319.24
20140725_112653 50 10 3 919028296 0 139736 0 120 408.206 308.585
20140725_113417 50 10 3 967561224 0 139900 0 152 571.494 280.926
20140725_102144 50 1 5 103765041 6273 0 5933 0 14.642 13.323
20140725_102209 50 1 5 105731136 6388 0 6004 0 14.699 13.494
20140725_102204 50 1 5 117661523 6274 0 5933 0 14.624 13.354
20140725_102150 50 1 5 141246882 6283 0 5907 0 14.629 13.323
20140725_102226 50 1 5 263688301 6369 0 6014 0 14.615 13.494
20140725_102219 50 1 5 420477893 6331 0 5964 0 14.703 13.494
20140725_102231 50 1 5 50746969 6336 0 5952 0 14.653 13.447
20140725_102236 50 1 5 533657980 6332 0 5953 0 14.740 13.603
20140725_102156 50 1 5 681028781 6317 0 5917 0 14.653 13.369
20140725_102137 50 1 5 919028296 6322 0 5947 0 14.592 13.463
20140725_102214 50 1 5 967561224 6347 0 5983 0 14.644 13.401
20140725_102247 50 2 5 103765041 899 15024 1656 0 34.308 31.7
20140725_102322 50 2 5 105731136 832 15149 1535 0 34.909 32.042
20140725_102314 50 2 5 117661523 873 14862 1612 0 37.699 31.621
20140725_102252 50 2 5 141246882 874 14922 1575 0 35.682 31.854
20140725_102351 50 2 5 263688301 870 14902 1570 0 35.174 32.51
20140725_102333 50 2 5 420477893 890 15050 1611 0 34.677 31.902
20140725_102357 50 2 5 50746969 843 15138 1546 0 37.343 32.027
20140725_102403 50 2 5 533657980 878 14965 1628 0 37.292 32.588
20140725_102257 50 2 5 681028781 902 14940 1624 0 35.107 31.825
20140725_102241 50 2 5 919028296 877 15068 1577 0 34.786 32.478
20140725_102325 50 2 5 967561224 792 15139 1454 0 39.853 32.027
20140725_102427 50 3 5 103765041 75 25368 204 2228 52.966 48.983
20140725_102520 50 3 5 105731136 86 25513 228 2202 57.058 49.468
20140725_102506 50 3 5 117661523 78 25508 204 2210 53.636 49.327
20140725_102427 50 3 5 141246882 88 25326 233 2214 57.545 49.342
20140725_102600 50 3 5 263688301 99 25546 266 2326 52.452 49.389
20140725_102541 50 3 5 420477893 87 25416 231 2292 55.700 50.73
20140725_102606 50 3 5 50746969 86 25582 234 2344 64.315 49.452
20140725_102616 50 3 5 533657980 73 25571 195 2278 59.100 49.545
20140725_102447 50 3 5 681028781 93 25586 252 2277 53.599 49.218
20140725_102408 50 3 5 919028296 92 25471 249 2188 58.109 54.522
20140725_102527 50 3 5 967561224 78 25799 207 2286 54.600 49.718
20140725_102653 50 4 5 103765041 4 34399 16 267 72.880 66.393
20140725_102748 50 4 5 105731136 5 34607 20 281 90.822 66.94
20140725_102748 50 4 5 117661523 3 34074 12 257 74.727 66.675
20140725_102707 50 4 5 141246882 9 34110 32 256 72.236 67.034
20140725_102842 50 4 5 263688301 4 34186 16 256 85.722 66.426
20140725_102827 50 4 5 420477893 4 34630 16 284 77.222 67.111
20140725_102919 50 4 5 50746969 4 34637 12 280 72.716 67.08
20140725_102934 50 4 5 533657980 9 34173 28 265 70.877 66.129
20140725_102716 50 4 5 681028781 10 34574 40 278 82.104 66.83
20140725_102637 50 4 5 919028296 8 34303 32 290 70.380 66.582
20140725_102816 50 4 5 967561224 5 34422 20 271 76.991 66.877
20140725_103006 50 5 5 103765041 3 43037 10 671 94.397 87.017
20140725_103140 50 5 5 105731136 1 43192 5 696 113.024 84.599
20140725_103059 50 5 5 117661523 1 43245 5 708 116.988 84.521
20140725_103020 50 5 5 141246882 1 42823 5 650 114.256 84.833
20140725_103238 50 5 5 263688301 1 42930 5 647 131.690 91.261
20140725_103216 50 5 5 420477893 0 43211 0 716 106.599 84.489
20140725_103250 50 5 5 50746969 0 43440 0 703 235.961 113.756
20140725_103322 50 5 5 533657980 1 42944 0 671 106.643 85.098
20140725_103043 50 5 5 681028781 1 43259 5 695 92.850 84.74
20140725_102946 50 5 5 919028296 0 43061 0 700 119.164 87.656
20140725_103144 50 5 5 967561224 0 43433 0 687 96.743 84.864
20140725_103416 50 8 5 103765041 0 68674 0 18 179.234 134.411
20140725_103711 50 8 5 105731136 0 69118 0 19 333.119 169.338
20140725_103534 50 8 5 117661523 0 68437 0 24 161.118 134.488
20140725_103431 50 8 5 141246882 0 68646 0 26 434.882 165.423
20140725_103837 50 8 5 263688301 0 68946 0 31 160.993 135.144
20140725_103826 50 8 5 420477893 0 69149 0 28 152.741 134.894
20140725_104131 50 8 5 50746969 0 68621 0 18 172.275 134.613
20140725_104146 50 8 5 533657980 0 68786 0 26 223.268 136.517
20140725_103522 50 8 5 681028781 0 69060 0 21 383.022 160.384
20140725_103359 50 8 5 919028296 0 68802 0 33 246.296 147.967
20140725_103718 50 8 5 967561224 0 69314 0 22 294.814 145.784
20140725_104217 50 10 5 103765041 0 86031 0 2 194.226 170.618
20140725_104532 50 10 5 105731136 0 86435 0 7 239.803 175.719
20140725_104517 50 10 5 117661523 0 85942 0 6 282.851 171.414
20140725_104250 50 10 5 141246882 0 86200 0 8 275.886 171.523
20140725_104758 50 10 5 263688301 0 86359 0 9 206.151 170.992
20140725_104600 50 10 5 420477893 0 86349 0 9 208.262 175.173
20140725_104814 50 10 5 50746969 0 86393 0 10 225.677 174.036
20140725_104948 50 10 5 533657980 0 85848 0 12 184.299 167.826
20140725_104313 50 10 5 681028781 0 86595 0 9 279.469 171.413
20140725_104154 50 10 5 919028296 0 86474 0 11 202.949 175.594
20140725_104545 50 10 5 967561224 0 86791 0 11 297.989 171.616
20140726_110313 50 1 10 103765041 3919 0 3608 0 8.909 7.785
20140726_110334 50 1 10 105731136 3882 0 3599 0 9.454 8.143
20140726_110329 50 1 10 117661523 3950 0 3666 0 9.530 8.128
20140726_110319 50 1 10 141246882 3887 0 3585 0 8.955 7.816
20140726_110349 50 1 10 263688301 3899 0 3625 0 9.120 7.893
20140726_110344 50 1 10 420477893 3961 0 3657 0 9.464 8.033
20140726_110354 50 1 10 50746969 3913 0 3633 0 8.940 7.815
20140726_110359 50 1 10 533657980 3953 0 3674 0 8.996 7.863
20140726_110324 50 1 10 681028781 3947 0 3633 0 9.149 7.91
20140726_110308 50 1 10 919028296 3948 0 3654 0 9.035 7.926
20140726_110339 50 1 10 967561224 3948 0 3665 0 9.463 8.003
20140726_110410 50 2 10 103765041 249 8319 455 0 19.801 17.629
20140726_110432 50 2 10 105731136 242 8241 444 0 21.059 18.049
20140726_110426 50 2 10 117661523 248 8312 457 0 21.400 17.956
20140726_110415 50 2 10 141246882 213 8313 395 0 20.462 17.799
20140726_110449 50 2 10 263688301 213 8338 384 0 19.705 17.659
20140726_110444 50 2 10 420477893 236 8160 448 0 20.831 17.596
20140726_110454 50 2 10 50746969 219 8320 394 0 20.272 17.565
20140726_110501 50 2 10 533657980 231 8329 424 0 20.078 17.659
20140726_110421 50 2 10 681028781 223 8433 400 0 21.983 18.159
20140726_110405 50 2 10 919028296 237 8164 438 0 20.122 17.644
20140726_110437 50 2 10 967561224 221 8225 420 0 20.319 17.582
20140726_110513 50 3 10 103765041 6 13127 15 599 30.578 26.879
20140726_110545 50 3 10 105731136 9 13314 24 645 31.737 27.316
20140726_110539 50 3 10 117661523 11 13172 30 627 31.929 27.315
20140726_110518 50 3 10 141246882 14 13153 39 601 30.487 26.677
20140726_110614 50 3 10 263688301 12 13265 33 615 32.976 27.394
20140726_110558 50 3 10 420477893 12 13213 33 646 32.928 27.971
20140726_110616 50 3 10 50746969 15 13333 45 639 33.942 27.518
20140726_110623 50 3 10 533657980 3 13228 6 615 32.753 26.598
20140726_110525 50 3 10 681028781 14 13195 39 658 31.937 27.16
20140726_110507 50 3 10 919028296 13 13205 33 612 30.831 27.066
20140726_110550 50 3 10 967561224 10 13419 27 607 32.689 27.238
20140726_110648 50 4 10 103765041 1 17716 4 31 49.662 37.316
20140726_110717 50 4 10 105731136 0 17763 0 33 51.661 36.379
20140726_110717 50 4 10 117661523 0 17503 0 47 42.081 36.816
20140726_110651 50 4 10 141246882 0 17403 0 28 45.767 36.753
20140726_110800 50 4 10 263688301 1 17519 4 34 42.305 36.644
20140726_110743 50 4 10 420477893 1 17640 4 38 41.140 36.255
20140726_110809 50 4 10 50746969 1 17640 4 47 42.823 36.989
20140726_110821 50 4 10 533657980 2 17558 8 24 42.473 36.551
20140726_110657 50 4 10 681028781 1 17749 0 29 41.049 36.583
20140726_110632 50 4 10 919028296 3 17579 12 38 44.242 37.113
20140726_110739 50 4 10 967561224 0 17437 0 39 40.607 36.082
20140726_110844 50 5 10 103765041 0 21815 0 86 54.239 47.736
20140726_110939 50 5 10 105731136 0 22120 0 97 53.967 46.191
20140726_110917 50 5 10 117661523 0 22144 0 88 59.078 46.146
20140726_110853 50 5 10 141246882 0 22015 0 98 53.257 46.364
20140726_111008 50 5 10 263688301 0 22246 0 89 58.579 47.471
20140726_110955 50 5 10 420477893 0 22150 0 99 54.791 46.301
20140726_111033 50 5 10 50746969 0 22228 0 84 52.502 46.707
20140726_111041 50 5 10 533657980 0 21985 0 87 54.578 47.97
20140726_110857 50 5 10 681028781 0 22080 0 91 57.357 46.285
20140726_110826 50 5 10 919028296 0 22042 0 88 55.238 48.173
20140726_110947 50 5 10 967561224 0 22300 0 104 53.264 47.939
20140726_111108 50 8 10 103765041 0 35192 0 1 91.665 74.007
20140726_111239 50 8 10 105731136 0 35440 0 0 92.253 74.146
20140726_111149 50 8 10 117661523 0 35047 0 1 90.142 73.648
20140726_111126 50 8 10 141246882 0 35157 0 0 82.110 73.726
20140726_111331 50 8 10 263688301 0 35304 0 0 80.670 73.165
20140726_111308 50 8 10 420477893 0 35539 0 3 89.594 73.43
20140726_111351 50 8 10 50746969 0 35244 0 0 97.629 73.273
20140726_111423 50 8 10 533657980 0 35314 0 2 84.977 74.865
20140726_111136 50 8 10 681028781 0 35457 0 2 102.036 73.695
20140726_111053 50 8 10 919028296 0 35227 0 2 100.763 73.741
20140726_111248 50 8 10 967561224 0 35484 0 0 82.452 73.647
20140726_111452 50 10 10 103765041 0 44011 0 0 109.333 94.037
20140726_111642 50 10 10 105731136 0 44594 0 0 118.787 96.548
20140726_111614 50 10 10 117661523 0 43769 0 0 112.230 92.633
20140726_111522 50 10 10 141246882 0 43916 0 0 125.678 95.895
20140726_111750 50 10 10 263688301 0 44105 0 1 114.132 93.476
20140726_111737 50 10 10 420477893 0 44269 0 0 102.243 93.647
20140726_111829 50 10 10 50746969 0 44268 0 0 109.648 92.806
20140726_111905 50 10 10 533657980 0 43965 0 0 102.118 93.257
20140726_111545 50 10 10 681028781 0 44438 0 0 107.171 93.944
20140726_111439 50 10 10 919028296 0 44286 0 0 105.597 94.069
20140726_111706 50 10 10 967561224 0 44367 0 1 120.998 95.644
20140725_182715 50 1 20 103765041 2215 0 2048 0 5.958 4.836
20140725_182739 50 1 20 105731136 2156 0 1957 0 5.939 4.867
20140725_182734 50 1 20 117661523 2215 0 2049 0 6.023 4.852
20140725_182722 50 1 20 141246882 2160 0 1975 0 5.994 4.93
20140725_182756 50 1 20 263688301 2235 0 2070 0 6.019 4.883
20140725_182751 50 1 20 420477893 2224 0 2051 0 6.065 4.976
20140725_182801 50 1 20 50746969 2240 0 2064 0 6.145 4.945
20140725_182806 50 1 20 533657980 2185 0 2019 0 5.976 4.884
20140725_182729 50 1 20 681028781 2199 0 2015 0 6.011 4.914
20140725_182701 50 1 20 919028296 2245 0 2047 0 5.997 4.914
20140725_182746 50 1 20 967561224 2256 0 2105 0 5.986 4.868
20140725_182821 50 2 20 103765041 58 4347 104 0 12.332 10.452
20140725_182843 50 2 20 105731136 65 4373 122 0 12.202 10.483
20140725_182836 50 2 20 117661523 55 4311 102 0 12.413 10.437
20140725_182826 50 2 20 141246882 68 4281 124 0 12.333 10.546
20140725_182859 50 2 20 263688301 54 4388 96 0 12.189 10.468
20140725_182854 50 2 20 420477893 69 4282 124 0 12.191 10.514
20140725_182904 50 2 20 50746969 66 4272 116 0 12.334 10.608
20140725_182911 50 2 20 533657980 68 4361 116 0 12.236 10.483
20140725_182831 50 2 20 681028781 50 4353 94 0 12.657 10.515
20140725_182814 50 2 20 919028296 53 4270 96 0 12.111 10.358
20140725_182849 50 2 20 967561224 60 4278 95 0 12.196 10.483
20140725_182922 50 3 20 103765041 0 6612 0 144 18.402 15.896
20140725_182944 50 3 20 105731136 2 6726 6 170 18.794 16.069
20140725_182939 50 3 20 117661523 1 6751 3 158 18.731 16.193
20140725_182929 50 3 20 141246882 1 6661 3 162 18.513 15.881
20140725_183001 50 3 20 263688301 1 6782 3 165 18.801 16.178
20140725_182956 50 3 20 420477893 1 6748 3 165 18.785 15.912
20140725_183006 50 3 20 50746969 1 6705 3 165 18.745 15.912
20140725_183011 50 3 20 533657980 0 6696 0 164 18.665 16.036
20140725_182934 50 3 20 681028781 1 6664 3 183 18.762 15.975
20140725_182916 50 3 20 919028296 3 6701 9 158 18.291 15.913
20140725_182949 50 3 20 967561224 4 6765 12 157 18.800 16.349
20140725_183022 50 4 20 103765041 0 8906 0 5 25.271 21.403
20140725_183048 50 4 20 105731136 0 8912 0 5 25.328 21.638
20140725_183044 50 4 20 117661523 0 8944 0 6 26.330 21.84
20140725_183029 50 4 20 141246882 0 8895 0 6 26.454 21.98
20140725_183111 50 4 20 263688301 0 8885 0 7 25.952 21.808
20140725_183101 50 4 20 420477893 0 8764 0 3 25.254 21.575
20140725_183116 50 4 20 50746969 0 8868 0 4 26.315 21.934
20140725_183123 50 4 20 533657980 0 8987 0 1 25.953 21.715
20140725_183034 50 4 20 681028781 0 9094 0 6 25.411 21.653
20140725_183017 50 4 20 919028296 0 8869 0 7 26.110 21.809
20140725_183057 50 4 20 967561224 0 8834 0 9 25.561 21.56
20140725_183137 50 5 20 103765041 0 11046 0 10 32.152 27.363
20140725_183210 50 5 20 105731136 0 11210 0 10 32.667 27.254
20140725_183202 50 5 20 117661523 0 11255 0 9 31.836 27.456
20140725_183143 50 5 20 141246882 0 11048 0 16 31.996 27.472
20140725_183235 50 5 20 263688301 0 11264 0 12 34.004 28.485
20140725_183223 50 5 20 420477893 0 11224 0 9 33.236 27.892
20140725_183243 50 5 20 50746969 0 11251 0 7 35.978 28.391
20140725_183249 50 5 20 533657980 0 11059 0 4 33.186 28.313
20140725_183149 50 5 20 681028781 0 11091 0 15 33.217 27.393
20140725_183128 50 5 20 919028296 0 11172 0 11 33.864 28.656
20140725_183216 50 5 20 967561224 0 11367 0 19 32.721 27.363
20140725_183310 50 8 20 103765041 0 17853 0 0 55.482 44.163
20140725_183352 50 8 20 105731136 0 17871 0 0 62.456 43.758
20140725_183345 50 8 20 117661523 0 17708 0 0 72.249 43.977
20140725_183310 50 8 20 141246882 0 17750 0 0 55.728 44.133
20140725_183422 50 8 20 263688301 0 17853 0 0 76.012 44.382
20140725_183418 50 8 20 420477893 0 17868 0 0 50.823 44.102
20140725_183443 50 8 20 50746969 0 17771 0 0 68.637 44.148
20140725_183503 50 8 20 533657980 0 17852 0 1 57.467 43.867
20140725_183323 50 8 20 681028781 0 18009 0 0 54.322 44.07
20140725_183257 50 8 20 919028296 0 17827 0 0 56.765 43.929
20140725_183406 50 8 20 967561224 0 17842 0 0 56.598 44.444
20140725_183511 50 10 20 103765041 0 22293 0 0 78.858 55.614
20140725_183628 50 10 20 105731136 0 22376 0 0 85.202 55.599
20140725_183602 50 10 20 117661523 0 22094 0 0 73.209 55.895
20140725_183533 50 10 20 141246882 0 22201 0 0 77.842 55.256
20140725_183711 50 10 20 263688301 0 22369 0 0 72.517 55.192
20140725_183650 50 10 20 420477893 0 22436 0 0 85.484 55.614
20140725_183722 50 10 20 50746969 0 22230 0 0 80.364 55.146
20140725_183750 50 10 20 533657980 0 22284 0 0 64.354 54.725
20140725_183601 50 10 20 681028781 0 22554 0 0 73.639 55.8
20140725_183509 50 10 20 919028296 0 22377 0 0 71.056 55.505
20140725_183643 50 10 20 967561224 0 22473 0 0 71.343 55.568
20140725_184146 50 1 30 103765041 1544 0 1404 0 4.949 3.884
20140725_184214 50 1 30 105731136 1511 0 1395 0 4.911 3.854
20140725_184207 50 1 30 117661523 1546 0 1407 0 4.949 3.9
20140725_184153 50 1 30 141246882 1520 0 1407 0 4.952 3.869
20140725_184234 50 1 30 263688301 1559 0 1423 0 4.959 3.868
20140725_184226 50 1 30 420477893 1570 0 1431 0 4.929 3.885
20140725_184238 50 1 30 50746969 1577 0 1438 0 4.934 3.869
20140725_184246 50 1 30 533657980 1498 0 1368 0 4.961 3.869
20140725_184200 50 1 30 681028781 1544 0 1395 0 4.935 3.869
20140725_184139 50 1 30 919028296 1578 0 1463 0 4.996 3.806
20140725_184221 50 1 30 967561224 1597 0 1456 0 4.954 3.837
20140725_184258 50 2 30 103765041 24 2951 43 0 9.887 8.127
20140725_184319 50 2 30 105731136 22 2966 32 0 9.991 8.221
20140725_184313 50 2 30 117661523 25 2956 49 0 10.185 8.19
20140725_184303 50 2 30 141246882 30 2909 52 0 10.031 8.112
20140725_184336 50 2 30 263688301 24 2991 43 0 9.770 8.175
20140725_184331 50 2 30 420477893 30 2905 49 0 9.768 8.159
20140725_184341 50 2 30 50746969 28 2897 48 0 9.703 8.065
20140725_184346 50 2 30 533657980 22 2984 41 0 9.743 8.143
20140725_184308 50 2 30 681028781 28 2964 54 0 10.294 8.253
20140725_184251 50 2 30 919028296 21 2929 36 0 9.758 8.081
20140725_184326 50 2 30 967561224 22 2848 40 0 9.754 8.143
20140725_184400 50 3 30 103765041 0 4423 0 73 14.667 12.417
20140725_184421 50 3 30 105731136 1 4439 3 76 14.801 12.307
20140725_184416 50 3 30 117661523 1 4517 3 78 14.856 12.464
20140725_184406 50 3 30 141246882 0 4424 0 69 14.690 12.339
20140725_184436 50 3 30 263688301 1 4488 3 70 14.739 12.292
20140725_184431 50 3 30 420477893 0 4523 0 82 14.686 12.371
20140725_184443 50 3 30 50746969 0 4478 0 73 14.791 12.449
20140725_184448 50 3 30 533657980 0 4450 0 73 14.800 12.496
20140725_184411 50 3 30 681028781 1 4547 3 77 14.800 12.479
20140725_184353 50 3 30 919028296 0 4515 0 69 14.550 12.34
20140725_184426 50 3 30 967561224 1 4483 3 76 14.760 12.464
20140725_184501 50 4 30 103765041 0 5972 0 1 19.991 16.895
20140725_184523 50 4 30 105731136 0 6006 0 1 20.307 16.878
20140725_184518 50 4 30 117661523 0 5944 0 2 21.405 16.817
20140725_184506 50 4 30 141246882 0 5902 0 1 20.244 16.692
20140725_184540 50 4 30 263688301 0 5975 0 5 20.119 16.787
20140725_184534 50 4 30 420477893 0 5876 0 2 19.942 16.707
20140725_184546 50 4 30 50746969 0 5886 0 3 20.103 16.692
20140725_184552 50 4 30 533657980 0 5995 0 1 20.532 16.769
20140725_184513 50 4 30 681028781 0 6035 0 1 20.121 16.864
20140725_184454 50 4 30 919028296 0 5935 0 1 19.784 16.801
20140725_184529 50 4 30 967561224 0 5841 0 2 20.568 16.895
20140725_184603 50 5 30 103765041 0 7394 0 0 25.242 21.294
20140725_184631 50 5 30 105731136 0 7448 0 3 25.385 21.122
20140725_184624 50 5 30 117661523 0 7562 0 3 25.414 21.342
20140725_184608 50 5 30 141246882 0 7402 0 4 25.997 21.373
20140725_184650 50 5 30 263688301 0 7517 0 4 26.979 21.855
20140725_184643 50 5 30 420477893 0 7508 0 4 26.324 21.528
20140725_184657 50 5 30 50746969 0 7456 0 4 26.859 22.011
20140725_184705 50 5 30 533657980 0 7395 0 1 26.698 22.105
20140725_184614 50 5 30 681028781 0 7424 0 3 25.767 21.372
20140725_184558 50 5 30 919028296 0 7482 0 1 25.069 21.232
20140725_184638 50 5 30 967561224 0 7662 0 6 25.606 21.45
20140725_184718 50 8 30 103765041 0 12015 0 0 41.212 34.351
20140725_184757 50 8 30 105731136 0 12013 0 0 41.915 33.962
20140725_184753 50 8 30 117661523 0 11816 0 0 44.034 34.009
20140725_184724 50 8 30 141246882 0 11859 0 0 42.675 34.148
20140725_184815 50 8 30 263688301 0 11863 0 0 54.459 34.554
20140725_184810 50 8 30 420477893 0 11930 0 0 43.049 34.304
20140725_184841 50 8 30 50746969 0 11817 0 0 41.227 33.976
20140725_184852 50 8 30 533657980 0 11972 0 0 43.313 33.977
20140725_184732 50 8 30 681028781 0 12118 0 0 42.984 34.087
20140725_184711 50 8 30 919028296 0 11933 0 0 41.647 34.382
20140725_184806 50 8 30 967561224 0 11848 0 0 53.960 34.257
20140725_184910 50 10 30 103765041 0 14969 0 0 54.545 42.665
20140725_185005 50 10 30 105731136 0 15021 0 0 61.289 43.649
20140725_184935 50 10 30 117661523 0 14831 0 0 67.046 43.368
20140725_184916 50 10 30 141246882 0 14841 0 0 50.817 43.166
20140725_185031 50 10 30 263688301 0 14835 0 0 83.145 44.351
20140725_185021 50 10 30 420477893 0 14928 0 0 94.905 45.911
20140725_185052 50 10 30 50746969 0 14819 0 0 64.393 43.431
20140725_185107 50 10 30 533657980 0 14877 0 0 70.737 45.911
20140725_184937 50 10 30 681028781 0 15193 0 0 71.777 44.071
20140725_184900 50 10 30 919028296 0 15033 0 0 56.359 43.087
20140725_185005 50 10 30 967561224 0 14976 0 0 76.687 44.414
20140725_185434 50 1 50 103765041 910 0 836 0 4.084 3.042
20140725_185458 50 1 50 105731136 937 0 840 0 4.144 3.104
20140725_185453 50 1 50 117661523 946 0 874 0 4.120 3.058
20140725_185441 50 1 50 141246882 936 0 848 0 4.083 3.042
20140725_185519 50 1 50 263688301 957 0 872 0 4.204 3.074
20140725_185512 50 1 50 420477893 994 0 907 0 4.171 3.089
20140725_185524 50 1 50 50746969 959 0 871 0 4.176 3.089
20140725_185532 50 1 50 533657980 912 0 844 0 4.122 3.058
20140725_185446 50 1 50 681028781 939 0 857 0 4.132 3.073
20140725_185427 50 1 50 919028296 1018 0 922 0 4.163 3.042
20140725_185505 50 1 50 967561224 973 0 887 0 4.210 3.12
20140725_185544 50 2 50 103765041 9 1811 18 0 8.075 6.38
20140725_185607 50 2 50 105731136 8 1782 16 0 8.137 6.412
20140725_185559 50 2 50 117661523 15 1768 26 0 8.219 6.521
20140725_185549 50 2 50 141246882 17 1772 32 0 8.103 6.396
20140725_185624 50 2 50 263688301 8 1823 12 0 8.261 6.505
20140725_185619 50 2 50 420477893 8 1805 16 0 8.242 6.459
20140725_185629 50 2 50 50746969 6 1789 12 0 8.263 6.458
20140725_185634 50 2 50 533657980 4 1805 6 0 8.349 6.521
20140725_185554 50 2 50 681028781 7 1777 10 0 8.246 6.474
20140725_185539 50 2 50 919028296 10 1740 20 0 8.005 6.271
20140725_185613 50 2 50 967561224 12 1731 22 0 8.180 6.49
20140725_185644 50 3 50 103765041 0 2690 0 33 12.775 10.062
20140725_185705 50 3 50 105731136 0 2632 0 37 13.149 9.796
20140725_185700 50 3 50 117661523 0 2725 0 30 15.109 10.217
20140725_185650 50 3 50 141246882 0 2645 0 28 14.166 10.031
20140725_185724 50 3 50 263688301 0 2706 0 19 13.010 10.171
20140725_185719 50 3 50 420477893 0 2691 0 33 12.431 9.812
20140725_185730 50 3 50 50746969 0 2721 0 34 13.479 10.265
20140725_185735 50 3 50 533657980 0 2678 0 24 13.644 10.203
20140725_185655 50 3 50 681028781 0 2750 0 31 15.144 9.984
20140725_185639 50 3 50 919028296 1 2724 3 24 12.781 9.656
20140725_185712 50 3 50 967561224 0 2741 0 27 12.073 9.735
20140725_185746 50 4 50 103765041 0 3600 0 0 19.317 13.447
20140725_185807 50 4 50 105731136 0 3658 0 1 17.304 13.244
20140725_185802 50 4 50 117661523 0 3593 0 1 16.981 13.275
20140725_185751 50 4 50 141246882 0 3593 0 0 19.100 13.478
20140725_185825 50 4 50 263688301 0 3664 0 3 16.319 13.119
20140725_185817 50 4 50 420477893 0 3568 0 0 16.066 12.916
20140725_185829 50 4 50 50746969 0 3526 0 0 15.730 12.901
20140725_185837 50 4 50 533657980 0 3645 0 0 15.778 12.839
20140725_185757 50 4 50 681028781 0 3619 0 0 19.699 13.214
20140725_185741 50 4 50 919028296 0 3575 0 1 18.494 13.478
20140725_185812 50 4 50 967561224 0 3497 0 1 16.456 12.948
20140725_185847 50 5 50 103765041 0 4439 0 0 20.640 16.458
20140725_185912 50 5 50 105731136 0 4446 0 3 20.679 16.505
20140725_185906 50 5 50 117661523 0 4553 0 1 21.303 16.614
20140725_185852 50 5 50 141246882 0 4424 0 0 20.403 16.427
20140725_185928 50 5 50 263688301 0 4468 0 1 21.537 16.366
20140725_185922 50 5 50 420477893 0 4535 0 1 21.071 16.27
20140725_185933 50 5 50 50746969 0 4476 0 0 21.826 16.755
20140725_185939 50 5 50 533657980 0 4479 0 0 21.548 16.723
20140725_185858 50 5 50 681028781 0 4516 0 0 21.236 16.645
20140725_185842 50 5 50 919028296 0 4532 0 1 20.527 16.318
20140725_185917 50 5 50 967561224 0 4569 0 1 22.021 16.77
20140725_185950 50 8 50 103765041 0 7156 0 0 33.732 26.692
20140725_190025 50 8 50 105731136 0 7231 0 0 34.504 26.989
20140725_190019 50 8 50 117661523 0 7119 0 0 34.224 26.707
20140725_185956 50 8 50 141246882 0 7116 0 0 33.650 26.661
20140725_190053 50 8 50 263688301 0 7215 0 0 35.873 27.206
20140725_190036 50 8 50 420477893 0 7128 0 0 36.571 26.723
20140725_190054 50 8 50 50746969 0 7143 0 0 43.325 26.801
20140725_190101 50 8 50 533657980 0 7291 0 0 38.360 26.52
20140725_190002 50 8 50 681028781 0 7317 0 0 34.185 27.05
20140725_185944 50 8 50 919028296 0 7193 0 0 33.780 26.551
20140725_190031 50 8 50 967561224 0 7110 0 0 36.414 26.676
20140725_190130 50 10 50 103765041 0 9028 0 0 44.749 33.633
20140725_190207 50 10 50 105731136 0 9009 0 0 50.435 33.836
20140725_190155 50 10 50 117661523 0 8951 0 0 51.023 33.557
20140725_190131 50 10 50 141246882 0 8937 0 0 45.571 33.336
20140725_190235 50 10 50 263688301 0 9015 0 0 49.504 34.18
20140725_190224 50 10 50 420477893 0 8848 0 0 43.493 33.696
20140725_190244 50 10 50 50746969 0 8905 0 0 51.278 34.134
20140725_190302 50 10 50 533657980 0 9102 0 0 44.083 34.148
20140725_190140 50 10 50 681028781 0 9144 0 0 42.755 33.868
20140725_190113 50 10 50 919028296 0 8987 0 0 45.605 33.431
20140725_190215 50 10 50 967561224 0 8972 0 0 50.171 33.555
20140725_202445 50 1 100 103765041 474 0 436 0 3.516 2.433
20140725_202514 50 1 100 105731136 486 0 434 0 3.479 2.403
20140725_202507 50 1 100 117661523 486 0 446 0 3.461 2.418
20140725_202453 50 1 100 141246882 477 0 429 0 3.483 2.45
20140725_202529 50 1 100 263688301 498 0 451 0 3.488 2.434
20140725_202524 50 1 100 420477893 504 0 467 0 3.467 2.418
20140725_202534 50 1 100 50746969 498 0 456 0 3.482 2.434
20140725_202541 50 1 100 533657980 483 0 434 0 3.488 2.418
20140725_202500 50 1 100 681028781 466 0 409 0 3.471 2.403
20140725_202438 50 1 100 919028296 504 0 466 0 3.525 2.449
20140725_202519 50 1 100 967561224 483 0 435 0 3.454 2.418
20140725_202556 50 2 100 103765041 0 864 0 0 6.618 4.961
20140725_202622 50 2 100 105731136 0 906 0 0 6.542 4.93
20140725_202615 50 2 100 117661523 2 916 4 0 6.541 4.96
20140725_202603 50 2 100 141246882 1 856 2 0 6.555 4.961
20140725_202643 50 2 100 263688301 1 859 2 0 6.517 4.899
20140725_202636 50 2 100 420477893 4 913 8 0 6.542 4.976
20140725_202650 50 2 100 50746969 1 906 2 0 6.560 4.992
20140725_202655 50 2 100 533657980 0 938 0 0 6.578 4.976
20140725_202608 50 2 100 681028781 2 881 4 0 6.557 4.929
20140725_202549 50 2 100 919028296 2 890 2 0 6.636 5.007
20140725_202629 50 2 100 967561224 1 865 2 0 6.480 4.899
20140725_202720 50 3 100 103765041 0 1349 0 12 15.586 7.753
20140725_202734 50 3 100 105731136 0 1349 0 9 10.219 7.659
20140725_202726 50 3 100 117661523 0 1370 0 6 11.846 7.785
20140725_202723 50 3 100 141246882 0 1363 0 7 10.467 7.738
20140725_202753 50 3 100 263688301 0 1371 0 6 10.230 7.722
20140725_202746 50 3 100 420477893 0 1372 0 4 9.880 7.551
20140725_202758 50 3 100 50746969 0 1383 0 11 10.349 7.706
20140725_202804 50 3 100 533657980 0 1317 0 4 9.988 7.519
20140725_202723 50 3 100 681028781 0 1376 0 7 12.158 8.033
20140725_202703 50 3 100 919028296 0 1447 0 9 11.964 7.69
20140725_202739 50 3 100 967561224 0 1384 0 4 9.896 7.69
20140725_202816 50 4 100 103765041 0 1825 0 0 12.752 10.062
20140725_202838 50 4 100 105731136 0 1797 0 0 12.801 10.047
20140725_202833 50 4 100 117661523 0 1797 0 0 12.802 10.063
20140725_202823 50 4 100 141246882 0 1809 0 0 12.761 10.078
20140725_202854 50 4 100 263688301 0 1827 0 0 12.791 10.078
20140725_202849 50 4 100 420477893 0 1827 0 0 12.787 9.953
20140725_202859 50 4 100 50746969 0 1793 0 0 12.810 10.0
20140725_202904 50 4 100 533657980 0 1808 0 0 12.659 10.015
20140725_202828 50 4 100 681028781 0 1814 0 0 12.787 10.078
20140725_202811 50 4 100 919028296 0 1770 0 0 12.723 9.999
20140725_202843 50 4 100 967561224 0 1749 0 1 12.723 9.921
20140725_202916 50 5 100 103765041 0 2267 0 0 16.060 12.699
20140725_202939 50 5 100 105731136 0 2178 0 0 16.167 12.682
20140725_202934 50 5 100 117661523 0 2306 0 0 16.272 12.885
20140725_202924 50 5 100 141246882 0 2208 0 0 16.251 12.745
20140725_202956 50 5 100 263688301 0 2272 0 0 16.226 12.761
20140725_202949 50 5 100 420477893 0 2288 0 0 16.233 12.792
20140725_203001 50 5 100 50746969 0 2299 0 0 16.311 12.792
20140725_203006 50 5 100 533657980 0 2237 0 0 16.375 12.636
20140725_202929 50 5 100 681028781 0 2275 0 0 16.411 12.854
20140725_202911 50 5 100 919028296 0 2305 0 0 15.974 12.746
20140725_202944 50 5 100 967561224 0 2350 0 0 16.167 12.699
20140725_203017 50 8 100 103765041 0 3603 0 0 28.042 20.421
20140725_203039 50 8 100 105731136 0 3664 0 0 31.392 20.702
20140725_203039 50 8 100 117661523 0 3595 0 0 29.082 20.967
20140725_203022 50 8 100 141246882 0 3573 0 0 26.681 20.67
20140725_203108 50 8 100 263688301 0 3665 0 0 26.958 20.794
20140725_203055 50 8 100 420477893 0 3588 0 0 27.830 20.499
20140725_203108 50 8 100 50746969 0 3545 0 0 28.702 20.498
20140725_203118 50 8 100 533657980 0 3654 0 0 26.234 20.498
20140725_203027 50 8 100 681028781 0 3640 0 0 27.105 20.717
20140725_203012 50 8 100 919028296 0 3601 0 0 26.212 20.467
20140725_203049 50 8 100 967561224 0 3525 0 0 27.037 20.623
20140725_203136 50 10 100 103765041 0 4521 0 0 32.817 25.865
20140725_203207 50 10 100 105731136 0 4569 0 0 39.929 26.162
20140725_203200 50 10 100 117661523 0 4451 0 0 36.924 26.038
20140725_203143 50 10 100 141246882 0 4473 0 0 35.597 26.114
20140725_203228 50 10 100 263688301 0 4534 0 0 40.870 25.724
20140725_203223 50 10 100 420477893 0 4448 0 0 35.394 25.771
20140725_203237 50 10 100 50746969 0 4371 0 0 37.855 25.677
20140725_203250 50 10 100 533657980 0 4494 0 0 32.384 25.475
20140725_203148 50 10 100 681028781 0 4510 0 0 33.980 26.021
20140725_203126 50 10 100 919028296 0 4501 0 0 33.365 25.833
20140725_203213 50 10 100 967561224 0 4423 0 0 37.650 26.099
20140725_214433 50 1 200 103765041 250 0 225 0 3.156 2.122
20140725_214502 50 1 200 105731136 230 0 209 0 3.132 2.09
20140725_214454 50 1 200 117661523 235 0 209 0 3.107 2.09
20140725_214440 50 1 200 141246882 231 0 215 0 3.160 2.106
20140725_214521 50 1 200 263688301 248 0 234 0 3.121 2.09
20140725_214514 50 1 200 420477893 233 0 216 0 3.120 2.075
20140725_214526 50 1 200 50746969 255 0 232 0 3.130 2.106
20140725_214531 50 1 200 533657980 271 0 244 0 3.115 2.09
20140725_214448 50 1 200 681028781 225 0 207 0 3.141 2.106
20140725_214426 50 1 200 919028296 257 0 238 0 3.154 2.106
20140725_214509 50 1 200 967561224 246 0 231 0 3.140 2.106
20140725_214543 50 2 200 103765041 0 444 0 0 5.810 4.227
20140725_214610 50 2 200 105731136 0 447 0 0 5.792 4.227
20140725_214603 50 2 200 117661523 1 456 2 0 5.802 4.212
20140725_214551 50 2 200 141246882 0 422 0 0 5.831 4.274
20140725_214627 50 2 200 263688301 1 430 2 0 5.839 4.274
20140725_214622 50 2 200 420477893 1 460 2 0 5.856 4.228
20140725_214632 50 2 200 50746969 0 462 0 0 5.833 4.259
20140725_214639 50 2 200 533657980 0 458 0 0 5.836 4.275
20140725_214556 50 2 200 681028781 0 422 0 0 5.817 4.274
20140725_214539 50 2 200 919028296 0 439 0 0 5.841 4.29
20140725_214617 50 2 200 967561224 0 421 0 0 5.830 4.243
20140725_214652 50 3 200 103765041 0 658 0 4 8.543 6.427
20140725_214712 50 3 200 105731136 0 656 0 2 8.537 6.442
20140725_214707 50 3 200 117661523 0 684 0 2 8.602 6.521
20140725_214657 50 3 200 141246882 0 649 0 1 8.577 6.474
20140725_214729 50 3 200 263688301 0 674 0 1 8.496 6.396
20140725_214724 50 3 200 420477893 0 695 0 1 8.549 6.489
20140725_214736 50 3 200 50746969 0 706 0 5 8.554 6.49
20140725_214741 50 3 200 533657980 0 656 0 0 8.610 6.521
20140725_214702 50 3 200 681028781 0 685 0 2 8.562 6.474
20140725_214647 50 3 200 919028296 0 725 0 2 8.584 6.49
20140725_214717 50 3 200 967561224 0 674 0 0 8.571 6.489
20140725_214752 50 4 200 103765041 0 858 0 0 11.207 8.611
20140725_214814 50 4 200 105731136 0 898 0 0 11.252 8.627
20140725_214809 50 4 200 117661523 0 922 0 0 11.337 8.658
20140725_214759 50 4 200 141246882 0 861 0 0 11.237 8.595
20140725_214833 50 4 200 263688301 0 856 0 0 11.263 8.627
20140725_214826 50 4 200 420477893 0 916 0 0 11.194 8.58
20140725_214838 50 4 200 50746969 0 914 0 0 11.243 8.642
20140725_214843 50 4 200 533657980 0 943 0 0 11.298 8.642
20140725_214804 50 4 200 681028781 0 887 0 0 11.204 8.564
20140725_214747 50 4 200 919028296 0 889 0 0 11.114 8.517
20140725_214819 50 4 200 967561224 0 869 0 0 11.214 8.58
20140725_214856 50 5 200 103765041 0 1108 0 0 14.116 10.858
20140725_214916 50 5 200 105731136 0 1113 0 0 14.187 10.92
20140725_214911 50 5 200 117661523 0 1132 0 0 14.224 11.014
20140725_214901 50 5 200 141246882 0 1116 0 0 14.267 10.967
20140725_214934 50 5 200 263688301 0 1139 0 0 14.386 11.045
20140725_214929 50 5 200 420477893 0 1171 0 0 14.244 10.951
20140725_214939 50 5 200 50746969 0 1135 0 0 14.314 11.013
20140725_214944 50 5 200 533657980 0 1092 0 0 14.379 11.029
20140725_214906 50 5 200 681028781 0 1124 0 0 14.238 10.951
20140725_214849 50 5 200 919028296 0 1203 0 0 14.165 11.014
20140725_214921 50 5 200 967561224 0 1172 0 0 14.235 10.967
20140725_214954 50 8 200 103765041 0 1813 0 0 22.968 17.55
20140725_215018 50 8 200 105731136 0 1802 0 0 23.115 17.503
20140725_215013 50 8 200 117661523 0 1801 0 0 23.057 17.582
20140725_215000 50 8 200 141246882 0 1817 0 0 23.277 17.581
20140725_215037 50 8 200 263688301 0 1824 0 0 23.718 17.675
20140725_215031 50 8 200 420477893 0 1842 0 0 23.761 17.675
20140725_215042 50 8 200 50746969 0 1792 0 0 23.149 17.503
20140725_215048 50 8 200 533657980 0 1814 0 0 24.144 17.768
20140725_215005 50 8 200 681028781 0 1813 0 0 23.192 17.644
20140725_214949 50 8 200 919028296 0 1777 0 0 22.826 17.409
20140725_215024 50 8 200 967561224 0 1763 0 0 23.212 17.628
20140725_215101 50 10 200 103765041 0 2272 0 0 30.429 22.402
20140725_215129 50 10 200 105731136 0 2258 0 0 35.526 22.371
20140725_215126 50 10 200 117661523 0 2268 0 0 31.044 22.339
20140725_215106 50 10 200 141246882 0 2244 0 0 30.018 22.418
20140725_215149 50 10 200 263688301 0 2277 0 0 33.709 22.136
20140725_215143 50 10 200 420477893 0 2278 0 0 30.645 22.417
20140725_215200 50 10 200 50746969 0 2243 0 0 31.245 22.059
20140725_215207 50 10 200 533657980 0 2272 0 0 27.944 21.903
20140725_215113 50 10 200 681028781 0 2298 0 0 29.833 22.323
20140725_215055 50 10 200 919028296 0 2271 0 0 29.843 22.168
20140725_215137 50 10 200 967561224 0 2207 0 0 29.639 22.168
20140725_221444 50 1 300 103765041 177 0 163 0 3.044 2.013
20140725_221511 50 1 300 105731136 146 0 134 0 3.012 1.966
20140725_221504 50 1 300 117661523 157 0 138 0 3.028 1.981
20140725_221450 50 1 300 141246882 156 0 142 0 3.040 2.012
20140725_221530 50 1 300 263688301 177 0 160 0 3.009 1.982
20140725_221525 50 1 300 420477893 154 0 144 0 3.038 1.997
20140725_221535 50 1 300 50746969 171 0 155 0 3.031 2.013
20140725_221542 50 1 300 533657980 182 0 173 0 3.041 1.996
20140725_221457 50 1 300 681028781 168 0 150 0 3.038 1.997
20140725_221437 50 1 300 919028296 187 0 172 0 3.050 1.997
20140725_221518 50 1 300 967561224 173 0 156 0 3.023 1.996
20140725_221555 50 2 300 103765041 0 287 0 0 5.609 4.056
20140725_221623 50 2 300 105731136 0 296 0 0 5.561 4.009
20140725_221616 50 2 300 117661523 0 305 0 0 5.598 4.041
20140725_221602 50 2 300 141246882 0 271 0 0 5.613 4.041
20140725_221640 50 2 300 263688301 0 289 0 0 5.597 4.04
20140725_221635 50 2 300 420477893 1 308 2 0 5.634 4.056
20140725_221647 50 2 300 50746969 0 324 0 0 5.619 4.071
20140725_221654 50 2 300 533657980 0 337 0 0 5.680 4.103
20140725_221609 50 2 300 681028781 0 286 0 0 5.574 4.025
20140725_221549 50 2 300 919028296 0 291 0 0 5.641 4.025
20140725_221630 50 2 300 967561224 0 280 0 0 5.610 4.04
20140725_221705 50 3 300 103765041 0 449 0 1 8.166 6.069
20140725_221731 50 3 300 105731136 0 439 0 0 8.228 6.131
20140725_221724 50 3 300 117661523 0 461 0 2 8.204 6.084
20140725_221712 50 3 300 141246882 0 440 0 0 8.155 6.053
20140725_221750 50 3 300 263688301 0 458 0 1 8.216 6.115
20140725_221743 50 3 300 420477893 0 475 0 1 8.163 6.1
20140725_221757 50 3 300 50746969 0 461 0 4 8.199 6.115
20140725_221805 50 3 300 533657980 0 444 0 2 8.207 6.069
20140725_221719 50 3 300 681028781 0 419 0 2 8.215 6.084
20140725_221700 50 3 300 919028296 0 472 0 0 8.234 6.146
20140725_221736 50 3 300 967561224 0 443 0 0 8.159 6.068
20140725_221817 50 4 300 103765041 0 570 0 0 10.791 8.174
20140725_221843 50 4 300 105731136 0 599 0 0 10.866 8.189
20140725_221836 50 4 300 117661523 0 628 0 0 10.731 8.128
20140725_221822 50 4 300 141246882 0 572 0 0 10.759 8.143
20140725_221900 50 4 300 263688301 0 550 0 0 10.681 8.05
20140725_221853 50 4 300 420477893 0 603 0 0 10.762 8.112
20140725_221908 50 4 300 50746969 0 635 0 0 10.734 8.112
20140725_221913 50 4 300 533657980 0 618 0 0 10.742 8.096
20140725_221829 50 4 300 681028781 0 597 0 0 10.736 8.112
20140725_221812 50 4 300 919028296 0 584 0 0 10.803 8.127
20140725_221848 50 4 300 967561224 0 574 0 0 10.765 8.174
20140725_221925 50 5 300 103765041 0 716 0 0 13.604 10.405
20140725_221945 50 5 300 105731136 0 729 0 0 13.695 10.421
20140725_221940 50 5 300 117661523 0 745 0 0 13.716 10.452
20140725_221930 50 5 300 141246882 0 734 0 0 13.603 10.311
20140725_222003 50 5 300 263688301 0 739 0 0 13.581 10.406
20140725_221956 50 5 300 420477893 0 776 0 0 13.604 10.421
20140725_222010 50 5 300 50746969 0 775 0 0 13.505 10.312
20140725_222017 50 5 300 533657980 0 719 0 0 13.622 10.452
20140725_221935 50 5 300 681028781 0 766 0 0 13.676 10.468
20140725_221920 50 5 300 919028296 0 809 0 0 13.545 10.312
20140725_221951 50 5 300 967561224 0 761 0 0 13.679 10.389
20140725_222030 50 8 300 103765041 0 1199 0 0 21.535 16.63
20140725_222055 50 8 300 105731136 0 1203 0 0 22.629 16.723
20140725_222049 50 8 300 117661523 0 1220 0 0 22.438 16.692
20140725_222036 50 8 300 141246882 0 1198 0 0 22.375 16.63
20140725_222112 50 8 300 263688301 0 1189 0 0 22.220 16.724
20140725_222107 50 8 300 420477893 0 1230 0 0 22.527 16.63
20140725_222118 50 8 300 50746969 0 1183 0 0 22.154 16.598
20140725_222123 50 8 300 533657980 0 1233 0 0 22.582 16.786
20140725_222044 50 8 300 681028781 0 1181 0 0 22.413 16.645
20140725_222024 50 8 300 919028296 0 1176 0 0 21.359 16.504
20140725_222100 50 8 300 967561224 0 1168 0 0 22.384 16.535
20140725_222135 50 10 300 103765041 0 1512 0 0 31.915 21.184
20140725_222159 50 10 300 105731136 0 1502 0 0 31.880 21.231
20140725_222159 50 10 300 117661523 0 1483 0 0 28.734 20.935
20140725_222141 50 10 300 141246882 0 1510 0 0 27.967 21.013
20140725_222228 50 10 300 263688301 0 1516 0 0 27.122 20.998
20140725_222215 50 10 300 420477893 0 1524 0 0 28.224 21.2
20140725_222230 50 10 300 50746969 0 1492 0 0 30.170 21.107
20140725_222237 50 10 300 533657980 0 1529 0 0 27.056 20.701
20140725_222146 50 10 300 681028781 0 1518 0 0 29.013 21.091
20140725_222130 50 10 300 919028296 0 1476 0 0 28.114 21.231
20140725_222209 50 10 300 967561224 0 1475 0 0 27.998 20.998
20140725_231740 50 1 500 103765041 110 0 104 0 2.949 1.903
20140725_231807 50 1 500 105731136 77 0 69 0 2.927 1.888
20140725_231800 50 1 500 117661523 96 0 91 0 2.942 1.903
20140725_231748 50 1 500 141246882 105 0 94 0 2.942 1.918
20140725_231828 50 1 500 263688301 112 0 103 0 2.956 1.935
20140725_231821 50 1 500 420477893 100 0 88 0 2.948 1.918
20140725_231835 50 1 500 50746969 105 0 100 0 2.942 1.919
20140725_231842 50 1 500 533657980 116 0 107 0 2.938 1.888
20140725_231753 50 1 500 681028781 98 0 87 0 2.946 1.919
20140725_231733 50 1 500 919028296 118 0 104 0 2.961 1.903
20140725_231814 50 1 500 967561224 95 0 84 0 2.945 1.919
20140725_231855 50 2 500 103765041 0 180 0 0 5.421 3.853
20140725_231919 50 2 500 105731136 0 176 0 0 5.406 3.838
20140725_231914 50 2 500 117661523 0 177 0 0 5.412 3.853
20140725_231902 50 2 500 141246882 0 157 0 0 5.402 3.837
20140725_231938 50 2 500 263688301 0 171 0 0 5.401 3.853
20140725_231933 50 2 500 420477893 1 179 2 0 5.440 3.853
20140725_231945 50 2 500 50746969 0 182 0 0 5.398 3.806
20140725_231952 50 2 500 533657980 0 201 0 0 5.460 3.9
20140725_231909 50 2 500 681028781 0 169 0 0 5.447 3.884
20140725_231849 50 2 500 919028296 0 189 0 0 5.470 3.916
20140725_231926 50 2 500 967561224 0 187 0 0 5.405 3.853
20140725_232005 50 3 500 103765041 0 279 0 0 8.224 5.975
20140725_232027 50 3 500 105731136 0 263 0 1 7.947 5.835
20140725_232022 50 3 500 117661523 0 264 0 1 7.957 5.896
20140725_232012 50 3 500 141246882 0 264 0 0 7.964 5.835
20140725_232045 50 3 500 263688301 0 278 0 0 7.903 5.818
20140725_232037 50 3 500 420477893 0 263 0 0 7.905 5.835
20140725_232051 50 3 500 50746969 0 281 0 2 7.942 5.881
20140725_232059 50 3 500 533657980 0 293 0 1 7.918 5.85
20140725_232017 50 3 500 681028781 0 250 0 1 7.963 5.834
20140725_232000 50 3 500 919028296 0 275 0 0 8.007 5.85
20140725_232032 50 3 500 967561224 0 280 0 0 7.935 5.865
20140725_232111 50 4 500 103765041 0 339 0 0 10.376 7.676
20140725_232137 50 4 500 105731136 0 354 0 0 10.390 7.754
20140725_232132 50 4 500 117661523 0 375 0 0 10.434 7.8
20140725_232118 50 4 500 141246882 0 340 0 0 10.392 7.753
20140725_232154 50 4 500 263688301 0 343 0 0 10.385 7.753
20140725_232150 50 4 500 420477893 0 372 0 0 10.417 7.784
20140725_232202 50 4 500 50746969 0 375 0 0 10.387 7.754
20140725_232207 50 4 500 533657980 0 384 0 0 10.401 7.768
20140725_232125 50 4 500 681028781 0 336 0 0 10.445 7.784
20140725_232104 50 4 500 919028296 0 354 0 0 10.346 7.722
20140725_232144 50 4 500 967561224 0 340 0 0 10.410 7.738
20140725_232221 50 5 500 103765041 0 449 0 0 13.046 9.828
20140725_232247 50 5 500 105731136 0 444 0 0 13.177 9.984
20140725_232241 50 5 500 117661523 0 460 0 0 13.104 9.953
20140725_232226 50 5 500 141246882 0 439 0 0 13.022 9.859
20140725_232303 50 5 500 263688301 0 459 0 0 13.167 9.906
20140725_232258 50 5 500 420477893 0 475 0 0 13.223 9.968
20140725_232308 50 5 500 50746969 0 469 0 0 13.178 9.984
20140725_232313 50 5 500 533657980 0 441 0 0 13.222 9.968
20140725_232233 50 5 500 681028781 0 418 0 0 13.015 9.844
20140725_232214 50 5 500 919028296 0 474 0 0 13.083 9.874
20140725_232253 50 5 500 967561224 0 444 0 0 13.136 9.828
20140725_232324 50 8 500 103765041 0 681 0 0 20.982 15.787
20140725_232346 50 8 500 105731136 0 720 0 0 21.040 15.834
20140725_232340 50 8 500 117661523 0 744 0 0 21.237 15.771
20140725_232329 50 8 500 141246882 0 679 0 0 20.930 15.772
20140725_232402 50 8 500 263688301 0 670 0 0 21.194 15.725
20140725_232356 50 8 500 420477893 0 741 0 0 21.364 15.741
20140725_232407 50 8 500 50746969 0 748 0 0 21.321 15.756
20140725_232412 50 8 500 533657980 0 754 0 0 21.038 15.677
20140725_232334 50 8 500 681028781 0 713 0 0 21.513 15.803
20140725_232318 50 8 500 919028296 0 709 0 0 20.839 15.772
20140725_232351 50 8 500 967561224 0 711 0 0 21.011 15.803
20140725_232424 50 10 500 103765041 0 861 0 0 26.375 19.921
20140725_232451 50 10 500 105731136 0 901 0 0 26.277 19.874
20140725_232446 50 10 500 117661523 0 922 0 0 26.459 19.905
20140725_232430 50 10 500 141246882 0 864 0 0 26.759 19.889
20140725_232515 50 10 500 263688301 0 860 0 0 26.106 19.89
20140725_232504 50 10 500 420477893 0 919 0 0 26.462 19.952
20140725_232520 50 10 500 50746969 0 913 0 0 25.916 19.859
20140725_232525 50 10 500 533657980 0 939 0 0 25.820 19.953
20140725_232434 50 10 500 681028781 0 888 0 0 26.404 19.858
20140725_232419 50 10 500 919028296 0 904 0 0 26.473 19.765
20140725_232457 50 10 500 967561224 0 874 0 0 26.108 19.968
20140725_235022 50 1 1000 103765041 46 0 41 0 2.878 1.841
20140725_235050 50 1 1000 105731136 44 0 42 0 2.882 1.84
20140725_235043 50 1 1000 117661523 54 0 48 0 2.879 1.856
20140725_235029 50 1 1000 141246882 50 0 44 0 2.878 1.841
20140725_235111 50 1 1000 263688301 53 0 48 0 2.886 1.841
20140725_235104 50 1 1000 420477893 53 0 49 0 2.878 1.841
20140725_235118 50 1 1000 50746969 47 0 44 0 2.889 1.856
20140725_235125 50 1 1000 533657980 55 0 49 0 2.883 1.841
20140725_235036 50 1 1000 681028781 48 0 43 0 2.869 1.841
20140725_235016 50 1 1000 919028296 59 0 54 0 2.889 1.841
20140725_235057 50 1 1000 967561224 44 0 38 0 2.878 1.841
20140725_235140 50 2 1000 103765041 0 93 0 0 5.310 3.744
20140725_235208 50 2 1000 105731136 0 76 0 0 5.315 3.729
20140725_235201 50 2 1000 117661523 0 107 0 0 5.313 3.759
20140725_235147 50 2 1000 141246882 0 72 0 0 5.280 3.712
20140725_235223 50 2 1000 263688301 0 78 0 0 5.330 3.76
20140725_235218 50 2 1000 420477893 0 77 0 0 5.313 3.745
20140725_235228 50 2 1000 50746969 0 91 0 0 5.311 3.713
20140725_235233 50 2 1000 533657980 0 103 0 0 5.323 3.744
20140725_235154 50 2 1000 681028781 0 91 0 0 5.282 3.698
20140725_235133 50 2 1000 919028296 0 95 0 0 5.314 3.759
20140725_235213 50 2 1000 967561224 0 82 0 0 5.312 3.745
20140725_235246 50 3 1000 103765041 0 149 0 0 7.742 5.663
20140725_235312 50 3 1000 105731136 0 114 0 0 7.746 5.631
20140725_235307 50 3 1000 117661523 0 131 0 1 7.743 5.663
20140725_235253 50 3 1000 141246882 0 139 0 0 7.726 5.632
20140725_235334 50 3 1000 263688301 0 148 0 0 7.744 5.648
20140725_235326 50 3 1000 420477893 0 129 0 0 7.745 5.631
20140725_235340 50 3 1000 50746969 0 142 0 0 7.749 5.663
20140725_235348 50 3 1000 533657980 0 162 0 0 7.732 5.648
20140725_235300 50 3 1000 681028781 0 138 0 0 7.744 5.647
20140725_235241 50 3 1000 919028296 0 157 0 0 7.777 5.694
20140725_235319 50 3 1000 967561224 0 137 0 0 7.723 5.631
20140725_235402 50 4 1000 103765041 0 180 0 0 10.168 7.535
20140725_235425 50 4 1000 105731136 0 175 0 0 10.110 7.473
20140725_235419 50 4 1000 117661523 0 178 0 0 10.162 7.535
20140725_235407 50 4 1000 141246882 0 158 0 0 10.102 7.489
20140725_235442 50 4 1000 263688301 0 170 0 0 10.090 7.488
20140725_235437 50 4 1000 420477893 0 181 0 0 10.126 7.472
20140725_235449 50 4 1000 50746969 0 180 0 0 10.086 7.457
20140725_235456 50 4 1000 533657980 0 199 0 0 10.164 7.535
20140725_235412 50 4 1000 681028781 0 170 0 0 10.073 7.473
20140725_235355 50 4 1000 919028296 0 190 0 0 10.073 7.457
20140725_235431 50 4 1000 967561224 0 186 0 0 10.147 7.488
20140725_235506 50 5 1000 103765041 0 227 0 0 12.813 9.61
20140725_235527 50 5 1000 105731136 0 213 0 0 12.690 9.454
20140725_235522 50 5 1000 117661523 0 210 0 0 12.796 9.578
20140725_235512 50 5 1000 141246882 0 218 0 0 12.789 9.516
20140725_235548 50 5 1000 263688301 0 232 0 0 12.773 9.61
20140725_235541 50 5 1000 420477893 0 221 0 0 12.814 9.641
20140725_235553 50 5 1000 50746969 0 237 0 0 12.820 9.61
20140725_235600 50 5 1000 533657980 0 245 0 0 12.785 9.594
20140725_235516 50 5 1000 681028781 0 209 0 0 12.701 9.516
20140725_235501 50 5 1000 919028296 0 239 0 0 12.820 9.578
20140725_235534 50 5 1000 967561224 0 234 0 0 12.722 9.562
20140725_235613 50 8 1000 103765041 0 339 0 0 20.403 15.241
20140725_235637 50 8 1000 105731136 0 353 0 0 20.414 15.101
20140725_235630 50 8 1000 117661523 0 374 0 0 20.471 15.382
20140725_235618 50 8 1000 141246882 0 335 0 0 20.298 15.272
20140725_235653 50 8 1000 263688301 0 343 0 0 20.633 15.147
20140725_235647 50 8 1000 420477893 0 373 0 0 20.483 15.194
20140725_235659 50 8 1000 50746969 0 372 0 0 20.867 15.023
20140725_235704 50 8 1000 533657980 0 382 0 0 20.563 15.319
20140725_235623 50 8 1000 681028781 0 338 0 0 20.329 15.085
20140725_235606 50 8 1000 919028296 0 355 0 0 20.173 15.132
20140725_235642 50 8 1000 967561224 0 345 0 0 20.394 15.194
20140725_235714 50 10 1000 103765041 0 440 0 0 25.413 19.188
20140725_235741 50 10 1000 105731136 0 443 0 0 25.658 19.126
20140725_235736 50 10 1000 117661523 0 461 0 0 26.270 19.173
20140725_235721 50 10 1000 141246882 0 423 0 0 25.679 19.235
20140725_235804 50 10 1000 263688301 0 435 0 0 25.396 19.251
20140725_235754 50 10 1000 420477893 0 461 0 0 25.696 19.282
20140725_235809 50 10 1000 50746969 0 464 0 0 25.209 19.188
20140725_235817 50 10 1000 533657980 0 452 0 0 24.902 19.079
20140725_235727 50 10 1000 681028781 0 424 0 0 25.681 19.218
20140725_235710 50 10 1000 919028296 0 442 0 0 25.651 19.204
20140725_235749 50 10 1000 967561224 0 421 0 0 25.513 19.235
20140726_004627 50 1 10000 103765041 6 0 6 0 2.827 1.794
20140726_004651 50 1 10000 105731136 6 0 6 0 2.823 1.778
20140726_004644 50 1 10000 117661523 9 0 8 0 2.833 1.778
20140726_004634 50 1 10000 141246882 4 0 3 0 2.812 1.794
20140726_004712 50 1 10000 263688301 5 0 5 0 2.814 1.778
20140726_004705 50 1 10000 420477893 7 0 6 0 2.828 1.794
20140726_004719 50 1 10000 50746969 6 0 5 0 2.833 1.794
20140726_004726 50 1 10000 533657980 6 0 6 0 2.825 1.794
20140726_004639 50 1 10000 681028781 4 0 3 0 2.818 1.794
20140726_004619 50 1 10000 919028296 10 0 9 0 2.841 1.794
20140726_004658 50 1 10000 967561224 4 0 4 0 2.823 1.778
20140726_004739 50 2 10000 103765041 0 13 0 0 5.195 3.634
20140726_004801 50 2 10000 105731136 0 8 0 0 5.173 3.572
20140726_004754 50 2 10000 117661523 0 16 0 0 5.158 3.604
20140726_004744 50 2 10000 141246882 0 7 0 0 5.164 3.588
20140726_004816 50 2 10000 263688301 0 3 0 0 5.191 3.588
20140726_004811 50 2 10000 420477893 0 6 0 0 5.190 3.604
20140726_004822 50 2 10000 50746969 0 10 0 0 5.176 3.588
20140726_004829 50 2 10000 533657980 0 14 0 0 5.168 3.603
20140726_004749 50 2 10000 681028781 0 7 0 0 5.168 3.588
20140726_004734 50 2 10000 919028296 0 11 0 0 5.207 3.619
20140726_004806 50 2 10000 967561224 0 3 0 0 5.147 3.587
20140726_004841 50 3 10000 103765041 0 12 0 0 7.613 5.507
20140726_004903 50 3 10000 105731136 0 13 0 0 7.570 5.491
20140726_004859 50 3 10000 117661523 0 19 0 0 7.614 5.522
20140726_004846 50 3 10000 141246882 0 19 0 0 7.594 5.522
20140726_004919 50 3 10000 263688301 0 14 0 0 7.560 5.46
20140726_004914 50 3 10000 420477893 0 13 0 0 7.598 5.507
20140726_004924 50 3 10000 50746969 0 14 0 0 7.581 5.46
20140726_004931 50 3 10000 533657980 0 14 0 0 7.566 5.46
20140726_004851 50 3 10000 681028781 0 11 0 0 7.549 5.445
20140726_004836 50 3 10000 919028296 0 19 0 0 7.561 5.475
20140726_004909 50 3 10000 967561224 0 13 0 0 7.589 5.445
20140726_004946 50 4 10000 103765041 0 22 0 0 9.936 7.301
20140726_005008 50 4 10000 105731136 0 19 0 0 9.935 7.254
20140726_005003 50 4 10000 117661523 0 30 0 0 9.934 7.254
20140726_004950 50 4 10000 141246882 0 10 0 0 9.935 7.254
20140726_005023 50 4 10000 263688301 0 14 0 0 9.890 7.223
20140726_005018 50 4 10000 420477893 0 17 0 0 9.975 7.253
20140726_005028 50 4 10000 50746969 0 13 0 0 9.861 7.191
20140726_005035 50 4 10000 533657980 0 24 0 0 9.923 7.285
20140726_004958 50 4 10000 681028781 0 19 0 0 9.882 7.254
20140726_004938 50 4 10000 919028296 0 18 0 0 9.881 7.238
20140726_005013 50 4 10000 967561224 0 11 0 0 9.972 7.332
20140726_005048 50 5 10000 103765041 0 22 0 0 12.468 9.251
20140726_005110 50 5 10000 105731136 0 23 0 0 12.410 9.157
20140726_005105 50 5 10000 117661523 0 25 0 0 12.453 9.266
20140726_005053 50 5 10000 141246882 0 26 0 0 12.597 9.297
20140726_005129 50 5 10000 263688301 0 21 0 0 12.433 9.267
20140726_005124 50 5 10000 420477893 0 21 0 0 12.487 9.297
20140726_005136 50 5 10000 50746969 0 25 0 0 12.426 9.235
20140726_005142 50 5 10000 533657980 0 17 0 0 12.439 9.235
20140726_005100 50 5 10000 681028781 0 19 0 0 12.490 9.313
20140726_005043 50 5 10000 919028296 0 32 0 0 12.481 9.314
20140726_005117 50 5 10000 967561224 0 16 0 0 12.475 9.298
20140726_005154 50 8 10000 103765041 0 39 0 0 19.800 14.82
20140726_005217 50 8 10000 105731136 0 26 0 0 20.633 14.93
20140726_005211 50 8 10000 117661523 0 49 0 0 20.512 14.805
20140726_005201 50 8 10000 141246882 0 29 0 0 19.868 14.741
20140726_005232 50 8 10000 263688301 0 30 0 0 20.068 14.664
20140726_005228 50 8 10000 420477893 0 31 0 0 20.570 14.946
20140726_005240 50 8 10000 50746969 0 32 0 0 20.491 14.883
20140726_005245 50 8 10000 533657980 0 40 0 0 20.271 14.726
20140726_005206 50 8 10000 681028781 0 32 0 0 20.330 14.836
20140726_005149 50 8 10000 919028296 0 39 0 0 19.686 14.774
20140726_005222 50 8 10000 967561224 0 28 0 0 20.196 14.898
20140726_005256 50 10 10000 103765041 0 46 0 0 24.927 18.579
20140726_005321 50 10 10000 105731136 0 37 0 0 26.985 18.891
20140726_005317 50 10 10000 117661523 0 60 0 0 25.961 18.798
20140726_005301 50 10 10000 141246882 0 33 0 0 26.766 18.923
20140726_005344 50 10 10000 263688301 0 42 0 0 25.532 18.454
20140726_005332 50 10 10000 420477893 0 39 0 0 25.241 18.595
20140726_005345 50 10 10000 50746969 0 42 0 0 27.920 18.673
20140726_005353 50 10 10000 533657980 0 45 0 0 26.034 18.439
20140726_005306 50 10 10000 681028781 0 38 0 0 25.344 18.72
20140726_005251 50 10 10000 919028296 0 51 0 0 25.847 18.861
20140726_005328 50 10 10000 967561224 0 36 0 0 25.795 18.626
20140726_001339 50 1 2000 103765041 24 0 22 0 2.857 1.825
20140726_001408 50 1 2000 105731136 25 0 23 0 2.844 1.809
20140726_001401 50 1 2000 117661523 31 0 24 0 2.842 1.794
20140726_001346 50 1 2000 141246882 27 0 26 0 2.852 1.81
20140726_001429 50 1 2000 263688301 24 0 22 0 2.860 1.809
20140726_001422 50 1 2000 420477893 24 0 21 0 2.849 1.809
20140726_001436 50 1 2000 50746969 28 0 25 0 2.867 1.825
20140726_001443 50 1 2000 533657980 20 0 18 0 2.853 1.809
20140726_001353 50 1 2000 681028781 26 0 19 0 2.852 1.81
20140726_001334 50 1 2000 919028296 34 0 31 0 2.855 1.81
20140726_001415 50 1 2000 967561224 20 0 16 0 2.874 1.825
20140726_001458 50 2 2000 103765041 0 47 0 0 5.229 3.666
20140726_001522 50 2 2000 105731136 0 40 0 0 5.232 3.65
20140726_001515 50 2 2000 117661523 0 62 0 0 5.246 3.682
20140726_001505 50 2 2000 141246882 0 33 0 0 5.260 3.666
20140726_001539 50 2 2000 263688301 0 41 0 0 5.243 3.681
20140726_001534 50 2 2000 420477893 0 39 0 0 5.262 3.697
20140726_001546 50 2 2000 50746969 0 42 0 0 5.243 3.681
20140726_001553 50 2 2000 533657980 0 48 0 0 5.265 3.681
20140726_001510 50 2 2000 681028781 0 36 0 0 5.275 3.697
20140726_001450 50 2 2000 919028296 0 49 0 0 5.252 3.682
20140726_001529 50 2 2000 967561224 0 36 0 0 5.255 3.697
20140726_001606 50 3 2000 103765041 0 64 0 0 7.629 5.538
20140726_001630 50 3 2000 105731136 0 55 0 0 7.650 5.553
20140726_001623 50 3 2000 117661523 0 67 0 1 7.664 5.523
20140726_001611 50 3 2000 141246882 0 71 0 0 7.677 5.585
20140726_001647 50 3 2000 263688301 0 79 0 0 7.666 5.554
20140726_001642 50 3 2000 420477893 0 67 0 0 7.704 5.616
20140726_001654 50 3 2000 50746969 0 79 0 0 7.724 5.601
20140726_001702 50 3 2000 533657980 0 76 0 0 7.677 5.538
20140726_001616 50 3 2000 681028781 0 67 0 0 7.715 5.569
20140726_001559 50 3 2000 919028296 0 83 0 0 7.688 5.616
20140726_001635 50 3 2000 967561224 0 63 0 0 7.691 5.585
20140726_001712 50 4 2000 103765041 0 93 0 0 10.041 7.379
20140726_001734 50 4 2000 105731136 0 76 0 0 10.004 7.347
20140726_001729 50 4 2000 117661523 0 107 0 0 10.018 7.394
20140726_001719 50 4 2000 141246882 0 73 0 0 9.986 7.332
20140726_001754 50 4 2000 263688301 0 78 0 0 10.015 7.394
20140726_001747 50 4 2000 420477893 0 77 0 0 10.013 7.379
20140726_001801 50 4 2000 50746969 0 90 0 0 9.995 7.364
20140726_001808 50 4 2000 533657980 0 100 0 0 10.044 7.41
20140726_001724 50 4 2000 681028781 0 91 0 0 10.031 7.348
20140726_001707 50 4 2000 919028296 0 97 0 0 10.052 7.379
20140726_001741 50 4 2000 967561224 0 83 0 0 10.035 7.379
20140726_001822 50 5 2000 103765041 0 125 0 0 12.625 9.422
20140726_001845 50 5 2000 105731136 0 94 0 0 12.671 9.438
20140726_001839 50 5 2000 117661523 0 108 0 0 12.607 9.391
20140726_001829 50 5 2000 141246882 0 123 0 0 12.631 9.422
20140726_001900 50 5 2000 263688301 0 126 0 0 12.610 9.376
20140726_001855 50 5 2000 420477893 0 110 0 0 12.635 9.376
20140726_001905 50 5 2000 50746969 0 125 0 0 12.710 9.485
20140726_001910 50 5 2000 533657980 0 123 0 0 12.664 9.469
20140726_001834 50 5 2000 681028781 0 109 0 0 12.643 9.501
20140726_001815 50 5 2000 919028296 0 134 0 0 12.563 9.422
20140726_001850 50 5 2000 967561224 0 115 0 0 12.622 9.391
20140726_001921 50 8 2000 103765041 0 179 0 0 20.244 14.945
20140726_001944 50 8 2000 105731136 0 174 0 0 19.978 14.867
20140726_001938 50 8 2000 117661523 0 176 0 0 20.123 14.945
20140726_001926 50 8 2000 141246882 0 157 0 0 20.298 14.96
20140726_001959 50 8 2000 263688301 0 172 0 0 21.240 14.929
20140726_001954 50 8 2000 420477893 0 181 0 0 19.949 14.789
20140726_002004 50 8 2000 50746969 0 180 0 0 20.152 14.882
20140726_002010 50 8 2000 533657980 0 197 0 0 20.302 14.991
20140726_001931 50 8 2000 681028781 0 170 0 0 20.201 14.929
20140726_001916 50 8 2000 919028296 0 192 0 0 20.181 14.992
20140726_001949 50 8 2000 967561224 0 187 0 0 20.124 14.96
20140726_002023 50 10 2000 103765041 0 223 0 0 25.323 18.829
20140726_002049 50 10 2000 105731136 0 215 0 0 25.511 18.814
20140726_002042 50 10 2000 117661523 0 225 0 0 25.203 18.798
20140726_002028 50 10 2000 141246882 0 202 0 0 25.391 18.907
20140726_002108 50 10 2000 263688301 0 228 0 0 25.039 18.938
20140726_002101 50 10 2000 420477893 0 227 0 0 25.665 18.923
20140726_002116 50 10 2000 50746969 0 227 0 0 25.021 18.922
20140726_002123 50 10 2000 533657980 0 244 0 0 24.684 18.782
20140726_002033 50 10 2000 681028781 0 220 0 0 25.429 18.846
20140726_002015 50 10 2000 919028296 0 232 0 0 25.984 18.985
20140726_002056 50 10 2000 967561224 0 217 0 0 25.513 18.922
20140726_002338 50 1 3000 103765041 15 0 13 0 2.834 1.794
20140726_002402 50 1 3000 105731136 18 0 15 0 2.834 1.794
20140726_002356 50 1 3000 117661523 20 0 19 0 2.840 1.794
20140726_002343 50 1 3000 141246882 20 0 19 0 2.846 1.81
20140726_002424 50 1 3000 263688301 17 0 16 0 2.849 1.81
20140726_002417 50 1 3000 420477893 16 0 14 0 2.832 1.794
20140726_002431 50 1 3000 50746969 21 0 18 0 2.832 1.794
20140726_002436 50 1 3000 533657980 15 0 14 0 2.880 1.825
20140726_002348 50 1 3000 681028781 16 0 12 0 2.834 1.794
20140726_002333 50 1 3000 919028296 19 0 19 0 2.854 1.81
20140726_002410 50 1 3000 967561224 14 0 13 0 2.844 1.81
20140726_002451 50 2 3000 103765041 0 32 0 0 5.212 3.635
20140726_002519 50 2 3000 105731136 0 26 0 0 5.200 3.619
20140726_002512 50 2 3000 117661523 0 45 0 0 5.199 3.65
20140726_002458 50 2 3000 141246882 0 23 0 0 5.181 3.619
20140726_002536 50 2 3000 263688301 0 28 0 0 5.211 3.634
20140726_002531 50 2 3000 420477893 0 26 0 0 5.244 3.65
20140726_002541 50 2 3000 50746969 0 26 0 0 5.220 3.651
20140726_002546 50 2 3000 533657980 0 37 0 0 5.231 3.65
20140726_002505 50 2 3000 681028781 0 28 0 0 5.202 3.635
20140726_002443 50 2 3000 919028296 0 29 0 0 5.203 3.619
20140726_002526 50 2 3000 967561224 0 18 0 0 5.199 3.635
20140726_002559 50 3 3000 103765041 0 41 0 0 7.589 5.475
20140726_002625 50 3 3000 105731136 0 42 0 0 7.621 5.522
20140726_002618 50 3 3000 117661523 0 49 0 0 7.612 5.523
20140726_002606 50 3 3000 141246882 0 44 0 0 7.612 5.491
20140726_002642 50 3 3000 263688301 0 47 0 0 7.621 5.523
20140726_002635 50 3 3000 420477893 0 49 0 0 7.708 5.523
20140726_002647 50 3 3000 50746969 0 44 0 0 7.633 5.522
20140726_002652 50 3 3000 533657980 0 49 0 0 7.600 5.522
20140726_002611 50 3 3000 681028781 0 44 0 0 7.583 5.491
20140726_002554 50 3 3000 919028296 0 54 0 0 7.667 5.569
20140726_002630 50 3 3000 967561224 0 38 0 0 7.676 5.554
20140726_002705 50 4 3000 103765041 0 70 0 0 10.041 7.395
20140726_002727 50 4 3000 105731136 0 54 0 0 9.942 7.317
20140726_002720 50 4 3000 117661523 0 77 0 0 9.969 7.364
20140726_002710 50 4 3000 141246882 0 45 0 0 9.962 7.332
20140726_002743 50 4 3000 263688301 0 58 0 0 9.974 7.364
20140726_002737 50 4 3000 420477893 0 51 0 0 9.950 7.332
20140726_002748 50 4 3000 50746969 0 58 0 0 9.974 7.379
20140726_002755 50 4 3000 533657980 0 68 0 0 9.923 7.301
20140726_002715 50 4 3000 681028781 0 58 0 0 9.945 7.317
20140726_002700 50 4 3000 919028296 0 58 0 0 9.951 7.301
20140726_002732 50 4 3000 967561224 0 49 0 0 9.968 7.332
20140726_002807 50 5 3000 103765041 0 82 0 0 12.535 9.36
20140726_002832 50 5 3000 105731136 0 60 0 0 12.511 9.36
20140726_002825 50 5 3000 117661523 0 73 0 0 12.500 9.297
20140726_002813 50 5 3000 141246882 0 82 0 0 12.632 9.329
20140726_002849 50 5 3000 263688301 0 86 0 0 12.586 9.422
20140726_002844 50 5 3000 420477893 0 73 0 0 12.574 9.392
20140726_002854 50 5 3000 50746969 0 89 0 0 12.559 9.328
20140726_002901 50 5 3000 533657980 0 85 0 0 12.555 9.376
20140726_002817 50 5 3000 681028781 0 72 0 0 12.592 9.329
20140726_002802 50 5 3000 919028296 0 90 0 0 12.528 9.329
20140726_002839 50 5 3000 967561224 0 72 0 0 12.542 9.314
20140726_002914 50 8 3000 103765041 0 121 0 0 19.910 14.867
20140726_002938 50 8 3000 105731136 0 107 0 0 19.979 14.867
20140726_002931 50 8 3000 117661523 0 128 0 0 20.138 14.883
20140726_002921 50 8 3000 141246882 0 103 0 0 19.789 14.742
20140726_002957 50 8 3000 263688301 0 109 0 0 20.097 14.836
20140726_002951 50 8 3000 420477893 0 120 0 0 19.993 14.945
20140726_003003 50 8 3000 50746969 0 121 0 0 20.547 14.852
20140726_003008 50 8 3000 533657980 0 130 0 0 20.233 14.898
20140726_002926 50 8 3000 681028781 0 119 0 0 20.075 14.82
20140726_002906 50 8 3000 919028296 0 124 0 0 19.601 14.774
20140726_002943 50 8 3000 967561224 0 122 0 0 19.842 14.758
20140726_003018 50 10 3000 103765041 0 152 0 0 25.352 18.752
20140726_003044 50 10 3000 105731136 0 138 0 0 25.464 18.845
20140726_003040 50 10 3000 117661523 0 146 0 0 25.141 18.705
20140726_003025 50 10 3000 141246882 0 133 0 0 25.014 18.891
20140726_003105 50 10 3000 263688301 0 136 0 0 24.649 18.642
20140726_003058 50 10 3000 420477893 0 155 0 0 25.590 18.861
20140726_003110 50 10 3000 50746969 0 151 0 0 24.945 18.75
20140726_003117 50 10 3000 533657980 0 165 0 0 24.591 18.611
20140726_003030 50 10 3000 681028781 0 140 0 0 25.858 18.612
20140726_003013 50 10 3000 919028296 0 158 0 0 25.216 18.72
20140726_003051 50 10 3000 967561224 0 153 0 0 24.748 18.549
20140726_003553 50 1 5000 103765041 11 0 10 0 2.840 1.794
20140726_003620 50 1 5000 105731136 11 0 10 0 2.824 1.794
20140726_003615 50 1 5000 117661523 18 0 16 0 2.840 1.794
20140726_003601 50 1 5000 141246882 13 0 12 0 2.843 1.794
20140726_003637 50 1 5000 263688301 7 0 7 0 2.852 1.778
20140726_003630 50 1 5000 420477893 11 0 11 0 2.843 1.794
20140726_003644 50 1 5000 50746969 9 0 9 0 2.841 1.81
20140726_003651 50 1 5000 533657980 11 0 10 0 2.837 1.794
20140726_003608 50 1 5000 681028781 10 0 10 0 2.838 1.794
20140726_003546 50 1 5000 919028296 14 0 13 0 2.847 1.794
20140726_003625 50 1 5000 967561224 10 0 8 0 2.838 1.794
20140726_003706 50 2 5000 103765041 0 23 0 0 5.216 3.634
20140726_003728 50 2 5000 105731136 0 20 0 0 5.177 3.588
20140726_003721 50 2 5000 117661523 0 30 0 0 5.191 3.62
20140726_003711 50 2 5000 141246882 0 10 0 0 5.206 3.634
20140726_003749 50 2 5000 263688301 0 14 0 0 5.220 3.603
20140726_003742 50 2 5000 420477893 0 17 0 0 5.177 3.619
20140726_003754 50 2 5000 50746969 0 12 0 0 5.203 3.635
20140726_003759 50 2 5000 533657980 0 25 0 0 5.187 3.619
20140726_003716 50 2 5000 681028781 0 19 0 0 5.223 3.635
20140726_003659 50 2 5000 919028296 0 18 0 0 5.177 3.604
20140726_003735 50 2 5000 967561224 0 12 0 0 5.169 3.619
20140726_003810 50 3 5000 103765041 0 24 0 0 7.623 5.507
20140726_003834 50 3 5000 105731136 0 28 0 0 7.573 5.46
20140726_003827 50 3 5000 117661523 0 31 0 1 7.600 5.476
20140726_003815 50 3 5000 141246882 0 28 0 0 7.566 5.475
20140726_003851 50 3 5000 263688301 0 27 0 0 7.579 5.476
20140726_003846 50 3 5000 420477893 0 26 0 0 7.632 5.523
20140726_003859 50 3 5000 50746969 0 29 0 0 7.610 5.476
20140726_003906 50 3 5000 533657980 0 23 0 0 7.594 5.522
20140726_003822 50 3 5000 681028781 0 28 0 0 7.601 5.491
20140726_003805 50 3 5000 919028296 0 35 0 0 7.625 5.506
20140726_003841 50 3 5000 967561224 0 20 0 0 7.651 5.553
20140726_003918 50 4 5000 103765041 0 38 0 0 9.917 7.239
20140726_003943 50 4 5000 105731136 0 26 0 0 9.927 7.317
20140726_003935 50 4 5000 117661523 0 51 0 0 9.948 7.332
20140726_003923 50 4 5000 141246882 0 29 0 0 9.906 7.269
20140726_004000 50 4 5000 263688301 0 30 0 0 9.921 7.3
20140726_003953 50 4 5000 420477893 0 30 0 0 9.970 7.363
20140726_004007 50 4 5000 50746969 0 31 0 0 9.917 7.254
20140726_004014 50 4 5000 533657980 0 42 0 0 9.895 7.286
20140726_003931 50 4 5000 681028781 0 32 0 0 9.909 7.301
20140726_003911 50 4 5000 919028296 0 39 0 0 9.894 7.254
20140726_003948 50 4 5000 967561224 0 28 0 0 9.917 7.317
20140726_004028 50 5 5000 103765041 0 41 0 0 12.519 9.345
20140726_004051 50 5 5000 105731136 0 42 0 0 12.528 9.251
20140726_004046 50 5 5000 117661523 0 48 0 0 12.587 9.36
20140726_004036 50 5 5000 141246882 0 44 0 0 12.512 9.283
20140726_004110 50 5 5000 263688301 0 46 0 0 12.587 9.406
20140726_004103 50 5 5000 420477893 0 49 0 0 12.480 9.328
20140726_004115 50 5 5000 50746969 0 44 0 0 12.479 9.329
20140726_004120 50 5 5000 533657980 0 48 0 0 12.581 9.359
20140726_004041 50 5 5000 681028781 0 44 0 0 12.548 9.329
20140726_004021 50 5 5000 919028296 0 54 0 0 12.507 9.36
20140726_004058 50 5 5000 967561224 0 38 0 0 12.491 9.313
20140726_004135 50 8 5000 103765041 0 79 0 0 20.085 14.773
20140726_004156 50 8 5000 105731136 0 62 0 0 20.118 14.711
20140726_004150 50 8 5000 117661523 0 87 0 0 19.927 14.71
20140726_004140 50 8 5000 141246882 0 60 0 0 20.077 14.726
20140726_004211 50 8 5000 263688301 0 64 0 0 20.304 14.882
20140726_004206 50 8 5000 420477893 0 61 0 0 20.186 14.836
20140726_004217 50 8 5000 50746969 0 69 0 0 20.089 14.774
20140726_004221 50 8 5000 533657980 0 76 0 0 20.022 14.835
20140726_004145 50 8 5000 681028781 0 70 0 0 20.193 14.773
20140726_004128 50 8 5000 919028296 0 76 0 0 19.731 14.664
20140726_004201 50 8 5000 967561224 0 61 0 0 20.051 14.773
20140726_004235 50 10 5000 103765041 0 92 0 0 25.308 18.704
20140726_004300 50 10 5000 105731136 0 74 0 0 25.133 18.611
20140726_004253 50 10 5000 117661523 0 106 0 0 25.107 18.674
20140726_004240 50 10 5000 141246882 0 73 0 0 25.316 18.705
20140726_004319 50 10 5000 263688301 0 79 0 0 24.934 18.751
20140726_004311 50 10 5000 420477893 0 78 0 0 25.075 18.689
20140726_004326 50 10 5000 50746969 0 90 0 0 24.829 18.83
20140726_004333 50 10 5000 533657980 0 98 0 0 24.456 18.58
20140726_004245 50 10 5000 681028781 0 92 0 0 25.318 18.564
20140726_004228 50 10 5000 919028296 0 97 0 0 24.922 18.689
20140726_004306 50 10 5000 967561224 0 84 0 0 25.561 18.47
