glitchvslife tests HL copies=var Audit=1yr Glitch=0,3333, dur=250,1000 lifem=var svrdeflife=0,100000,50000 seed21 
(is bad glitch worse than server finite life? ) 

Input data from 		 ../hl/data/GiantOutput_glitchvslife_20170522_00.txt 
Output analysis into 	 ../hl/tabs/analysis_glitchvslife_20170522_00.txt 

analysis tables by 		 ./ShelfAnalyze.r 	 20170514_131518EDT 
and summarize script 	 ./summ-glitchvslife-4.r 	 20170523_134326EDT 
at 	 20170523_134402EDT 

../hl/tabs/analysis_glitchvslife_20170522_00.txt 20170523_134402EDT 
glitchvslife tests HL copies=var Audit=1yr Glitch=0,3333, dur=250,1000 lifem=var svrdeflife=0,100000,50000 seed21 

Summary losses (midmeans)

    glitchfreq impact duration svrdeflife lifem copies lost midmean median Nreps
1            0      0        0          0    10      1      2951.88   2952    14
2            0      0        0          0    10      2       110.45    111    21
3            0      0        0          0    10      3         3.27      3    21
4            0      0        0          0    10      4         0.00      0    21
5            0      0        0          0    10      5         0.00      0    21
6            0      0        0          0    20      1      1595.55   1598    21
7            0      0        0          0    20      2        27.73     28    21
8            0      0        0          0    20      3         0.27      0    21
9            0      0        0          0    20      4         0.00      0    21
10           0      0        0          0    20      5         0.00      0    21
11           0      0        0          0    30      1      1093.91   1090    21
12           0      0        0          0    30      2        13.27     13    21
13           0      0        0          0    30      3         0.00      0    21
14           0      0        0          0    30      4         0.00      0    21
15           0      0        0          0    30      5         0.00      0    21
16           0      0        0          0    50      1       676.09    677    21
17           0      0        0          0    50      2         4.64      5    21
18           0      0        0          0    50      3         0.00      0    21
19           0      0        0          0    50      4         0.00      0    21
20           0      0        0          0    50      5         0.00      0    21
21           0      0        0          0   100      1       342.64    342    21
22           0      0        0          0   100      2         0.82      1    21
23           0      0        0          0   100      3         0.00      0    21
24           0      0        0          0   100      4         0.00      0    21
25           0      0        0          0   100      5         0.00      0    21
26           0      0        0          0   200      1       170.91    169    21
27           0      0        0          0   200      2         0.09      0    21
28           0      0        0          0   200      3         0.00      0    21
29           0      0        0          0   200      4         0.00      0    21
30           0      0        0          0   200      5         0.00      0    21
31           0      0        0          0   300      1       114.64    115    21
32           0      0        0          0   300      2         0.00      0    21
33           0      0        0          0   300      3         0.00      0    21
34           0      0        0          0   300      4         0.00      0    21
35           0      0        0          0   300      5         0.00      0    21
36           0      0        0          0   500      1        71.36     72    21
37           0      0        0          0   500      2         0.00      0    21
38           0      0        0          0   500      3         0.00      0    21
39           0      0        0          0   500      4         0.00      0    21
40           0      0        0          0   500      5         0.00      0    21
41           0      0        0          0  1000      1        34.91     35    21
42           0      0        0          0  1000      2         0.00      0    21
43           0      0        0          0  1000      3         0.00      0    21
44           0      0        0          0  1000      4         0.00      0    21
45           0      0        0          0  1000      5         0.00      0    21
46           0      0        0      50000    10      1     10000.00  10000    21
47           0      0        0      50000    10      2       983.91   1042    21
48           0      0        0      50000    10      3       132.45     55    21
49           0      0        0      50000    10      4         8.82      9    21
50           0      0        0      50000    10      5         0.82      1    21
51           0      0        0      50000    20      1     10000.00  10000    21
52           0      0        0      50000    20      2       480.36    507    21
53           0      0        0      50000    20      3        53.55     14    21
54           0      0        0      50000    20      4         2.36      2    21
55           0      0        0      50000    20      5         0.00      0    21
56           0      0        0      50000    30      1     10000.00  10000    21
57           0      0        0      50000    30      2       321.09    335    21
58           0      0        0      50000    30      3        35.82      6    21
59           0      0        0      50000    30      4         0.73      1    21
60           0      0        0      50000    30      5         0.00      0    21
61           0      0        0      50000    50      1     10000.00  10000    21
62           0      0        0      50000    50      2       197.36    206    21
63           0      0        0      50000    50      3        19.09      3    21
64           0      0        0      50000    50      4         0.09      0    21
65           0      0        0      50000    50      5         0.00      0    21
66           0      0        0      50000   100      1     10000.00  10000    21
67           0      0        0      50000   100      2       100.36    107    21
68           0      0        0      50000   100      3         8.09      0    21
69           0      0        0      50000   100      4         0.00      0    21
70           0      0        0      50000   100      5         0.00      0    21
71           0      0        0      50000   200      1     10000.00  10000    21
72           0      0        0      50000   200      2        48.82     47    21
73           0      0        0      50000   200      3         2.91      0    21
74           0      0        0      50000   200      4         0.00      0    21
75           0      0        0      50000   200      5         0.00      0    21
76           0      0        0      50000   300      1     10000.00  10000    21
77           0      0        0      50000   300      2        31.45     31    21
78           0      0        0      50000   300      3         2.64      0    21
79           0      0        0      50000   300      4         0.00      0    21
80           0      0        0      50000   300      5         0.00      0    21
81           0      0        0      50000   500      1     10000.00  10000    21
82           0      0        0      50000   500      2        19.82     16    21
83           0      0        0      50000   500      3         1.82      0    21
84           0      0        0      50000   500      4         0.00      0    21
85           0      0        0      50000   500      5         0.00      0    21
86           0      0        0      50000  1000      1     10000.00  10000    21
87           0      0        0      50000  1000      2        10.27      9    21
88           0      0        0      50000  1000      3         0.55      0    21
89           0      0        0      50000  1000      4         0.00      0    21
90           0      0        0      50000  1000      5         0.00      0    21
91           0      0        0     100000    10      1      9362.18  10000    21
92           0      0        0     100000    10      2       678.18    757    21
93           0      0        0     100000    10      3        38.64     34    21
94           0      0        0     100000    10      4         3.18      2    21
95           0      0        0     100000    10      5         0.09      0    21
96           0      0        0     100000    20      1      9238.55  10000    21
97           0      0        0     100000    20      2       317.09    354    21
98           0      0        0     100000    20      3         9.00      6    21
99           0      0        0     100000    20      4         0.64      0    21
100          0      0        0     100000    20      5         0.00      0    21
101          0      0        0     100000    30      1      9193.36  10000    21
102          0      0        0     100000    30      2       201.55    221    21
103          0      0        0     100000    30      3         3.27      3    21
104          0      0        0     100000    30      4         0.09      0    21
105          0      0        0     100000    30      5         0.00      0    21
106          0      0        0     100000    50      1      9155.27  10000    21
107          0      0        0     100000    50      2       124.73    137    21
108          0      0        0     100000    50      3         1.27      1    21
109          0      0        0     100000    50      4         0.00      0    21
110          0      0        0     100000    50      5         0.00      0    21
111          0      0        0     100000   100      1      9123.82  10000    21
112          0      0        0     100000   100      2        58.00     56    21
113          0      0        0     100000   100      3         0.27      0    21
114          0      0        0     100000   100      4         0.00      0    21
115          0      0        0     100000   100      5         0.00      0    21
116          0      0        0     100000   200      1      9106.82  10000    21
117          0      0        0     100000   200      2        31.45     32    21
118          0      0        0     100000   200      3         0.00      0    21
119          0      0        0     100000   200      4         0.00      0    21
120          0      0        0     100000   200      5         0.00      0    21
121          0      0        0     100000   300      1      9102.00  10000    21
122          0      0        0     100000   300      2        21.36     20    21
123          0      0        0     100000   300      3         0.00      0    21
124          0      0        0     100000   300      4         0.00      0    21
125          0      0        0     100000   300      5         0.00      0    21
126          0      0        0     100000   500      1      9097.91  10000    21
127          0      0        0     100000   500      2        13.27     12    21
128          0      0        0     100000   500      3         0.00      0    21
129          0      0        0     100000   500      4         0.00      0    21
130          0      0        0     100000   500      5         0.00      0    21
131          0      0        0     100000  1000      1      9094.82  10000    21
132          0      0        0     100000  1000      2         5.91      6    21
133          0      0        0     100000  1000      3         0.00      0    21
134          0      0        0     100000  1000      4         0.00      0    21
135          0      0        0     100000  1000      5         0.00      0    21
136       3333     50      250          0    10      1      3043.82   3043    21
137       3333     50      250          0    10      2       128.09    129    21
138       3333     50      250          0    10      3         4.64      4    21
139       3333     50      250          0    10      4         0.00      0    21
140       3333     50      250          0    10      5         0.00      0    21
141       3333     50      250          0    20      1      1659.82   1662    21
142       3333     50      250          0    20      2        32.73     33    21
143       3333     50      250          0    20      3         0.36      0    21
144       3333     50      250          0    20      4         0.00      0    21
145       3333     50      250          0    20      5         0.00      0    21
146       3333     50      250          0    30      1      1136.55   1136    21
147       3333     50      250          0    30      2        14.91     15    21
148       3333     50      250          0    30      3         0.00      0    21
149       3333     50      250          0    30      4         0.00      0    21
150       3333     50      250          0    30      5         0.00      0    21
151       3333     50      250          0    50      1       706.09    706    21
152       3333     50      250          0    50      2         4.91      5    21
153       3333     50      250          0    50      3         0.00      0    21
154       3333     50      250          0    50      4         0.00      0    21
155       3333     50      250          0    50      5         0.00      0    21
156       3333     50      250          0   100      1       355.09    355    21
157       3333     50      250          0   100      2         1.27      1    21
158       3333     50      250          0   100      3         0.00      0    21
159       3333     50      250          0   100      4         0.00      0    21
160       3333     50      250          0   100      5         0.00      0    21
161       3333     50      250          0   200      1       176.91    177    21
162       3333     50      250          0   200      2         0.00      0    21
163       3333     50      250          0   200      3         0.00      0    21
164       3333     50      250          0   200      4         0.00      0    21
165       3333     50      250          0   200      5         0.00      0    21
166       3333     50      250          0   300      1       119.09    118    21
167       3333     50      250          0   300      2         0.00      0    21
168       3333     50      250          0   300      3         0.00      0    21
169       3333     50      250          0   300      4         0.00      0    21
170       3333     50      250          0   300      5         0.00      0    21
171       3333     50      250          0   500      1        72.27     70    21
172       3333     50      250          0   500      2         0.00      0    21
173       3333     50      250          0   500      3         0.00      0    21
174       3333     50      250          0   500      4         0.00      0    21
175       3333     50      250          0   500      5         0.00      0    21
176       3333     50      250          0  1000      1        37.73     38    21
177       3333     50      250          0  1000      2         0.00      0    21
178       3333     50      250          0  1000      3         0.00      0    21
179       3333     50      250          0  1000      4         0.00      0    21
180       3333     50      250          0  1000      5         0.00      0    21
181       3333     50      250     100000    10      1      9372.00  10000    21
182       3333     50      250     100000    10      2       709.18    765    21
183       3333     50      250     100000    10      3        37.55     33    21
184       3333     50      250     100000    10      4         5.09      4    21
185       3333     50      250     100000    10      5         0.09      0    21
186       3333     50      250     100000    20      1      9243.45  10000    21
187       3333     50      250     100000    20      2       333.18    343    21
188       3333     50      250     100000    20      3        10.55     10    21
189       3333     50      250     100000    20      4         0.64      0    21
190       3333     50      250     100000    20      5         0.00      0    21
191       3333     50      250     100000    30      1      9198.45  10000    21
192       3333     50      250     100000    30      2       212.82    229    21
193       3333     50      250     100000    30      3         4.27      4    21
194       3333     50      250     100000    30      4         0.00      0    21
195       3333     50      250     100000    30      5         0.00      0    21
196       3333     50      250     100000    50      1      9157.45  10000    21
197       3333     50      250     100000    50      2       128.64    136    21
198       3333     50      250     100000    50      3         1.36      1    21
199       3333     50      250     100000    50      4         0.00      0    21
200       3333     50      250     100000    50      5         0.00      0    21
201       3333     50      250     100000   100      1      9123.82  10000    21
202       3333     50      250     100000   100      2        62.82     71    21
203       3333     50      250     100000   100      3         0.64      1    21
204       3333     50      250     100000   100      4         0.00      0    21
205       3333     50      250     100000   100      5         0.00      0    21
206       3333     50      250     100000   200      1      9107.64  10000    21
207       3333     50      250     100000   200      2        30.73     33    21
208       3333     50      250     100000   200      3         0.18      0    21
209       3333     50      250     100000   200      4         0.00      0    21
210       3333     50      250     100000   200      5         0.00      0    21
211       3333     50      250     100000   300      1      9102.27  10000    21
212       3333     50      250     100000   300      2        21.45     21    21
213       3333     50      250     100000   300      3         0.09      0    21
214       3333     50      250     100000   300      4         0.00      0    21
215       3333     50      250     100000   300      5         0.00      0    21
216       3333     50      250     100000   500      1      9098.00  10000    21
217       3333     50      250     100000   500      2        13.00     13    21
218       3333     50      250     100000   500      3         0.00      0    21
219       3333     50      250     100000   500      4         0.00      0    21
220       3333     50      250     100000   500      5         0.00      0    21
221       3333     50      250     100000  1000      1      9095.18  10000    21
222       3333     50      250     100000  1000      2         6.36      7    21
223       3333     50      250     100000  1000      3         0.00      0    21
224       3333     50      250     100000  1000      4         0.00      0    21
225       3333     50      250     100000  1000      5         0.00      0    21
226       3333     50     1000          0    10      1      3382.18   3392    21
227       3333     50     1000          0    10      2       161.00    159    21
228       3333     50     1000          0    10      3         6.91      6    21
229       3333     50     1000          0    10      4         0.00      0    21
230       3333     50     1000          0    10      5         0.00      0    21
231       3333     50     1000          0    20      1      1839.36   1836    21
232       3333     50     1000          0    20      2        39.73     40    21
233       3333     50     1000          0    20      3         0.55      1    21
234       3333     50     1000          0    20      4         0.00      0    21
235       3333     50     1000          0    20      5         0.00      0    21
236       3333     50     1000          0    30      1      1260.09   1261    21
237       3333     50     1000          0    30      2        18.73     20    21
238       3333     50     1000          0    30      3         0.00      0    21
239       3333     50     1000          0    30      4         0.00      0    21
240       3333     50     1000          0    30      5         0.00      0    21
241       3333     50     1000          0    50      1       793.82    790    21
242       3333     50     1000          0    50      2         6.18      6    21
243       3333     50     1000          0    50      3         0.00      0    21
244       3333     50     1000          0    50      4         0.00      0    21
245       3333     50     1000          0    50      5         0.00      0    21
246       3333     50     1000          0   100      1       400.00    401    21
247       3333     50     1000          0   100      2         1.18      1    21
248       3333     50     1000          0   100      3         0.00      0    21
249       3333     50     1000          0   100      4         0.00      0    21
250       3333     50     1000          0   100      5         0.00      0    21
251       3333     50     1000          0   200      1       196.45    196    21
252       3333     50     1000          0   200      2         0.36      0    21
253       3333     50     1000          0   200      3         0.00      0    21
254       3333     50     1000          0   200      4         0.00      0    21
255       3333     50     1000          0   200      5         0.00      0    21
256       3333     50     1000          0   300      1       131.00    130    21
257       3333     50     1000          0   300      2         0.00      0    21
258       3333     50     1000          0   300      3         0.00      0    21
259       3333     50     1000          0   300      4         0.00      0    21
260       3333     50     1000          0   300      5         0.00      0    21
261       3333     50     1000          0   500      1        79.55     79    21
262       3333     50     1000          0   500      2         0.00      0    21
263       3333     50     1000          0   500      3         0.00      0    21
264       3333     50     1000          0   500      4         0.00      0    21
265       3333     50     1000          0   500      5         0.00      0    21
266       3333     50     1000          0  1000      1        39.55     39    21
267       3333     50     1000          0  1000      2         0.00      0    21
268       3333     50     1000          0  1000      3         0.00      0    21
269       3333     50     1000          0  1000      4         0.00      0    21
270       3333     50     1000          0  1000      5         0.00      0    21
271       3333     50     1000     100000    10      1      9414.55  10000    21
272       3333     50     1000     100000    10      2       818.82    880    21
273       3333     50     1000     100000    10      3        50.82     47    21
274       3333     50     1000     100000    10      4         6.55      4    21
275       3333     50     1000     100000    10      5         0.27      0    21
276       3333     50     1000     100000    20      1      9259.45  10000    21
277       3333     50     1000     100000    20      2       375.18    388    21
278       3333     50     1000     100000    20      3        13.36     11    21
279       3333     50     1000     100000    20      4         1.27      1    21
280       3333     50     1000     100000    20      5         0.00      0    21
281       3333     50     1000     100000    30      1      9209.82  10000    21
282       3333     50     1000     100000    30      2       242.55    255    21
283       3333     50     1000     100000    30      3         5.64      6    21
284       3333     50     1000     100000    30      4         0.36      0    21
285       3333     50     1000     100000    30      5         0.00      0    21
286       3333     50     1000     100000    50      1      9167.73  10000    21
287       3333     50     1000     100000    50      2       151.82    170    21
288       3333     50     1000     100000    50      3         1.55      1    21
289       3333     50     1000     100000    50      4         0.00      0    21
290       3333     50     1000     100000    50      5         0.00      0    21
291       3333     50     1000     100000   100      1      9129.45  10000    21
292       3333     50     1000     100000   100      2        77.18     81    21
293       3333     50     1000     100000   100      3         0.55      0    21
294       3333     50     1000     100000   100      4         0.00      0    21
295       3333     50     1000     100000   100      5         0.00      0    21
296       3333     50     1000     100000   200      1      9110.09  10000    21
297       3333     50     1000     100000   200      2        35.00     35    21
298       3333     50     1000     100000   200      3         0.18      0    21
299       3333     50     1000     100000   200      4         0.00      0    21
300       3333     50     1000     100000   200      5         0.00      0    21
301       3333     50     1000     100000   300      1      9103.09  10000    21
302       3333     50     1000     100000   300      2        23.36     20    21
303       3333     50     1000     100000   300      3         0.00      0    21
304       3333     50     1000     100000   300      4         0.00      0    21
305       3333     50     1000     100000   300      5         0.00      0    21
306       3333     50     1000     100000   500      1      9098.55  10000    21
307       3333     50     1000     100000   500      2        13.91     13    21
308       3333     50     1000     100000   500      3         0.09      0    21
309       3333     50     1000     100000   500      4         0.00      0    21
310       3333     50     1000     100000   500      5         0.00      0    21
311       3333     50     1000     100000  1000      1      9095.18  10000    21
312       3333     50     1000     100000  1000      2         6.55      7    21
313       3333     50     1000     100000  1000      3         0.00      0    21
314       3333     50     1000     100000  1000      4         0.00      0    21
315       3333     50     1000     100000  1000      5         0.00      0    21
316       3333     90      250          0    10      1      3865.73   3844    21
317       3333     90      250          0    10      2       226.55    228    21
318       3333     90      250          0    10      3        10.73     10    21
319       3333     90      250          0    10      4         0.45      0    21
320       3333     90      250          0    10      5         0.00      0    21
321       3333     90      250          0    20      1      2152.82   2159    21
322       3333     90      250          0    20      2        54.36     54    21
323       3333     90      250          0    20      3         1.45      1    21
324       3333     90      250          0    20      4         0.00      0    21
325       3333     90      250          0    20      5         0.00      0    21
326       3333     90      250          0    30      1      1482.45   1505    21
327       3333     90      250          0    30      2        23.55     24    21
328       3333     90      250          0    30      3         0.00      0    21
329       3333     90      250          0    30      4         0.00      0    21
330       3333     90      250          0    30      5         0.00      0    21
331       3333     90      250          0    50      1       878.91    886    21
332       3333     90      250          0    50      2         8.18      8    21
333       3333     90      250          0    50      3         0.00      0    21
334       3333     90      250          0    50      4         0.00      0    21
335       3333     90      250          0    50      5         0.00      0    21
336       3333     90      250          0   100      1       422.18    423    21
337       3333     90      250          0   100      2         2.18      2    21
338       3333     90      250          0   100      3         0.00      0    21
339       3333     90      250          0   100      4         0.00      0    21
340       3333     90      250          0   100      5         0.00      0    21
341       3333     90      250          0   200      1       200.18    199    21
342       3333     90      250          0   200      2         0.09      0    21
343       3333     90      250          0   200      3         0.00      0    21
344       3333     90      250          0   200      4         0.00      0    21
345       3333     90      250          0   200      5         0.00      0    21
346       3333     90      250          0   300      1       128.36    129    21
347       3333     90      250          0   300      2         0.00      0    21
348       3333     90      250          0   300      3         0.00      0    21
349       3333     90      250          0   300      4         0.00      0    21
350       3333     90      250          0   300      5         0.00      0    21
351       3333     90      250          0   500      1        79.64     80    21
352       3333     90      250          0   500      2         0.00      0    21
353       3333     90      250          0   500      3         0.00      0    21
354       3333     90      250          0   500      4         0.00      0    21
355       3333     90      250          0   500      5         0.00      0    21
356       3333     90      250          0  1000      1        38.73     38    21
357       3333     90      250          0  1000      2         0.00      0    21
358       3333     90      250          0  1000      3         0.00      0    21
359       3333     90      250          0  1000      4         0.00      0    21
360       3333     90      250          0  1000      5         0.00      0    21
361       3333     90      250     100000    10      1      9458.82  10000    21
362       3333     90      250     100000    10      2       997.82   1047    21
363       3333     90      250     100000    10      3        72.64     68    21
364       3333     90      250     100000    10      4        10.55      9    21
365       3333     90      250     100000    10      5         0.64      1    21
366       3333     90      250     100000    20      1      9294.45  10000    21
367       3333     90      250     100000    20      2       431.45    460    21
368       3333     90      250     100000    20      3        15.64     14    21
369       3333     90      250     100000    20      4         1.36      1    21
370       3333     90      250     100000    20      5         0.27      0    21
371       3333     90      250     100000    30      1      9239.82  10000    21
372       3333     90      250     100000    30      2       295.82    316    21
373       3333     90      250     100000    30      3         6.82      6    21
374       3333     90      250     100000    30      4         0.55      0    21
375       3333     90      250     100000    30      5         0.00      0    21
376       3333     90      250     100000    50      1      9176.91  10000    21
377       3333     90      250     100000    50      2       155.91    152    21
378       3333     90      250     100000    50      3         1.91      1    21
379       3333     90      250     100000    50      4         0.18      0    21
380       3333     90      250     100000    50      5         0.00      0    21
381       3333     90      250     100000   100      1      9134.09  10000    21
382       3333     90      250     100000   100      2        70.36     74    21
383       3333     90      250     100000   100      3         0.73      1    21
384       3333     90      250     100000   100      4         0.00      0    21
385       3333     90      250     100000   100      5         0.00      0    21
386       3333     90      250     100000   200      1      9109.36  10000    21
387       3333     90      250     100000   200      2        36.36     36    21
388       3333     90      250     100000   200      3         0.09      0    21
389       3333     90      250     100000   200      4         0.00      0    21
390       3333     90      250     100000   200      5         0.00      0    21
391       3333     90      250     100000   300      1      9102.36  10000    21
392       3333     90      250     100000   300      2        22.27     22    21
393       3333     90      250     100000   300      3         0.18      0    21
394       3333     90      250     100000   300      4         0.00      0    21
395       3333     90      250     100000   300      5         0.00      0    21
396       3333     90      250     100000   500      1      9099.09  10000    21
397       3333     90      250     100000   500      2        11.73     10    21
398       3333     90      250     100000   500      3         0.00      0    21
399       3333     90      250     100000   500      4         0.00      0    21
400       3333     90      250     100000   500      5         0.00      0    21
401       3333     90      250     100000  1000      1      9095.09  10000    21
402       3333     90      250     100000  1000      2         7.09      6    21
403       3333     90      250     100000  1000      3         0.00      0    21
404       3333     90      250     100000  1000      4         0.00      0    21
405       3333     90      250     100000  1000      5         0.00      0    21
406       3333     90     1000          0    10      1      5949.45   5948    21
407       3333     90     1000          0    10      2       701.55    700    21
408       3333     90     1000          0    10      3        74.00     76    21
409       3333     90     1000          0    10      4         4.18      4    21
410       3333     90     1000          0    10      5         0.36      0    21
411       3333     90     1000          0    20      1      3603.36   3557    21
412       3333     90     1000          0    20      2       194.00    204    21
413       3333     90     1000          0    20      3         7.09      7    21
414       3333     90     1000          0    20      4         0.00      0    21
415       3333     90     1000          0    20      5         0.00      0    21
416       3333     90     1000          0    30      1      2644.55   2646    21
417       3333     90     1000          0    30      2        85.64     83    21
418       3333     90     1000          0    30      3         2.45      3    21
419       3333     90     1000          0    30      4         0.00      0    21
420       3333     90     1000          0    30      5         0.00      0    21
421       3333     90     1000          0    50      1      1618.18   1608    21
422       3333     90     1000          0    50      2        28.64     28    21
423       3333     90     1000          0    50      3         0.00      0    21
424       3333     90     1000          0    50      4         0.00      0    21
425       3333     90     1000          0    50      5         0.00      0    21
426       3333     90     1000          0   100      1       818.18    808    21
427       3333     90     1000          0   100      2         7.27      6    21
428       3333     90     1000          0   100      3         0.00      0    21
429       3333     90     1000          0   100      4         0.00      0    21
430       3333     90     1000          0   100      5         0.00      0    21
431       3333     90     1000          0   200      1       395.27    406    21
432       3333     90     1000          0   200      2         1.45      1    21
433       3333     90     1000          0   200      3         0.00      0    21
434       3333     90     1000          0   200      4         0.00      0    21
435       3333     90     1000          0   200      5         0.00      0    21
436       3333     90     1000          0   300      1       237.18    240    21
437       3333     90     1000          0   300      2         0.36      0    21
438       3333     90     1000          0   300      3         0.00      0    21
439       3333     90     1000          0   300      4         0.00      0    21
440       3333     90     1000          0   300      5         0.00      0    21
441       3333     90     1000          0   500      1       136.82    137    21
442       3333     90     1000          0   500      2         0.00      0    21
443       3333     90     1000          0   500      3         0.00      0    21
444       3333     90     1000          0   500      4         0.00      0    21
445       3333     90     1000          0   500      5         0.00      0    21
446       3333     90     1000          0  1000      1        63.27     63    21
447       3333     90     1000          0  1000      2         0.00      0    21
448       3333     90     1000          0  1000      3         0.00      0    21
449       3333     90     1000          0  1000      4         0.00      0    21
450       3333     90     1000          0  1000      5         0.00      0    21
451       3333     90     1000     100000    10      1      9659.27  10000    21
452       3333     90     1000     100000    10      2      1941.45   1982    21
453       3333     90     1000     100000    10      3       263.64    263    21
454       3333     90     1000     100000    10      4        39.45     30    21
455       3333     90     1000     100000    10      5         4.09      4    21
456       3333     90     1000     100000    20      1      9444.09  10000    21
457       3333     90     1000     100000    20      2       860.64    857    21
458       3333     90     1000     100000    20      3        59.09     54    21
459       3333     90     1000     100000    20      4         5.82      4    21
460       3333     90     1000     100000    20      5         0.36      0    21
461       3333     90     1000     100000    30      1      9364.45  10000    21
462       3333     90     1000     100000    30      2       562.36    489    21
463       3333     90     1000     100000    30      3        22.27     20    21
464       3333     90     1000     100000    30      4         2.45      1    21
465       3333     90     1000     100000    30      5         0.00      0    21
466       3333     90     1000     100000    50      1      9269.64  10000    21
467       3333     90     1000     100000    50      2       332.73    322    21
468       3333     90     1000     100000    50      3         8.91      9    21
469       3333     90     1000     100000    50      4         0.45      0    21
470       3333     90     1000     100000    50      5         0.00      0    21
471       3333     90     1000     100000   100      1      9182.27  10000    21
472       3333     90     1000     100000   100      2       159.82    189    21
473       3333     90     1000     100000   100      3         3.00      3    21
474       3333     90     1000     100000   100      4         0.00      0    21
475       3333     90     1000     100000   100      5         0.00      0    21
476       3333     90     1000     100000   200      1      9128.27  10000    21
477       3333     90     1000     100000   200      2        61.55     55    21
478       3333     90     1000     100000   200      3         1.00      1    21
479       3333     90     1000     100000   200      4         0.00      0    21
480       3333     90     1000     100000   200      5         0.00      0    21
481       3333     90     1000     100000   300      1      9117.18  10000    21
482       3333     90     1000     100000   300      2        42.55     44    21
483       3333     90     1000     100000   300      3         0.27      0    21
484       3333     90     1000     100000   300      4         0.00      0    21
485       3333     90     1000     100000   300      5         0.00      0    21
486       3333     90     1000     100000   500      1      9104.82  10000    21
487       3333     90     1000     100000   500      2        20.55     22    21
488       3333     90     1000     100000   500      3         0.00      0    21
489       3333     90     1000     100000   500      4         0.00      0    21
490       3333     90     1000     100000   500      5         0.00      0    21
491       3333     90     1000     100000  1000      1      9097.45  10000    21
492       3333     90     1000     100000  1000      2         9.91      8    21
493       3333     90     1000     100000  1000      3         0.00      0    21
494       3333     90     1000     100000  1000      4         0.00      0    21
495       3333     90     1000     100000  1000      5         0.00      0    21

../hl/tabs/analysis_glitchvslife_20170522_00.txt 20170523_134403EDT 
glitchvslife tests HL copies=var Audit=1yr Glitch=0,3333, dur=250,1000 lifem=var svrdeflife=0,100000,50000 seed21 

Percentage losses (midmeans)

    glitchfreq impact duration svrdeflife lifem copies lost midmean median Nreps
1            0      0        0          0    10      1      29.5188  29.52    14
2            0      0        0          0    10      2       1.1045   1.11    21
3            0      0        0          0    10      3       0.0327   0.03    21
4            0      0        0          0    10      4       0.0000   0.00    21
5            0      0        0          0    10      5       0.0000   0.00    21
6            0      0        0          0    20      1      15.9555  15.98    21
7            0      0        0          0    20      2       0.2773   0.28    21
8            0      0        0          0    20      3       0.0027   0.00    21
9            0      0        0          0    20      4       0.0000   0.00    21
10           0      0        0          0    20      5       0.0000   0.00    21
11           0      0        0          0    30      1      10.9391  10.90    21
12           0      0        0          0    30      2       0.1327   0.13    21
13           0      0        0          0    30      3       0.0000   0.00    21
14           0      0        0          0    30      4       0.0000   0.00    21
15           0      0        0          0    30      5       0.0000   0.00    21
16           0      0        0          0    50      1       6.7609   6.77    21
17           0      0        0          0    50      2       0.0464   0.05    21
18           0      0        0          0    50      3       0.0000   0.00    21
19           0      0        0          0    50      4       0.0000   0.00    21
20           0      0        0          0    50      5       0.0000   0.00    21
21           0      0        0          0   100      1       3.4264   3.42    21
22           0      0        0          0   100      2       0.0082   0.01    21
23           0      0        0          0   100      3       0.0000   0.00    21
24           0      0        0          0   100      4       0.0000   0.00    21
25           0      0        0          0   100      5       0.0000   0.00    21
26           0      0        0          0   200      1       1.7091   1.69    21
27           0      0        0          0   200      2       0.0009   0.00    21
28           0      0        0          0   200      3       0.0000   0.00    21
29           0      0        0          0   200      4       0.0000   0.00    21
30           0      0        0          0   200      5       0.0000   0.00    21
31           0      0        0          0   300      1       1.1464   1.15    21
32           0      0        0          0   300      2       0.0000   0.00    21
33           0      0        0          0   300      3       0.0000   0.00    21
34           0      0        0          0   300      4       0.0000   0.00    21
35           0      0        0          0   300      5       0.0000   0.00    21
36           0      0        0          0   500      1       0.7136   0.72    21
37           0      0        0          0   500      2       0.0000   0.00    21
38           0      0        0          0   500      3       0.0000   0.00    21
39           0      0        0          0   500      4       0.0000   0.00    21
40           0      0        0          0   500      5       0.0000   0.00    21
41           0      0        0          0  1000      1       0.3491   0.35    21
42           0      0        0          0  1000      2       0.0000   0.00    21
43           0      0        0          0  1000      3       0.0000   0.00    21
44           0      0        0          0  1000      4       0.0000   0.00    21
45           0      0        0          0  1000      5       0.0000   0.00    21
46           0      0        0      50000    10      1     100.0000 100.00    21
47           0      0        0      50000    10      2       9.8391  10.42    21
48           0      0        0      50000    10      3       1.3245   0.55    21
49           0      0        0      50000    10      4       0.0882   0.09    21
50           0      0        0      50000    10      5       0.0082   0.01    21
51           0      0        0      50000    20      1     100.0000 100.00    21
52           0      0        0      50000    20      2       4.8036   5.07    21
53           0      0        0      50000    20      3       0.5355   0.14    21
54           0      0        0      50000    20      4       0.0236   0.02    21
55           0      0        0      50000    20      5       0.0000   0.00    21
56           0      0        0      50000    30      1     100.0000 100.00    21
57           0      0        0      50000    30      2       3.2109   3.35    21
58           0      0        0      50000    30      3       0.3582   0.06    21
59           0      0        0      50000    30      4       0.0073   0.01    21
60           0      0        0      50000    30      5       0.0000   0.00    21
61           0      0        0      50000    50      1     100.0000 100.00    21
62           0      0        0      50000    50      2       1.9736   2.06    21
63           0      0        0      50000    50      3       0.1909   0.03    21
64           0      0        0      50000    50      4       0.0009   0.00    21
65           0      0        0      50000    50      5       0.0000   0.00    21
66           0      0        0      50000   100      1     100.0000 100.00    21
67           0      0        0      50000   100      2       1.0036   1.07    21
68           0      0        0      50000   100      3       0.0809   0.00    21
69           0      0        0      50000   100      4       0.0000   0.00    21
70           0      0        0      50000   100      5       0.0000   0.00    21
71           0      0        0      50000   200      1     100.0000 100.00    21
72           0      0        0      50000   200      2       0.4882   0.47    21
73           0      0        0      50000   200      3       0.0291   0.00    21
74           0      0        0      50000   200      4       0.0000   0.00    21
75           0      0        0      50000   200      5       0.0000   0.00    21
76           0      0        0      50000   300      1     100.0000 100.00    21
77           0      0        0      50000   300      2       0.3145   0.31    21
78           0      0        0      50000   300      3       0.0264   0.00    21
79           0      0        0      50000   300      4       0.0000   0.00    21
80           0      0        0      50000   300      5       0.0000   0.00    21
81           0      0        0      50000   500      1     100.0000 100.00    21
82           0      0        0      50000   500      2       0.1982   0.16    21
83           0      0        0      50000   500      3       0.0182   0.00    21
84           0      0        0      50000   500      4       0.0000   0.00    21
85           0      0        0      50000   500      5       0.0000   0.00    21
86           0      0        0      50000  1000      1     100.0000 100.00    21
87           0      0        0      50000  1000      2       0.1027   0.09    21
88           0      0        0      50000  1000      3       0.0055   0.00    21
89           0      0        0      50000  1000      4       0.0000   0.00    21
90           0      0        0      50000  1000      5       0.0000   0.00    21
91           0      0        0     100000    10      1      93.6218 100.00    21
92           0      0        0     100000    10      2       6.7818   7.57    21
93           0      0        0     100000    10      3       0.3864   0.34    21
94           0      0        0     100000    10      4       0.0318   0.02    21
95           0      0        0     100000    10      5       0.0009   0.00    21
96           0      0        0     100000    20      1      92.3855 100.00    21
97           0      0        0     100000    20      2       3.1709   3.54    21
98           0      0        0     100000    20      3       0.0900   0.06    21
99           0      0        0     100000    20      4       0.0064   0.00    21
100          0      0        0     100000    20      5       0.0000   0.00    21
101          0      0        0     100000    30      1      91.9336 100.00    21
102          0      0        0     100000    30      2       2.0155   2.21    21
103          0      0        0     100000    30      3       0.0327   0.03    21
104          0      0        0     100000    30      4       0.0009   0.00    21
105          0      0        0     100000    30      5       0.0000   0.00    21
106          0      0        0     100000    50      1      91.5527 100.00    21
107          0      0        0     100000    50      2       1.2473   1.37    21
108          0      0        0     100000    50      3       0.0127   0.01    21
109          0      0        0     100000    50      4       0.0000   0.00    21
110          0      0        0     100000    50      5       0.0000   0.00    21
111          0      0        0     100000   100      1      91.2382 100.00    21
112          0      0        0     100000   100      2       0.5800   0.56    21
113          0      0        0     100000   100      3       0.0027   0.00    21
114          0      0        0     100000   100      4       0.0000   0.00    21
115          0      0        0     100000   100      5       0.0000   0.00    21
116          0      0        0     100000   200      1      91.0682 100.00    21
117          0      0        0     100000   200      2       0.3145   0.32    21
118          0      0        0     100000   200      3       0.0000   0.00    21
119          0      0        0     100000   200      4       0.0000   0.00    21
120          0      0        0     100000   200      5       0.0000   0.00    21
121          0      0        0     100000   300      1      91.0200 100.00    21
122          0      0        0     100000   300      2       0.2136   0.20    21
123          0      0        0     100000   300      3       0.0000   0.00    21
124          0      0        0     100000   300      4       0.0000   0.00    21
125          0      0        0     100000   300      5       0.0000   0.00    21
126          0      0        0     100000   500      1      90.9791 100.00    21
127          0      0        0     100000   500      2       0.1327   0.12    21
128          0      0        0     100000   500      3       0.0000   0.00    21
129          0      0        0     100000   500      4       0.0000   0.00    21
130          0      0        0     100000   500      5       0.0000   0.00    21
131          0      0        0     100000  1000      1      90.9482 100.00    21
132          0      0        0     100000  1000      2       0.0591   0.06    21
133          0      0        0     100000  1000      3       0.0000   0.00    21
134          0      0        0     100000  1000      4       0.0000   0.00    21
135          0      0        0     100000  1000      5       0.0000   0.00    21
136       3333     50      250          0    10      1      30.4382  30.43    21
137       3333     50      250          0    10      2       1.2809   1.29    21
138       3333     50      250          0    10      3       0.0464   0.04    21
139       3333     50      250          0    10      4       0.0000   0.00    21
140       3333     50      250          0    10      5       0.0000   0.00    21
141       3333     50      250          0    20      1      16.5982  16.62    21
142       3333     50      250          0    20      2       0.3273   0.33    21
143       3333     50      250          0    20      3       0.0036   0.00    21
144       3333     50      250          0    20      4       0.0000   0.00    21
145       3333     50      250          0    20      5       0.0000   0.00    21
146       3333     50      250          0    30      1      11.3655  11.36    21
147       3333     50      250          0    30      2       0.1491   0.15    21
148       3333     50      250          0    30      3       0.0000   0.00    21
149       3333     50      250          0    30      4       0.0000   0.00    21
150       3333     50      250          0    30      5       0.0000   0.00    21
151       3333     50      250          0    50      1       7.0609   7.06    21
152       3333     50      250          0    50      2       0.0491   0.05    21
153       3333     50      250          0    50      3       0.0000   0.00    21
154       3333     50      250          0    50      4       0.0000   0.00    21
155       3333     50      250          0    50      5       0.0000   0.00    21
156       3333     50      250          0   100      1       3.5509   3.55    21
157       3333     50      250          0   100      2       0.0127   0.01    21
158       3333     50      250          0   100      3       0.0000   0.00    21
159       3333     50      250          0   100      4       0.0000   0.00    21
160       3333     50      250          0   100      5       0.0000   0.00    21
161       3333     50      250          0   200      1       1.7691   1.77    21
162       3333     50      250          0   200      2       0.0000   0.00    21
163       3333     50      250          0   200      3       0.0000   0.00    21
164       3333     50      250          0   200      4       0.0000   0.00    21
165       3333     50      250          0   200      5       0.0000   0.00    21
166       3333     50      250          0   300      1       1.1909   1.18    21
167       3333     50      250          0   300      2       0.0000   0.00    21
168       3333     50      250          0   300      3       0.0000   0.00    21
169       3333     50      250          0   300      4       0.0000   0.00    21
170       3333     50      250          0   300      5       0.0000   0.00    21
171       3333     50      250          0   500      1       0.7227   0.70    21
172       3333     50      250          0   500      2       0.0000   0.00    21
173       3333     50      250          0   500      3       0.0000   0.00    21
174       3333     50      250          0   500      4       0.0000   0.00    21
175       3333     50      250          0   500      5       0.0000   0.00    21
176       3333     50      250          0  1000      1       0.3773   0.38    21
177       3333     50      250          0  1000      2       0.0000   0.00    21
178       3333     50      250          0  1000      3       0.0000   0.00    21
179       3333     50      250          0  1000      4       0.0000   0.00    21
180       3333     50      250          0  1000      5       0.0000   0.00    21
181       3333     50      250     100000    10      1      93.7200 100.00    21
182       3333     50      250     100000    10      2       7.0918   7.65    21
183       3333     50      250     100000    10      3       0.3755   0.33    21
184       3333     50      250     100000    10      4       0.0509   0.04    21
185       3333     50      250     100000    10      5       0.0009   0.00    21
186       3333     50      250     100000    20      1      92.4345 100.00    21
187       3333     50      250     100000    20      2       3.3318   3.43    21
188       3333     50      250     100000    20      3       0.1055   0.10    21
189       3333     50      250     100000    20      4       0.0064   0.00    21
190       3333     50      250     100000    20      5       0.0000   0.00    21
191       3333     50      250     100000    30      1      91.9845 100.00    21
192       3333     50      250     100000    30      2       2.1282   2.29    21
193       3333     50      250     100000    30      3       0.0427   0.04    21
194       3333     50      250     100000    30      4       0.0000   0.00    21
195       3333     50      250     100000    30      5       0.0000   0.00    21
196       3333     50      250     100000    50      1      91.5745 100.00    21
197       3333     50      250     100000    50      2       1.2864   1.36    21
198       3333     50      250     100000    50      3       0.0136   0.01    21
199       3333     50      250     100000    50      4       0.0000   0.00    21
200       3333     50      250     100000    50      5       0.0000   0.00    21
201       3333     50      250     100000   100      1      91.2382 100.00    21
202       3333     50      250     100000   100      2       0.6282   0.71    21
203       3333     50      250     100000   100      3       0.0064   0.01    21
204       3333     50      250     100000   100      4       0.0000   0.00    21
205       3333     50      250     100000   100      5       0.0000   0.00    21
206       3333     50      250     100000   200      1      91.0764 100.00    21
207       3333     50      250     100000   200      2       0.3073   0.33    21
208       3333     50      250     100000   200      3       0.0018   0.00    21
209       3333     50      250     100000   200      4       0.0000   0.00    21
210       3333     50      250     100000   200      5       0.0000   0.00    21
211       3333     50      250     100000   300      1      91.0227 100.00    21
212       3333     50      250     100000   300      2       0.2145   0.21    21
213       3333     50      250     100000   300      3       0.0009   0.00    21
214       3333     50      250     100000   300      4       0.0000   0.00    21
215       3333     50      250     100000   300      5       0.0000   0.00    21
216       3333     50      250     100000   500      1      90.9800 100.00    21
217       3333     50      250     100000   500      2       0.1300   0.13    21
218       3333     50      250     100000   500      3       0.0000   0.00    21
219       3333     50      250     100000   500      4       0.0000   0.00    21
220       3333     50      250     100000   500      5       0.0000   0.00    21
221       3333     50      250     100000  1000      1      90.9518 100.00    21
222       3333     50      250     100000  1000      2       0.0636   0.07    21
223       3333     50      250     100000  1000      3       0.0000   0.00    21
224       3333     50      250     100000  1000      4       0.0000   0.00    21
225       3333     50      250     100000  1000      5       0.0000   0.00    21
226       3333     50     1000          0    10      1      33.8218  33.92    21
227       3333     50     1000          0    10      2       1.6100   1.59    21
228       3333     50     1000          0    10      3       0.0691   0.06    21
229       3333     50     1000          0    10      4       0.0000   0.00    21
230       3333     50     1000          0    10      5       0.0000   0.00    21
231       3333     50     1000          0    20      1      18.3936  18.36    21
232       3333     50     1000          0    20      2       0.3973   0.40    21
233       3333     50     1000          0    20      3       0.0055   0.01    21
234       3333     50     1000          0    20      4       0.0000   0.00    21
235       3333     50     1000          0    20      5       0.0000   0.00    21
236       3333     50     1000          0    30      1      12.6009  12.61    21
237       3333     50     1000          0    30      2       0.1873   0.20    21
238       3333     50     1000          0    30      3       0.0000   0.00    21
239       3333     50     1000          0    30      4       0.0000   0.00    21
240       3333     50     1000          0    30      5       0.0000   0.00    21
241       3333     50     1000          0    50      1       7.9382   7.90    21
242       3333     50     1000          0    50      2       0.0618   0.06    21
243       3333     50     1000          0    50      3       0.0000   0.00    21
244       3333     50     1000          0    50      4       0.0000   0.00    21
245       3333     50     1000          0    50      5       0.0000   0.00    21
246       3333     50     1000          0   100      1       4.0000   4.01    21
247       3333     50     1000          0   100      2       0.0118   0.01    21
248       3333     50     1000          0   100      3       0.0000   0.00    21
249       3333     50     1000          0   100      4       0.0000   0.00    21
250       3333     50     1000          0   100      5       0.0000   0.00    21
251       3333     50     1000          0   200      1       1.9645   1.96    21
252       3333     50     1000          0   200      2       0.0036   0.00    21
253       3333     50     1000          0   200      3       0.0000   0.00    21
254       3333     50     1000          0   200      4       0.0000   0.00    21
255       3333     50     1000          0   200      5       0.0000   0.00    21
256       3333     50     1000          0   300      1       1.3100   1.30    21
257       3333     50     1000          0   300      2       0.0000   0.00    21
258       3333     50     1000          0   300      3       0.0000   0.00    21
259       3333     50     1000          0   300      4       0.0000   0.00    21
260       3333     50     1000          0   300      5       0.0000   0.00    21
261       3333     50     1000          0   500      1       0.7955   0.79    21
262       3333     50     1000          0   500      2       0.0000   0.00    21
263       3333     50     1000          0   500      3       0.0000   0.00    21
264       3333     50     1000          0   500      4       0.0000   0.00    21
265       3333     50     1000          0   500      5       0.0000   0.00    21
266       3333     50     1000          0  1000      1       0.3955   0.39    21
267       3333     50     1000          0  1000      2       0.0000   0.00    21
268       3333     50     1000          0  1000      3       0.0000   0.00    21
269       3333     50     1000          0  1000      4       0.0000   0.00    21
270       3333     50     1000          0  1000      5       0.0000   0.00    21
271       3333     50     1000     100000    10      1      94.1455 100.00    21
272       3333     50     1000     100000    10      2       8.1882   8.80    21
273       3333     50     1000     100000    10      3       0.5082   0.47    21
274       3333     50     1000     100000    10      4       0.0655   0.04    21
275       3333     50     1000     100000    10      5       0.0027   0.00    21
276       3333     50     1000     100000    20      1      92.5945 100.00    21
277       3333     50     1000     100000    20      2       3.7518   3.88    21
278       3333     50     1000     100000    20      3       0.1336   0.11    21
279       3333     50     1000     100000    20      4       0.0127   0.01    21
280       3333     50     1000     100000    20      5       0.0000   0.00    21
281       3333     50     1000     100000    30      1      92.0982 100.00    21
282       3333     50     1000     100000    30      2       2.4255   2.55    21
283       3333     50     1000     100000    30      3       0.0564   0.06    21
284       3333     50     1000     100000    30      4       0.0036   0.00    21
285       3333     50     1000     100000    30      5       0.0000   0.00    21
286       3333     50     1000     100000    50      1      91.6773 100.00    21
287       3333     50     1000     100000    50      2       1.5182   1.70    21
288       3333     50     1000     100000    50      3       0.0155   0.01    21
289       3333     50     1000     100000    50      4       0.0000   0.00    21
290       3333     50     1000     100000    50      5       0.0000   0.00    21
291       3333     50     1000     100000   100      1      91.2945 100.00    21
292       3333     50     1000     100000   100      2       0.7718   0.81    21
293       3333     50     1000     100000   100      3       0.0055   0.00    21
294       3333     50     1000     100000   100      4       0.0000   0.00    21
295       3333     50     1000     100000   100      5       0.0000   0.00    21
296       3333     50     1000     100000   200      1      91.1009 100.00    21
297       3333     50     1000     100000   200      2       0.3500   0.35    21
298       3333     50     1000     100000   200      3       0.0018   0.00    21
299       3333     50     1000     100000   200      4       0.0000   0.00    21
300       3333     50     1000     100000   200      5       0.0000   0.00    21
301       3333     50     1000     100000   300      1      91.0309 100.00    21
302       3333     50     1000     100000   300      2       0.2336   0.20    21
303       3333     50     1000     100000   300      3       0.0000   0.00    21
304       3333     50     1000     100000   300      4       0.0000   0.00    21
305       3333     50     1000     100000   300      5       0.0000   0.00    21
306       3333     50     1000     100000   500      1      90.9855 100.00    21
307       3333     50     1000     100000   500      2       0.1391   0.13    21
308       3333     50     1000     100000   500      3       0.0009   0.00    21
309       3333     50     1000     100000   500      4       0.0000   0.00    21
310       3333     50     1000     100000   500      5       0.0000   0.00    21
311       3333     50     1000     100000  1000      1      90.9518 100.00    21
312       3333     50     1000     100000  1000      2       0.0655   0.07    21
313       3333     50     1000     100000  1000      3       0.0000   0.00    21
314       3333     50     1000     100000  1000      4       0.0000   0.00    21
315       3333     50     1000     100000  1000      5       0.0000   0.00    21
316       3333     90      250          0    10      1      38.6573  38.44    21
317       3333     90      250          0    10      2       2.2655   2.28    21
318       3333     90      250          0    10      3       0.1073   0.10    21
319       3333     90      250          0    10      4       0.0045   0.00    21
320       3333     90      250          0    10      5       0.0000   0.00    21
321       3333     90      250          0    20      1      21.5282  21.59    21
322       3333     90      250          0    20      2       0.5436   0.54    21
323       3333     90      250          0    20      3       0.0145   0.01    21
324       3333     90      250          0    20      4       0.0000   0.00    21
325       3333     90      250          0    20      5       0.0000   0.00    21
326       3333     90      250          0    30      1      14.8245  15.05    21
327       3333     90      250          0    30      2       0.2355   0.24    21
328       3333     90      250          0    30      3       0.0000   0.00    21
329       3333     90      250          0    30      4       0.0000   0.00    21
330       3333     90      250          0    30      5       0.0000   0.00    21
331       3333     90      250          0    50      1       8.7891   8.86    21
332       3333     90      250          0    50      2       0.0818   0.08    21
333       3333     90      250          0    50      3       0.0000   0.00    21
334       3333     90      250          0    50      4       0.0000   0.00    21
335       3333     90      250          0    50      5       0.0000   0.00    21
336       3333     90      250          0   100      1       4.2218   4.23    21
337       3333     90      250          0   100      2       0.0218   0.02    21
338       3333     90      250          0   100      3       0.0000   0.00    21
339       3333     90      250          0   100      4       0.0000   0.00    21
340       3333     90      250          0   100      5       0.0000   0.00    21
341       3333     90      250          0   200      1       2.0018   1.99    21
342       3333     90      250          0   200      2       0.0009   0.00    21
343       3333     90      250          0   200      3       0.0000   0.00    21
344       3333     90      250          0   200      4       0.0000   0.00    21
345       3333     90      250          0   200      5       0.0000   0.00    21
346       3333     90      250          0   300      1       1.2836   1.29    21
347       3333     90      250          0   300      2       0.0000   0.00    21
348       3333     90      250          0   300      3       0.0000   0.00    21
349       3333     90      250          0   300      4       0.0000   0.00    21
350       3333     90      250          0   300      5       0.0000   0.00    21
351       3333     90      250          0   500      1       0.7964   0.80    21
352       3333     90      250          0   500      2       0.0000   0.00    21
353       3333     90      250          0   500      3       0.0000   0.00    21
354       3333     90      250          0   500      4       0.0000   0.00    21
355       3333     90      250          0   500      5       0.0000   0.00    21
356       3333     90      250          0  1000      1       0.3873   0.38    21
357       3333     90      250          0  1000      2       0.0000   0.00    21
358       3333     90      250          0  1000      3       0.0000   0.00    21
359       3333     90      250          0  1000      4       0.0000   0.00    21
360       3333     90      250          0  1000      5       0.0000   0.00    21
361       3333     90      250     100000    10      1      94.5882 100.00    21
362       3333     90      250     100000    10      2       9.9782  10.47    21
363       3333     90      250     100000    10      3       0.7264   0.68    21
364       3333     90      250     100000    10      4       0.1055   0.09    21
365       3333     90      250     100000    10      5       0.0064   0.01    21
366       3333     90      250     100000    20      1      92.9445 100.00    21
367       3333     90      250     100000    20      2       4.3145   4.60    21
368       3333     90      250     100000    20      3       0.1564   0.14    21
369       3333     90      250     100000    20      4       0.0136   0.01    21
370       3333     90      250     100000    20      5       0.0027   0.00    21
371       3333     90      250     100000    30      1      92.3982 100.00    21
372       3333     90      250     100000    30      2       2.9582   3.16    21
373       3333     90      250     100000    30      3       0.0682   0.06    21
374       3333     90      250     100000    30      4       0.0055   0.00    21
375       3333     90      250     100000    30      5       0.0000   0.00    21
376       3333     90      250     100000    50      1      91.7691 100.00    21
377       3333     90      250     100000    50      2       1.5591   1.52    21
378       3333     90      250     100000    50      3       0.0191   0.01    21
379       3333     90      250     100000    50      4       0.0018   0.00    21
380       3333     90      250     100000    50      5       0.0000   0.00    21
381       3333     90      250     100000   100      1      91.3409 100.00    21
382       3333     90      250     100000   100      2       0.7036   0.74    21
383       3333     90      250     100000   100      3       0.0073   0.01    21
384       3333     90      250     100000   100      4       0.0000   0.00    21
385       3333     90      250     100000   100      5       0.0000   0.00    21
386       3333     90      250     100000   200      1      91.0936 100.00    21
387       3333     90      250     100000   200      2       0.3636   0.36    21
388       3333     90      250     100000   200      3       0.0009   0.00    21
389       3333     90      250     100000   200      4       0.0000   0.00    21
390       3333     90      250     100000   200      5       0.0000   0.00    21
391       3333     90      250     100000   300      1      91.0236 100.00    21
392       3333     90      250     100000   300      2       0.2227   0.22    21
393       3333     90      250     100000   300      3       0.0018   0.00    21
394       3333     90      250     100000   300      4       0.0000   0.00    21
395       3333     90      250     100000   300      5       0.0000   0.00    21
396       3333     90      250     100000   500      1      90.9909 100.00    21
397       3333     90      250     100000   500      2       0.1173   0.10    21
398       3333     90      250     100000   500      3       0.0000   0.00    21
399       3333     90      250     100000   500      4       0.0000   0.00    21
400       3333     90      250     100000   500      5       0.0000   0.00    21
401       3333     90      250     100000  1000      1      90.9509 100.00    21
402       3333     90      250     100000  1000      2       0.0709   0.06    21
403       3333     90      250     100000  1000      3       0.0000   0.00    21
404       3333     90      250     100000  1000      4       0.0000   0.00    21
405       3333     90      250     100000  1000      5       0.0000   0.00    21
406       3333     90     1000          0    10      1      59.4945  59.48    21
407       3333     90     1000          0    10      2       7.0155   7.00    21
408       3333     90     1000          0    10      3       0.7400   0.76    21
409       3333     90     1000          0    10      4       0.0418   0.04    21
410       3333     90     1000          0    10      5       0.0036   0.00    21
411       3333     90     1000          0    20      1      36.0336  35.57    21
412       3333     90     1000          0    20      2       1.9400   2.04    21
413       3333     90     1000          0    20      3       0.0709   0.07    21
414       3333     90     1000          0    20      4       0.0000   0.00    21
415       3333     90     1000          0    20      5       0.0000   0.00    21
416       3333     90     1000          0    30      1      26.4455  26.46    21
417       3333     90     1000          0    30      2       0.8564   0.83    21
418       3333     90     1000          0    30      3       0.0245   0.03    21
419       3333     90     1000          0    30      4       0.0000   0.00    21
420       3333     90     1000          0    30      5       0.0000   0.00    21
421       3333     90     1000          0    50      1      16.1818  16.08    21
422       3333     90     1000          0    50      2       0.2864   0.28    21
423       3333     90     1000          0    50      3       0.0000   0.00    21
424       3333     90     1000          0    50      4       0.0000   0.00    21
425       3333     90     1000          0    50      5       0.0000   0.00    21
426       3333     90     1000          0   100      1       8.1818   8.08    21
427       3333     90     1000          0   100      2       0.0727   0.06    21
428       3333     90     1000          0   100      3       0.0000   0.00    21
429       3333     90     1000          0   100      4       0.0000   0.00    21
430       3333     90     1000          0   100      5       0.0000   0.00    21
431       3333     90     1000          0   200      1       3.9527   4.06    21
432       3333     90     1000          0   200      2       0.0145   0.01    21
433       3333     90     1000          0   200      3       0.0000   0.00    21
434       3333     90     1000          0   200      4       0.0000   0.00    21
435       3333     90     1000          0   200      5       0.0000   0.00    21
436       3333     90     1000          0   300      1       2.3718   2.40    21
437       3333     90     1000          0   300      2       0.0036   0.00    21
438       3333     90     1000          0   300      3       0.0000   0.00    21
439       3333     90     1000          0   300      4       0.0000   0.00    21
440       3333     90     1000          0   300      5       0.0000   0.00    21
441       3333     90     1000          0   500      1       1.3682   1.37    21
442       3333     90     1000          0   500      2       0.0000   0.00    21
443       3333     90     1000          0   500      3       0.0000   0.00    21
444       3333     90     1000          0   500      4       0.0000   0.00    21
445       3333     90     1000          0   500      5       0.0000   0.00    21
446       3333     90     1000          0  1000      1       0.6327   0.63    21
447       3333     90     1000          0  1000      2       0.0000   0.00    21
448       3333     90     1000          0  1000      3       0.0000   0.00    21
449       3333     90     1000          0  1000      4       0.0000   0.00    21
450       3333     90     1000          0  1000      5       0.0000   0.00    21
451       3333     90     1000     100000    10      1      96.5927 100.00    21
452       3333     90     1000     100000    10      2      19.4145  19.82    21
453       3333     90     1000     100000    10      3       2.6364   2.63    21
454       3333     90     1000     100000    10      4       0.3945   0.30    21
455       3333     90     1000     100000    10      5       0.0409   0.04    21
456       3333     90     1000     100000    20      1      94.4409 100.00    21
457       3333     90     1000     100000    20      2       8.6064   8.57    21
458       3333     90     1000     100000    20      3       0.5909   0.54    21
459       3333     90     1000     100000    20      4       0.0582   0.04    21
460       3333     90     1000     100000    20      5       0.0036   0.00    21
461       3333     90     1000     100000    30      1      93.6445 100.00    21
462       3333     90     1000     100000    30      2       5.6236   4.89    21
463       3333     90     1000     100000    30      3       0.2227   0.20    21
464       3333     90     1000     100000    30      4       0.0245   0.01    21
465       3333     90     1000     100000    30      5       0.0000   0.00    21
466       3333     90     1000     100000    50      1      92.6964 100.00    21
467       3333     90     1000     100000    50      2       3.3273   3.22    21
468       3333     90     1000     100000    50      3       0.0891   0.09    21
469       3333     90     1000     100000    50      4       0.0045   0.00    21
470       3333     90     1000     100000    50      5       0.0000   0.00    21
471       3333     90     1000     100000   100      1      91.8227 100.00    21
472       3333     90     1000     100000   100      2       1.5982   1.89    21
473       3333     90     1000     100000   100      3       0.0300   0.03    21
474       3333     90     1000     100000   100      4       0.0000   0.00    21
475       3333     90     1000     100000   100      5       0.0000   0.00    21
476       3333     90     1000     100000   200      1      91.2827 100.00    21
477       3333     90     1000     100000   200      2       0.6155   0.55    21
478       3333     90     1000     100000   200      3       0.0100   0.01    21
479       3333     90     1000     100000   200      4       0.0000   0.00    21
480       3333     90     1000     100000   200      5       0.0000   0.00    21
481       3333     90     1000     100000   300      1      91.1718 100.00    21
482       3333     90     1000     100000   300      2       0.4255   0.44    21
483       3333     90     1000     100000   300      3       0.0027   0.00    21
484       3333     90     1000     100000   300      4       0.0000   0.00    21
485       3333     90     1000     100000   300      5       0.0000   0.00    21
486       3333     90     1000     100000   500      1      91.0482 100.00    21
487       3333     90     1000     100000   500      2       0.2055   0.22    21
488       3333     90     1000     100000   500      3       0.0000   0.00    21
489       3333     90     1000     100000   500      4       0.0000   0.00    21
490       3333     90     1000     100000   500      5       0.0000   0.00    21
491       3333     90     1000     100000  1000      1      90.9745 100.00    21
492       3333     90     1000     100000  1000      2       0.0991   0.08    21
493       3333     90     1000     100000  1000      3       0.0000   0.00    21
494       3333     90     1000     100000  1000      4       0.0000   0.00    21
495       3333     90     1000     100000  1000      5       0.0000   0.00    21


